Date,Open,High,Low,Close,Adj Close,Volume
1972-06-01 00:00:00-04:00,,,,,,
1972-06-02 00:00:00-04:00,,,,,,
1972-06-05 00:00:00-04:00,,,,,,
1972-06-06 00:00:00-04:00,,,,,,
1972-06-07 00:00:00-04:00,,,,,,
1972-06-08 00:00:00-04:00,,,,,,
1972-06-09 00:00:00-04:00,,,,,,
1972-06-12 00:00:00-04:00,,,,,,
1972-06-13 00:00:00-04:00,,,,,,
1972-06-14 00:00:00-04:00,,,,,,
1972-06-15 00:00:00-04:00,,,,,,
1972-06-16 00:00:00-04:00,,,,,,
1972-06-19 00:00:00-04:00,,,,,,
1972-06-20 00:00:00-04:00,,,,,,
1972-06-21 00:00:00-04:00,,,,,,
1972-06-22 00:00:00-04:00,,,,,,
1972-06-23 00:00:00-04:00,,,,,,
1972-06-26 00:00:00-04:00,,,,,,
1972-06-27 00:00:00-04:00,,,,,,
1972-06-28 00:00:00-04:00,,,,,,
1972-06-29 00:00:00-04:00,,,,,,
1972-06-30 00:00:00-04:00,,,,,,
1972-07-03 00:00:00-04:00,,,,,,
1972-07-05 00:00:00-04:00,,,,,,
1972-07-06 00:00:00-04:00,,,,,,
1972-07-07 00:00:00-04:00,,,,,,
1972-07-10 00:00:00-04:00,,,,,,
1972-07-11 00:00:00-04:00,,,,,,
1972-07-12 00:00:00-04:00,,,,,,
1972-07-13 00:00:00-04:00,,,,,,
1972-07-14 00:00:00-04:00,,,,,,
1972-07-17 00:00:00-04:00,,,,,,
1972-07-18 00:00:00-04:00,,,,,,
1972-07-19 00:00:00-04:00,,,,,,
1972-07-20 00:00:00-04:00,,,,,,
1972-07-21 00:00:00-04:00,,,,,,
1972-07-24 00:00:00-04:00,,,,,,
1972-07-25 00:00:00-04:00,,,,,,
1972-07-26 00:00:00-04:00,,,,,,
1972-07-27 00:00:00-04:00,,,,,,
1972-07-28 00:00:00-04:00,,,,,,
1972-07-31 00:00:00-04:00,,,,,,
1972-08-01 00:00:00-04:00,,,,,,
1972-08-02 00:00:00-04:00,,,,,,
1972-08-03 00:00:00-04:00,,,,,,
1972-08-04 00:00:00-04:00,,,,,,
1972-08-07 00:00:00-04:00,,,,,,
1972-08-08 00:00:00-04:00,,,,,,
1972-08-09 00:00:00-04:00,,,,,,
1972-08-10 00:00:00-04:00,,,,,,
1972-08-11 00:00:00-04:00,,,,,,
1972-08-14 00:00:00-04:00,,,,,,
1972-08-15 00:00:00-04:00,,,,,,
1972-08-16 00:00:00-04:00,,,,,,
1972-08-17 00:00:00-04:00,,,,,,
1972-08-18 00:00:00-04:00,,,,,,
1972-08-21 00:00:00-04:00,,,,,,
1972-08-22 00:00:00-04:00,,,,,,
1972-08-23 00:00:00-04:00,,,,,,
1972-08-24 00:00:00-04:00,,,,,,
1972-08-25 00:00:00-04:00,,,,,,
1972-08-28 00:00:00-04:00,,,,,,
1972-08-29 00:00:00-04:00,,,,,,
1972-08-30 00:00:00-04:00,,,,,,
1972-08-31 00:00:00-04:00,,,,,,
1972-09-01 00:00:00-04:00,,,,,,
1972-09-05 00:00:00-04:00,,,,,,
1972-09-06 00:00:00-04:00,,,,,,
1972-09-07 00:00:00-04:00,,,,,,
1972-09-08 00:00:00-04:00,,,,,,
1972-09-11 00:00:00-04:00,,,,,,
1972-09-12 00:00:00-04:00,,,,,,
1972-09-13 00:00:00-04:00,,,,,,
1972-09-14 00:00:00-04:00,,,,,,
1972-09-15 00:00:00-04:00,,,,,,
1972-09-18 00:00:00-04:00,,,,,,
1972-09-19 00:00:00-04:00,,,,,,
1972-09-20 00:00:00-04:00,,,,,,
1972-09-21 00:00:00-04:00,,,,,,
1972-09-22 00:00:00-04:00,,,,,,
1972-09-25 00:00:00-04:00,,,,,,
1972-09-26 00:00:00-04:00,,,,,,
1972-09-27 00:00:00-04:00,,,,,,
1972-09-28 00:00:00-04:00,,,,,,
1972-09-29 00:00:00-04:00,,,,,,
1972-10-02 00:00:00-04:00,,,,,,
1972-10-03 00:00:00-04:00,,,,,,
1972-10-04 00:00:00-04:00,,,,,,
1972-10-05 00:00:00-04:00,,,,,,
1972-10-06 00:00:00-04:00,,,,,,
1972-10-09 00:00:00-04:00,,,,,,
1972-10-10 00:00:00-04:00,,,,,,
1972-10-11 00:00:00-04:00,,,,,,
1972-10-12 00:00:00-04:00,,,,,,
1972-10-13 00:00:00-04:00,,,,,,
1972-10-16 00:00:00-04:00,,,,,,
1972-10-17 00:00:00-04:00,,,,,,
1972-10-18 00:00:00-04:00,,,,,,
1972-10-19 00:00:00-04:00,,,,,,
1972-10-20 00:00:00-04:00,,,,,,
1972-10-23 00:00:00-04:00,,,,,,
1972-10-24 00:00:00-04:00,,,,,,
1972-10-25 00:00:00-04:00,,,,,,
1972-10-26 00:00:00-04:00,,,,,,
1972-10-27 00:00:00-04:00,,,,,,
1972-10-30 00:00:00-05:00,,,,,,
1972-10-31 00:00:00-05:00,,,,,,
1972-11-01 00:00:00-05:00,,,,,,
1972-11-02 00:00:00-05:00,,,,,,
1972-11-03 00:00:00-05:00,,,,,,
1972-11-06 00:00:00-05:00,,,,,,
1972-11-08 00:00:00-05:00,,,,,,
1972-11-09 00:00:00-05:00,,,,,,
1972-11-10 00:00:00-05:00,,,,,,
1972-11-13 00:00:00-05:00,,,,,,
1972-11-14 00:00:00-05:00,,,,,,
1972-11-15 00:00:00-05:00,,,,,,
1972-11-16 00:00:00-05:00,,,,,,
1972-11-17 00:00:00-05:00,,,,,,
1972-11-20 00:00:00-05:00,,,,,,
1972-11-21 00:00:00-05:00,,,,,,
1972-11-22 00:00:00-05:00,,,,,,
1972-11-24 00:00:00-05:00,,,,,,
1972-11-27 00:00:00-05:00,,,,,,
1972-11-28 00:00:00-05:00,,,,,,
1972-11-29 00:00:00-05:00,,,,,,
1972-11-30 00:00:00-05:00,,,,,,
1972-12-01 00:00:00-05:00,,,,,,
1972-12-04 00:00:00-05:00,,,,,,
1972-12-05 00:00:00-05:00,,,,,,
1972-12-06 00:00:00-05:00,,,,,,
1972-12-07 00:00:00-05:00,,,,,,
1972-12-08 00:00:00-05:00,,,,,,
1972-12-11 00:00:00-05:00,,,,,,
1972-12-12 00:00:00-05:00,,,,,,
1972-12-13 00:00:00-05:00,,,,,,
1972-12-14 00:00:00-05:00,,,,,,
1972-12-15 00:00:00-05:00,,,,,,
1972-12-18 00:00:00-05:00,,,,,,
1972-12-19 00:00:00-05:00,,,,,,
1972-12-20 00:00:00-05:00,,,,,,
1972-12-21 00:00:00-05:00,,,,,,
1972-12-22 00:00:00-05:00,,,,,,
1972-12-26 00:00:00-05:00,,,,,,
1972-12-27 00:00:00-05:00,,,,,,
1972-12-29 00:00:00-05:00,,,,,,
1973-01-02 00:00:00-05:00,,,,,,
1973-01-03 00:00:00-05:00,,,,,,
1973-01-04 00:00:00-05:00,,,,,,
1973-01-05 00:00:00-05:00,,,,,,
1973-01-08 00:00:00-05:00,,,,,,
1973-01-09 00:00:00-05:00,,,,,,
1973-01-10 00:00:00-05:00,,,,,,
1973-01-11 00:00:00-05:00,,,,,,
1973-01-12 00:00:00-05:00,,,,,,
1973-01-15 00:00:00-05:00,,,,,,
1973-01-16 00:00:00-05:00,,,,,,
1973-01-17 00:00:00-05:00,,,,,,
1973-01-18 00:00:00-05:00,,,,,,
1973-01-19 00:00:00-05:00,,,,,,
1973-01-22 00:00:00-05:00,,,,,,
1973-01-23 00:00:00-05:00,,,,,,
1973-01-24 00:00:00-05:00,,,,,,
1973-01-26 00:00:00-05:00,,,,,,
1973-01-29 00:00:00-05:00,,,,,,
1973-01-30 00:00:00-05:00,,,,,,
1973-01-31 00:00:00-05:00,,,,,,
1973-02-01 00:00:00-05:00,,,,,,
1973-02-02 00:00:00-05:00,,,,,,
1973-02-05 00:00:00-05:00,,,,,,
1973-02-06 00:00:00-05:00,,,,,,
1973-02-07 00:00:00-05:00,,,,,,
1973-02-08 00:00:00-05:00,,,,,,
1973-02-09 00:00:00-05:00,,,,,,
1973-02-12 00:00:00-05:00,,,,,,
1973-02-13 00:00:00-05:00,,,,,,
1973-02-14 00:00:00-05:00,,,,,,
1973-02-15 00:00:00-05:00,,,,,,
1973-02-16 00:00:00-05:00,,,,,,
1973-02-20 00:00:00-05:00,,,,,,
1973-02-21 00:00:00-05:00,,,,,,
1973-02-22 00:00:00-05:00,,,,,,
1973-02-23 00:00:00-05:00,,,,,,
1973-02-26 00:00:00-05:00,,,,,,
1973-02-27 00:00:00-05:00,,,,,,
1973-02-28 00:00:00-05:00,,,,,,
1973-03-01 00:00:00-05:00,,,,,,
1973-03-02 00:00:00-05:00,,,,,,
1973-03-05 00:00:00-05:00,,,,,,
1973-03-06 00:00:00-05:00,,,,,,
1973-03-07 00:00:00-05:00,,,,,,
1973-03-08 00:00:00-05:00,,,,,,
1973-03-09 00:00:00-05:00,,,,,,
1973-03-12 00:00:00-05:00,,,,,,
1973-03-13 00:00:00-05:00,,,,,,
1973-03-14 00:00:00-05:00,,,,,,
1973-03-15 00:00:00-05:00,,,,,,
1973-03-16 00:00:00-05:00,,,,,,
1973-03-19 00:00:00-05:00,,,,,,
1973-03-20 00:00:00-05:00,,,,,,
1973-03-21 00:00:00-05:00,,,,,,
1973-03-22 00:00:00-05:00,,,,,,
1973-03-23 00:00:00-05:00,,,,,,
1973-03-26 00:00:00-05:00,,,,,,
1973-03-27 00:00:00-05:00,,,,,,
1973-03-28 00:00:00-05:00,,,,,,
1973-03-29 00:00:00-05:00,,,,,,
1973-03-30 00:00:00-05:00,,,,,,
1973-04-02 00:00:00-05:00,,,,,,
1973-04-03 00:00:00-05:00,,,,,,
1973-04-04 00:00:00-05:00,,,,,,
1973-04-05 00:00:00-05:00,,,,,,
1973-04-06 00:00:00-05:00,,,,,,
1973-04-09 00:00:00-05:00,,,,,,
1973-04-10 00:00:00-05:00,,,,,,
1973-04-11 00:00:00-05:00,,,,,,
1973-04-12 00:00:00-05:00,,,,,,
1973-04-13 00:00:00-05:00,,,,,,
1973-04-16 00:00:00-05:00,,,,,,
1973-04-17 00:00:00-05:00,,,,,,
1973-04-18 00:00:00-05:00,,,,,,
1973-04-19 00:00:00-05:00,,,,,,
1973-04-23 00:00:00-05:00,,,,,,
1973-04-24 00:00:00-05:00,,,,,,
1973-04-25 00:00:00-05:00,,,,,,
1973-04-26 00:00:00-05:00,,,,,,
1973-04-27 00:00:00-05:00,,,,,,
1973-04-30 00:00:00-04:00,,,,,,
1973-05-01 00:00:00-04:00,,,,,,
1973-05-02 00:00:00-04:00,,,,,,
1973-05-03 00:00:00-04:00,,,,,,
1973-05-04 00:00:00-04:00,,,,,,
1973-05-07 00:00:00-04:00,,,,,,
1973-05-08 00:00:00-04:00,,,,,,
1973-05-09 00:00:00-04:00,,,,,,
1973-05-10 00:00:00-04:00,,,,,,
1973-05-11 00:00:00-04:00,,,,,,
1973-05-14 00:00:00-04:00,,,,,,
1973-05-15 00:00:00-04:00,,,,,,
1973-05-16 00:00:00-04:00,,,,,,
1973-05-17 00:00:00-04:00,,,,,,
1973-05-18 00:00:00-04:00,,,,,,
1973-05-21 00:00:00-04:00,,,,,,
1973-05-22 00:00:00-04:00,,,,,,
1973-05-23 00:00:00-04:00,,,,,,
1973-05-24 00:00:00-04:00,,,,,,
1973-05-25 00:00:00-04:00,,,,,,
1973-05-29 00:00:00-04:00,,,,,,
1973-05-30 00:00:00-04:00,,,,,,
1973-05-31 00:00:00-04:00,,,,,,
1973-06-01 00:00:00-04:00,,,,,,
1973-06-04 00:00:00-04:00,,,,,,
1973-06-05 00:00:00-04:00,,,,,,
1973-06-06 00:00:00-04:00,,,,,,
1973-06-07 00:00:00-04:00,,,,,,
1973-06-08 00:00:00-04:00,,,,,,
1973-06-11 00:00:00-04:00,,,,,,
1973-06-12 00:00:00-04:00,,,,,,
1973-06-13 00:00:00-04:00,,,,,,
1973-06-14 00:00:00-04:00,,,,,,
1973-06-15 00:00:00-04:00,,,,,,
1973-06-18 00:00:00-04:00,,,,,,
1973-06-19 00:00:00-04:00,,,,,,
1973-06-20 00:00:00-04:00,,,,,,
1973-06-21 00:00:00-04:00,,,,,,
1973-06-22 00:00:00-04:00,,,,,,
1973-06-25 00:00:00-04:00,,,,,,
1973-06-26 00:00:00-04:00,,,,,,
1973-06-27 00:00:00-04:00,,,,,,
1973-06-28 00:00:00-04:00,,,,,,
1973-06-29 00:00:00-04:00,,,,,,
1973-07-02 00:00:00-04:00,,,,,,
1973-07-03 00:00:00-04:00,,,,,,
1973-07-05 00:00:00-04:00,,,,,,
1973-07-06 00:00:00-04:00,,,,,,
1973-07-09 00:00:00-04:00,,,,,,
1973-07-10 00:00:00-04:00,,,,,,
1973-07-11 00:00:00-04:00,,,,,,
1973-07-12 00:00:00-04:00,,,,,,
1973-07-13 00:00:00-04:00,,,,,,
1973-07-16 00:00:00-04:00,,,,,,
1973-07-17 00:00:00-04:00,,,,,,
1973-07-18 00:00:00-04:00,,,,,,
1973-07-19 00:00:00-04:00,,,,,,
1973-07-20 00:00:00-04:00,,,,,,
1973-07-23 00:00:00-04:00,,,,,,
1973-07-24 00:00:00-04:00,,,,,,
1973-07-25 00:00:00-04:00,,,,,,
1973-07-26 00:00:00-04:00,,,,,,
1973-07-27 00:00:00-04:00,,,,,,
1973-07-30 00:00:00-04:00,,,,,,
1973-07-31 00:00:00-04:00,,,,,,
1973-08-01 00:00:00-04:00,,,,,,
1973-08-02 00:00:00-04:00,,,,,,
1973-08-03 00:00:00-04:00,,,,,,
1973-08-06 00:00:00-04:00,,,,,,
1973-08-07 00:00:00-04:00,,,,,,
1973-08-08 00:00:00-04:00,,,,,,
1973-08-09 00:00:00-04:00,,,,,,
1973-08-10 00:00:00-04:00,,,,,,
1973-08-13 00:00:00-04:00,,,,,,
1973-08-14 00:00:00-04:00,,,,,,
1973-08-15 00:00:00-04:00,,,,,,
1973-08-16 00:00:00-04:00,,,,,,
1973-08-17 00:00:00-04:00,,,,,,
1973-08-20 00:00:00-04:00,,,,,,
1973-08-21 00:00:00-04:00,,,,,,
1973-08-22 00:00:00-04:00,,,,,,
1973-08-23 00:00:00-04:00,,,,,,
1973-08-24 00:00:00-04:00,,,,,,
1973-08-27 00:00:00-04:00,,,,,,
1973-08-28 00:00:00-04:00,,,,,,
1973-08-29 00:00:00-04:00,,,,,,
1973-08-30 00:00:00-04:00,,,,,,
1973-08-31 00:00:00-04:00,,,,,,
1973-09-04 00:00:00-04:00,,,,,,
1973-09-05 00:00:00-04:00,,,,,,
1973-09-06 00:00:00-04:00,,,,,,
1973-09-07 00:00:00-04:00,,,,,,
1973-09-10 00:00:00-04:00,,,,,,
1973-09-11 00:00:00-04:00,,,,,,
1973-09-12 00:00:00-04:00,,,,,,
1973-09-13 00:00:00-04:00,,,,,,
1973-09-14 00:00:00-04:00,,,,,,
1973-09-17 00:00:00-04:00,,,,,,
1973-09-18 00:00:00-04:00,,,,,,
1973-09-19 00:00:00-04:00,,,,,,
1973-09-20 00:00:00-04:00,,,,,,
1973-09-21 00:00:00-04:00,,,,,,
1973-09-24 00:00:00-04:00,,,,,,
1973-09-25 00:00:00-04:00,,,,,,
1973-09-26 00:00:00-04:00,,,,,,
1973-09-27 00:00:00-04:00,,,,,,
1973-09-28 00:00:00-04:00,,,,,,
1973-10-01 00:00:00-04:00,,,,,,
1973-10-02 00:00:00-04:00,,,,,,
1973-10-03 00:00:00-04:00,,,,,,
1973-10-04 00:00:00-04:00,,,,,,
1973-10-05 00:00:00-04:00,,,,,,
1973-10-08 00:00:00-04:00,,,,,,
1973-10-09 00:00:00-04:00,,,,,,
1973-10-10 00:00:00-04:00,,,,,,
1973-10-11 00:00:00-04:00,,,,,,
1973-10-12 00:00:00-04:00,,,,,,
1973-10-15 00:00:00-04:00,,,,,,
1973-10-16 00:00:00-04:00,,,,,,
1973-10-17 00:00:00-04:00,,,,,,
1973-10-18 00:00:00-04:00,,,,,,
1973-10-19 00:00:00-04:00,,,,,,
1973-10-22 00:00:00-04:00,,,,,,
1973-10-23 00:00:00-04:00,,,,,,
1973-10-24 00:00:00-04:00,,,,,,
1973-10-25 00:00:00-04:00,,,,,,
1973-10-26 00:00:00-04:00,,,,,,
1973-10-29 00:00:00-05:00,,,,,,
1973-10-30 00:00:00-05:00,,,,,,
1973-10-31 00:00:00-05:00,,,,,,
1973-11-01 00:00:00-05:00,,,,,,
1973-11-02 00:00:00-05:00,,,,,,
1973-11-05 00:00:00-05:00,,,,,,
1973-11-06 00:00:00-05:00,,,,,,
1973-11-07 00:00:00-05:00,,,,,,
1973-11-08 00:00:00-05:00,,,,,,
1973-11-09 00:00:00-05:00,,,,,,
1973-11-12 00:00:00-05:00,,,,,,
1973-11-13 00:00:00-05:00,,,,,,
1973-11-14 00:00:00-05:00,,,,,,
1973-11-15 00:00:00-05:00,,,,,,
1973-11-16 00:00:00-05:00,,,,,,
1973-11-19 00:00:00-05:00,,,,,,
1973-11-20 00:00:00-05:00,,,,,,
1973-11-21 00:00:00-05:00,,,,,,
1973-11-23 00:00:00-05:00,,,,,,
1973-11-26 00:00:00-05:00,,,,,,
1973-11-27 00:00:00-05:00,,,,,,
1973-11-28 00:00:00-05:00,,,,,,
1973-11-29 00:00:00-05:00,,,,,,
1973-11-30 00:00:00-05:00,,,,,,
1973-12-03 00:00:00-05:00,,,,,,
1973-12-04 00:00:00-05:00,,,,,,
1973-12-05 00:00:00-05:00,,,,,,
1973-12-06 00:00:00-05:00,,,,,,
1973-12-07 00:00:00-05:00,,,,,,
1973-12-10 00:00:00-05:00,,,,,,
1973-12-11 00:00:00-05:00,,,,,,
1973-12-12 00:00:00-05:00,,,,,,
1973-12-13 00:00:00-05:00,,,,,,
1973-12-14 00:00:00-05:00,,,,,,
1973-12-17 00:00:00-05:00,,,,,,
1973-12-18 00:00:00-05:00,,,,,,
1973-12-19 00:00:00-05:00,,,,,,
1973-12-20 00:00:00-05:00,,,,,,
1973-12-21 00:00:00-05:00,,,,,,
1973-12-24 00:00:00-05:00,,,,,,
1973-12-26 00:00:00-05:00,,,,,,
1973-12-27 00:00:00-05:00,,,,,,
1973-12-28 00:00:00-05:00,,,,,,
1973-12-31 00:00:00-05:00,,,,,,
1974-01-02 00:00:00-05:00,,,,,,
1974-01-03 00:00:00-05:00,,,,,,
1974-01-04 00:00:00-05:00,,,,,,
1974-01-07 00:00:00-04:00,,,,,,
1974-01-08 00:00:00-04:00,,,,,,
1974-01-09 00:00:00-04:00,,,,,,
1974-01-10 00:00:00-04:00,,,,,,
1974-01-11 00:00:00-04:00,,,,,,
1974-01-14 00:00:00-04:00,,,,,,
1974-01-15 00:00:00-04:00,,,,,,
1974-01-16 00:00:00-04:00,,,,,,
1974-01-17 00:00:00-04:00,,,,,,
1974-01-18 00:00:00-04:00,,,,,,
1974-01-21 00:00:00-04:00,,,,,,
1974-01-22 00:00:00-04:00,,,,,,
1974-01-23 00:00:00-04:00,,,,,,
1974-01-24 00:00:00-04:00,,,,,,
1974-01-25 00:00:00-04:00,,,,,,
1974-01-28 00:00:00-04:00,,,,,,
1974-01-29 00:00:00-04:00,,,,,,
1974-01-30 00:00:00-04:00,,,,,,
1974-01-31 00:00:00-04:00,,,,,,
1974-02-01 00:00:00-04:00,,,,,,
1974-02-04 00:00:00-04:00,,,,,,
1974-02-05 00:00:00-04:00,,,,,,
1974-02-06 00:00:00-04:00,,,,,,
1974-02-07 00:00:00-04:00,,,,,,
1974-02-08 00:00:00-04:00,,,,,,
1974-02-11 00:00:00-04:00,,,,,,
1974-02-12 00:00:00-04:00,,,,,,
1974-02-13 00:00:00-04:00,,,,,,
1974-02-14 00:00:00-04:00,,,,,,
1974-02-15 00:00:00-04:00,,,,,,
1974-02-19 00:00:00-04:00,,,,,,
1974-02-20 00:00:00-04:00,,,,,,
1974-02-21 00:00:00-04:00,,,,,,
1974-02-22 00:00:00-04:00,,,,,,
1974-02-25 00:00:00-04:00,,,,,,
1974-02-26 00:00:00-04:00,,,,,,
1974-02-27 00:00:00-04:00,,,,,,
1974-02-28 00:00:00-04:00,,,,,,
1974-03-01 00:00:00-04:00,,,,,,
1974-03-04 00:00:00-04:00,,,,,,
1974-03-05 00:00:00-04:00,,,,,,
1974-03-06 00:00:00-04:00,,,,,,
1974-03-07 00:00:00-04:00,,,,,,
1974-03-08 00:00:00-04:00,,,,,,
1974-03-11 00:00:00-04:00,,,,,,
1974-03-12 00:00:00-04:00,,,,,,
1974-03-13 00:00:00-04:00,,,,,,
1974-03-14 00:00:00-04:00,,,,,,
1974-03-15 00:00:00-04:00,,,,,,
1974-03-18 00:00:00-04:00,,,,,,
1974-03-19 00:00:00-04:00,,,,,,
1974-03-20 00:00:00-04:00,,,,,,
1974-03-21 00:00:00-04:00,,,,,,
1974-03-22 00:00:00-04:00,,,,,,
1974-03-25 00:00:00-04:00,,,,,,
1974-03-26 00:00:00-04:00,,,,,,
1974-03-27 00:00:00-04:00,,,,,,
1974-03-28 00:00:00-04:00,,,,,,
1974-03-29 00:00:00-04:00,,,,,,
1974-04-01 00:00:00-04:00,,,,,,
1974-04-02 00:00:00-04:00,,,,,,
1974-04-03 00:00:00-04:00,,,,,,
1974-04-04 00:00:00-04:00,,,,,,
1974-04-05 00:00:00-04:00,,,,,,
1974-04-08 00:00:00-04:00,,,,,,
1974-04-09 00:00:00-04:00,,,,,,
1974-04-10 00:00:00-04:00,,,,,,
1974-04-11 00:00:00-04:00,,,,,,
1974-04-15 00:00:00-04:00,,,,,,
1974-04-16 00:00:00-04:00,,,,,,
1974-04-17 00:00:00-04:00,,,,,,
1974-04-18 00:00:00-04:00,,,,,,
1974-04-19 00:00:00-04:00,,,,,,
1974-04-22 00:00:00-04:00,,,,,,
1974-04-23 00:00:00-04:00,,,,,,
1974-04-24 00:00:00-04:00,,,,,,
1974-04-25 00:00:00-04:00,,,,,,
1974-04-26 00:00:00-04:00,,,,,,
1974-04-29 00:00:00-04:00,,,,,,
1974-04-30 00:00:00-04:00,,,,,,
1974-05-01 00:00:00-04:00,,,,,,
1974-05-02 00:00:00-04:00,,,,,,
1974-05-03 00:00:00-04:00,,,,,,
1974-05-06 00:00:00-04:00,,,,,,
1974-05-07 00:00:00-04:00,,,,,,
1974-05-08 00:00:00-04:00,,,,,,
1974-05-09 00:00:00-04:00,,,,,,
1974-05-10 00:00:00-04:00,,,,,,
1974-05-13 00:00:00-04:00,,,,,,
1974-05-14 00:00:00-04:00,,,,,,
1974-05-15 00:00:00-04:00,,,,,,
1974-05-16 00:00:00-04:00,,,,,,
1974-05-17 00:00:00-04:00,,,,,,
1974-05-20 00:00:00-04:00,,,,,,
1974-05-21 00:00:00-04:00,,,,,,
1974-05-22 00:00:00-04:00,,,,,,
1974-05-23 00:00:00-04:00,,,,,,
1974-05-24 00:00:00-04:00,,,,,,
1974-05-28 00:00:00-04:00,,,,,,
1974-05-29 00:00:00-04:00,,,,,,
1974-05-30 00:00:00-04:00,,,,,,
1974-05-31 00:00:00-04:00,,,,,,
1974-06-03 00:00:00-04:00,,,,,,
1974-06-04 00:00:00-04:00,,,,,,
1974-06-05 00:00:00-04:00,,,,,,
1974-06-06 00:00:00-04:00,,,,,,
1974-06-07 00:00:00-04:00,,,,,,
1974-06-10 00:00:00-04:00,,,,,,
1974-06-11 00:00:00-04:00,,,,,,
1974-06-12 00:00:00-04:00,,,,,,
1974-06-13 00:00:00-04:00,,,,,,
1974-06-14 00:00:00-04:00,,,,,,
1974-06-17 00:00:00-04:00,,,,,,
1974-06-18 00:00:00-04:00,,,,,,
1974-06-19 00:00:00-04:00,,,,,,
1974-06-20 00:00:00-04:00,,,,,,
1974-06-21 00:00:00-04:00,,,,,,
1974-06-24 00:00:00-04:00,,,,,,
1974-06-25 00:00:00-04:00,,,,,,
1974-06-26 00:00:00-04:00,,,,,,
1974-06-27 00:00:00-04:00,,,,,,
1974-06-28 00:00:00-04:00,,,,,,
1974-07-01 00:00:00-04:00,,,,,,
1974-07-02 00:00:00-04:00,,,,,,
1974-07-03 00:00:00-04:00,,,,,,
1974-07-05 00:00:00-04:00,,,,,,
1974-07-08 00:00:00-04:00,,,,,,
1974-07-09 00:00:00-04:00,,,,,,
1974-07-10 00:00:00-04:00,,,,,,
1974-07-11 00:00:00-04:00,,,,,,
1974-07-12 00:00:00-04:00,,,,,,
1974-07-15 00:00:00-04:00,,,,,,
1974-07-16 00:00:00-04:00,,,,,,
1974-07-17 00:00:00-04:00,,,,,,
1974-07-18 00:00:00-04:00,,,,,,
1974-07-19 00:00:00-04:00,,,,,,
1974-07-22 00:00:00-04:00,,,,,,
1974-07-23 00:00:00-04:00,,,,,,
1974-07-24 00:00:00-04:00,,,,,,
1974-07-25 00:00:00-04:00,,,,,,
1974-07-26 00:00:00-04:00,,,,,,
1974-07-29 00:00:00-04:00,,,,,,
1974-07-30 00:00:00-04:00,,,,,,
1974-07-31 00:00:00-04:00,,,,,,
1974-08-01 00:00:00-04:00,,,,,,
1974-08-02 00:00:00-04:00,,,,,,
1974-08-05 00:00:00-04:00,,,,,,
1974-08-06 00:00:00-04:00,,,,,,
1974-08-07 00:00:00-04:00,,,,,,
1974-08-08 00:00:00-04:00,,,,,,
1974-08-09 00:00:00-04:00,,,,,,
1974-08-12 00:00:00-04:00,,,,,,
1974-08-13 00:00:00-04:00,,,,,,
1974-08-14 00:00:00-04:00,,,,,,
1974-08-15 00:00:00-04:00,,,,,,
1974-08-16 00:00:00-04:00,,,,,,
1974-08-19 00:00:00-04:00,,,,,,
1974-08-20 00:00:00-04:00,,,,,,
1974-08-21 00:00:00-04:00,,,,,,
1974-08-22 00:00:00-04:00,,,,,,
1974-08-23 00:00:00-04:00,,,,,,
1974-08-26 00:00:00-04:00,,,,,,
1974-08-27 00:00:00-04:00,,,,,,
1974-08-28 00:00:00-04:00,,,,,,
1974-08-29 00:00:00-04:00,,,,,,
1974-08-30 00:00:00-04:00,,,,,,
1974-09-03 00:00:00-04:00,,,,,,
1974-09-04 00:00:00-04:00,,,,,,
1974-09-05 00:00:00-04:00,,,,,,
1974-09-06 00:00:00-04:00,,,,,,
1974-09-09 00:00:00-04:00,,,,,,
1974-09-10 00:00:00-04:00,,,,,,
1974-09-11 00:00:00-04:00,,,,,,
1974-09-12 00:00:00-04:00,,,,,,
1974-09-13 00:00:00-04:00,,,,,,
1974-09-16 00:00:00-04:00,,,,,,
1974-09-17 00:00:00-04:00,,,,,,
1974-09-18 00:00:00-04:00,,,,,,
1974-09-19 00:00:00-04:00,,,,,,
1974-09-20 00:00:00-04:00,,,,,,
1974-09-23 00:00:00-04:00,,,,,,
1974-09-24 00:00:00-04:00,,,,,,
1974-09-25 00:00:00-04:00,,,,,,
1974-09-26 00:00:00-04:00,,,,,,
1974-09-27 00:00:00-04:00,,,,,,
1974-09-30 00:00:00-04:00,,,,,,
1974-10-01 00:00:00-04:00,,,,,,
1974-10-02 00:00:00-04:00,,,,,,
1974-10-03 00:00:00-04:00,,,,,,
1974-10-04 00:00:00-04:00,,,,,,
1974-10-07 00:00:00-04:00,,,,,,
1974-10-08 00:00:00-04:00,,,,,,
1974-10-09 00:00:00-04:00,,,,,,
1974-10-10 00:00:00-04:00,,,,,,
1974-10-11 00:00:00-04:00,,,,,,
1974-10-14 00:00:00-04:00,,,,,,
1974-10-15 00:00:00-04:00,,,,,,
1974-10-16 00:00:00-04:00,,,,,,
1974-10-17 00:00:00-04:00,,,,,,
1974-10-18 00:00:00-04:00,,,,,,
1974-10-21 00:00:00-04:00,,,,,,
1974-10-22 00:00:00-04:00,,,,,,
1974-10-23 00:00:00-04:00,,,,,,
1974-10-24 00:00:00-04:00,,,,,,
1974-10-25 00:00:00-04:00,,,,,,
1974-10-28 00:00:00-05:00,,,,,,
1974-10-29 00:00:00-05:00,,,,,,
1974-10-30 00:00:00-05:00,,,,,,
1974-10-31 00:00:00-05:00,,,,,,
1974-11-01 00:00:00-05:00,,,,,,
1974-11-04 00:00:00-05:00,,,,,,
1974-11-05 00:00:00-05:00,,,,,,
1974-11-06 00:00:00-05:00,,,,,,
1974-11-07 00:00:00-05:00,,,,,,
1974-11-08 00:00:00-05:00,,,,,,
1974-11-11 00:00:00-05:00,,,,,,
1974-11-12 00:00:00-05:00,,,,,,
1974-11-13 00:00:00-05:00,,,,,,
1974-11-14 00:00:00-05:00,,,,,,
1974-11-15 00:00:00-05:00,,,,,,
1974-11-18 00:00:00-05:00,,,,,,
1974-11-19 00:00:00-05:00,,,,,,
1974-11-20 00:00:00-05:00,,,,,,
1974-11-21 00:00:00-05:00,,,,,,
1974-11-22 00:00:00-05:00,,,,,,
1974-11-25 00:00:00-05:00,,,,,,
1974-11-26 00:00:00-05:00,,,,,,
1974-11-27 00:00:00-05:00,,,,,,
1974-11-29 00:00:00-05:00,,,,,,
1974-12-02 00:00:00-05:00,,,,,,
1974-12-03 00:00:00-05:00,,,,,,
1974-12-04 00:00:00-05:00,,,,,,
1974-12-05 00:00:00-05:00,,,,,,
1974-12-06 00:00:00-05:00,,,,,,
1974-12-09 00:00:00-05:00,,,,,,
1974-12-10 00:00:00-05:00,,,,,,
1974-12-11 00:00:00-05:00,,,,,,
1974-12-12 00:00:00-05:00,,,,,,
1974-12-13 00:00:00-05:00,,,,,,
1974-12-16 00:00:00-05:00,,,,,,
1974-12-17 00:00:00-05:00,,,,,,
1974-12-18 00:00:00-05:00,,,,,,
1974-12-19 00:00:00-05:00,,,,,,
1974-12-20 00:00:00-05:00,,,,,,
1974-12-23 00:00:00-05:00,,,,,,
1974-12-24 00:00:00-05:00,,,,,,
1974-12-26 00:00:00-05:00,,,,,,
1974-12-27 00:00:00-05:00,,,,,,
1974-12-30 00:00:00-05:00,,,,,,
1974-12-31 00:00:00-05:00,,,,,,
1975-01-02 00:00:00-05:00,,,,,,
1975-01-03 00:00:00-05:00,,,,,,
1975-01-06 00:00:00-05:00,,,,,,
1975-01-07 00:00:00-05:00,,,,,,
1975-01-08 00:00:00-05:00,,,,,,
1975-01-09 00:00:00-05:00,,,,,,
1975-01-10 00:00:00-05:00,,,,,,
1975-01-13 00:00:00-05:00,,,,,,
1975-01-14 00:00:00-05:00,,,,,,
1975-01-15 00:00:00-05:00,,,,,,
1975-01-16 00:00:00-05:00,,,,,,
1975-01-17 00:00:00-05:00,,,,,,
1975-01-20 00:00:00-05:00,,,,,,
1975-01-21 00:00:00-05:00,,,,,,
1975-01-22 00:00:00-05:00,,,,,,
1975-01-23 00:00:00-05:00,,,,,,
1975-01-24 00:00:00-05:00,,,,,,
1975-01-27 00:00:00-05:00,,,,,,
1975-01-28 00:00:00-05:00,,,,,,
1975-01-29 00:00:00-05:00,,,,,,
1975-01-30 00:00:00-05:00,,,,,,
1975-01-31 00:00:00-05:00,,,,,,
1975-02-03 00:00:00-05:00,,,,,,
1975-02-04 00:00:00-05:00,,,,,,
1975-02-05 00:00:00-05:00,,,,,,
1975-02-06 00:00:00-05:00,,,,,,
1975-02-07 00:00:00-05:00,,,,,,
1975-02-10 00:00:00-05:00,,,,,,
1975-02-11 00:00:00-05:00,,,,,,
1975-02-12 00:00:00-05:00,,,,,,
1975-02-13 00:00:00-05:00,,,,,,
1975-02-14 00:00:00-05:00,,,,,,
1975-02-18 00:00:00-05:00,,,,,,
1975-02-19 00:00:00-05:00,,,,,,
1975-02-20 00:00:00-05:00,,,,,,
1975-02-21 00:00:00-05:00,,,,,,
1975-02-24 00:00:00-04:00,,,,,,
1975-02-25 00:00:00-04:00,,,,,,
1975-02-26 00:00:00-04:00,,,,,,
1975-02-27 00:00:00-04:00,,,,,,
1975-02-28 00:00:00-04:00,,,,,,
1975-03-03 00:00:00-04:00,,,,,,
1975-03-04 00:00:00-04:00,,,,,,
1975-03-05 00:00:00-04:00,,,,,,
1975-03-06 00:00:00-04:00,,,,,,
1975-03-07 00:00:00-04:00,,,,,,
1975-03-10 00:00:00-04:00,,,,,,
1975-03-11 00:00:00-04:00,,,,,,
1975-03-12 00:00:00-04:00,,,,,,
1975-03-13 00:00:00-04:00,,,,,,
1975-03-14 00:00:00-04:00,,,,,,
1975-03-17 00:00:00-04:00,,,,,,
1975-03-18 00:00:00-04:00,,,,,,
1975-03-19 00:00:00-04:00,,,,,,
1975-03-20 00:00:00-04:00,,,,,,
1975-03-21 00:00:00-04:00,,,,,,
1975-03-24 00:00:00-04:00,,,,,,
1975-03-25 00:00:00-04:00,,,,,,
1975-03-26 00:00:00-04:00,,,,,,
1975-03-27 00:00:00-04:00,,,,,,
1975-03-31 00:00:00-04:00,,,,,,
1975-04-01 00:00:00-04:00,,,,,,
1975-04-02 00:00:00-04:00,,,,,,
1975-04-03 00:00:00-04:00,,,,,,
1975-04-04 00:00:00-04:00,,,,,,
1975-04-07 00:00:00-04:00,,,,,,
1975-04-08 00:00:00-04:00,,,,,,
1975-04-09 00:00:00-04:00,,,,,,
1975-04-10 00:00:00-04:00,,,,,,
1975-04-11 00:00:00-04:00,,,,,,
1975-04-14 00:00:00-04:00,,,,,,
1975-04-15 00:00:00-04:00,,,,,,
1975-04-16 00:00:00-04:00,,,,,,
1975-04-17 00:00:00-04:00,,,,,,
1975-04-18 00:00:00-04:00,,,,,,
1975-04-21 00:00:00-04:00,,,,,,
1975-04-22 00:00:00-04:00,,,,,,
1975-04-23 00:00:00-04:00,,,,,,
1975-04-24 00:00:00-04:00,,,,,,
1975-04-25 00:00:00-04:00,,,,,,
1975-04-28 00:00:00-04:00,,,,,,
1975-04-29 00:00:00-04:00,,,,,,
1975-04-30 00:00:00-04:00,,,,,,
1975-05-01 00:00:00-04:00,,,,,,
1975-05-02 00:00:00-04:00,,,,,,
1975-05-05 00:00:00-04:00,,,,,,
1975-05-06 00:00:00-04:00,,,,,,
1975-05-07 00:00:00-04:00,,,,,,
1975-05-08 00:00:00-04:00,,,,,,
1975-05-09 00:00:00-04:00,,,,,,
1975-05-12 00:00:00-04:00,,,,,,
1975-05-13 00:00:00-04:00,,,,,,
1975-05-14 00:00:00-04:00,,,,,,
1975-05-15 00:00:00-04:00,,,,,,
1975-05-16 00:00:00-04:00,,,,,,
1975-05-19 00:00:00-04:00,,,,,,
1975-05-20 00:00:00-04:00,,,,,,
1975-05-21 00:00:00-04:00,,,,,,
1975-05-22 00:00:00-04:00,,,,,,
1975-05-23 00:00:00-04:00,,,,,,
1975-05-27 00:00:00-04:00,,,,,,
1975-05-28 00:00:00-04:00,,,,,,
1975-05-29 00:00:00-04:00,,,,,,
1975-05-30 00:00:00-04:00,,,,,,
1975-06-02 00:00:00-04:00,,,,,,
1975-06-03 00:00:00-04:00,,,,,,
1975-06-04 00:00:00-04:00,,,,,,
1975-06-05 00:00:00-04:00,,,,,,
1975-06-06 00:00:00-04:00,,,,,,
1975-06-09 00:00:00-04:00,,,,,,
1975-06-10 00:00:00-04:00,,,,,,
1975-06-11 00:00:00-04:00,,,,,,
1975-06-12 00:00:00-04:00,,,,,,
1975-06-13 00:00:00-04:00,,,,,,
1975-06-16 00:00:00-04:00,,,,,,
1975-06-17 00:00:00-04:00,,,,,,
1975-06-18 00:00:00-04:00,,,,,,
1975-06-19 00:00:00-04:00,,,,,,
1975-06-20 00:00:00-04:00,,,,,,
1975-06-23 00:00:00-04:00,,,,,,
1975-06-24 00:00:00-04:00,,,,,,
1975-06-25 00:00:00-04:00,,,,,,
1975-06-26 00:00:00-04:00,,,,,,
1975-06-27 00:00:00-04:00,,,,,,
1975-06-30 00:00:00-04:00,,,,,,
1975-07-01 00:00:00-04:00,,,,,,
1975-07-02 00:00:00-04:00,,,,,,
1975-07-03 00:00:00-04:00,,,,,,
1975-07-07 00:00:00-04:00,,,,,,
1975-07-08 00:00:00-04:00,,,,,,
1975-07-09 00:00:00-04:00,,,,,,
1975-07-10 00:00:00-04:00,,,,,,
1975-07-11 00:00:00-04:00,,,,,,
1975-07-14 00:00:00-04:00,,,,,,
1975-07-15 00:00:00-04:00,,,,,,
1975-07-16 00:00:00-04:00,,,,,,
1975-07-17 00:00:00-04:00,,,,,,
1975-07-18 00:00:00-04:00,,,,,,
1975-07-21 00:00:00-04:00,,,,,,
1975-07-22 00:00:00-04:00,,,,,,
1975-07-23 00:00:00-04:00,,,,,,
1975-07-24 00:00:00-04:00,,,,,,
1975-07-25 00:00:00-04:00,,,,,,
1975-07-28 00:00:00-04:00,,,,,,
1975-07-29 00:00:00-04:00,,,,,,
1975-07-30 00:00:00-04:00,,,,,,
1975-07-31 00:00:00-04:00,,,,,,
1975-08-01 00:00:00-04:00,,,,,,
1975-08-04 00:00:00-04:00,,,,,,
1975-08-05 00:00:00-04:00,,,,,,
1975-08-06 00:00:00-04:00,,,,,,
1975-08-07 00:00:00-04:00,,,,,,
1975-08-08 00:00:00-04:00,,,,,,
1975-08-11 00:00:00-04:00,,,,,,
1975-08-12 00:00:00-04:00,,,,,,
1975-08-13 00:00:00-04:00,,,,,,
1975-08-14 00:00:00-04:00,,,,,,
1975-08-15 00:00:00-04:00,,,,,,
1975-08-18 00:00:00-04:00,,,,,,
1975-08-19 00:00:00-04:00,,,,,,
1975-08-20 00:00:00-04:00,,,,,,
1975-08-21 00:00:00-04:00,,,,,,
1975-08-22 00:00:00-04:00,,,,,,
1975-08-25 00:00:00-04:00,,,,,,
1975-08-26 00:00:00-04:00,,,,,,
1975-08-27 00:00:00-04:00,,,,,,
1975-08-28 00:00:00-04:00,,,,,,
1975-08-29 00:00:00-04:00,,,,,,
1975-09-02 00:00:00-04:00,,,,,,
1975-09-03 00:00:00-04:00,,,,,,
1975-09-04 00:00:00-04:00,,,,,,
1975-09-05 00:00:00-04:00,,,,,,
1975-09-08 00:00:00-04:00,,,,,,
1975-09-09 00:00:00-04:00,,,,,,
1975-09-10 00:00:00-04:00,,,,,,
1975-09-11 00:00:00-04:00,,,,,,
1975-09-12 00:00:00-04:00,,,,,,
1975-09-15 00:00:00-04:00,,,,,,
1975-09-16 00:00:00-04:00,,,,,,
1975-09-17 00:00:00-04:00,,,,,,
1975-09-18 00:00:00-04:00,,,,,,
1975-09-19 00:00:00-04:00,,,,,,
1975-09-22 00:00:00-04:00,,,,,,
1975-09-23 00:00:00-04:00,,,,,,
1975-09-24 00:00:00-04:00,,,,,,
1975-09-25 00:00:00-04:00,,,,,,
1975-09-26 00:00:00-04:00,,,,,,
1975-09-29 00:00:00-04:00,,,,,,
1975-09-30 00:00:00-04:00,,,,,,
1975-10-01 00:00:00-04:00,,,,,,
1975-10-02 00:00:00-04:00,,,,,,
1975-10-03 00:00:00-04:00,,,,,,
1975-10-06 00:00:00-04:00,,,,,,
1975-10-07 00:00:00-04:00,,,,,,
1975-10-08 00:00:00-04:00,,,,,,
1975-10-09 00:00:00-04:00,,,,,,
1975-10-10 00:00:00-04:00,,,,,,
1975-10-13 00:00:00-04:00,,,,,,
1975-10-14 00:00:00-04:00,,,,,,
1975-10-15 00:00:00-04:00,,,,,,
1975-10-16 00:00:00-04:00,,,,,,
1975-10-17 00:00:00-04:00,,,,,,
1975-10-20 00:00:00-04:00,,,,,,
1975-10-21 00:00:00-04:00,,,,,,
1975-10-22 00:00:00-04:00,,,,,,
1975-10-23 00:00:00-04:00,,,,,,
1975-10-24 00:00:00-04:00,,,,,,
1975-10-27 00:00:00-05:00,,,,,,
1975-10-28 00:00:00-05:00,,,,,,
1975-10-29 00:00:00-05:00,,,,,,
1975-10-30 00:00:00-05:00,,,,,,
1975-10-31 00:00:00-05:00,,,,,,
1975-11-03 00:00:00-05:00,,,,,,
1975-11-04 00:00:00-05:00,,,,,,
1975-11-05 00:00:00-05:00,,,,,,
1975-11-06 00:00:00-05:00,,,,,,
1975-11-07 00:00:00-05:00,,,,,,
1975-11-10 00:00:00-05:00,,,,,,
1975-11-11 00:00:00-05:00,,,,,,
1975-11-12 00:00:00-05:00,,,,,,
1975-11-13 00:00:00-05:00,,,,,,
1975-11-14 00:00:00-05:00,,,,,,
1975-11-17 00:00:00-05:00,,,,,,
1975-11-18 00:00:00-05:00,,,,,,
1975-11-19 00:00:00-05:00,,,,,,
1975-11-20 00:00:00-05:00,,,,,,
1975-11-21 00:00:00-05:00,,,,,,
1975-11-24 00:00:00-05:00,,,,,,
1975-11-25 00:00:00-05:00,,,,,,
1975-11-26 00:00:00-05:00,,,,,,
1975-11-28 00:00:00-05:00,,,,,,
1975-12-01 00:00:00-05:00,,,,,,
1975-12-02 00:00:00-05:00,,,,,,
1975-12-03 00:00:00-05:00,,,,,,
1975-12-04 00:00:00-05:00,,,,,,
1975-12-05 00:00:00-05:00,,,,,,
1975-12-08 00:00:00-05:00,,,,,,
1975-12-09 00:00:00-05:00,,,,,,
1975-12-10 00:00:00-05:00,,,,,,
1975-12-11 00:00:00-05:00,,,,,,
1975-12-12 00:00:00-05:00,,,,,,
1975-12-15 00:00:00-05:00,,,,,,
1975-12-16 00:00:00-05:00,,,,,,
1975-12-17 00:00:00-05:00,,,,,,
1975-12-18 00:00:00-05:00,,,,,,
1975-12-19 00:00:00-05:00,,,,,,
1975-12-22 00:00:00-05:00,,,,,,
1975-12-23 00:00:00-05:00,,,,,,
1975-12-24 00:00:00-05:00,,,,,,
1975-12-26 00:00:00-05:00,,,,,,
1975-12-29 00:00:00-05:00,,,,,,
1975-12-30 00:00:00-05:00,,,,,,
1975-12-31 00:00:00-05:00,,,,,,
1976-01-02 00:00:00-05:00,,,,,,
1976-01-05 00:00:00-05:00,,,,,,
1976-01-06 00:00:00-05:00,,,,,,
1976-01-07 00:00:00-05:00,,,,,,
1976-01-08 00:00:00-05:00,,,,,,
1976-01-09 00:00:00-05:00,,,,,,
1976-01-12 00:00:00-05:00,,,,,,
1976-01-13 00:00:00-05:00,,,,,,
1976-01-14 00:00:00-05:00,,,,,,
1976-01-15 00:00:00-05:00,,,,,,
1976-01-16 00:00:00-05:00,,,,,,
1976-01-19 00:00:00-05:00,,,,,,
1976-01-20 00:00:00-05:00,,,,,,
1976-01-21 00:00:00-05:00,,,,,,
1976-01-22 00:00:00-05:00,,,,,,
1976-01-23 00:00:00-05:00,,,,,,
1976-01-26 00:00:00-05:00,,,,,,
1976-01-27 00:00:00-05:00,,,,,,
1976-01-28 00:00:00-05:00,,,,,,
1976-01-29 00:00:00-05:00,,,,,,
1976-01-30 00:00:00-05:00,,,,,,
1976-02-02 00:00:00-05:00,,,,,,
1976-02-03 00:00:00-05:00,,,,,,
1976-02-04 00:00:00-05:00,,,,,,
1976-02-05 00:00:00-05:00,,,,,,
1976-02-06 00:00:00-05:00,,,,,,
1976-02-09 00:00:00-05:00,,,,,,
1976-02-10 00:00:00-05:00,,,,,,
1976-02-11 00:00:00-05:00,,,,,,
1976-02-12 00:00:00-05:00,,,,,,
1976-02-13 00:00:00-05:00,,,,,,
1976-02-17 00:00:00-05:00,,,,,,
1976-02-18 00:00:00-05:00,,,,,,
1976-02-19 00:00:00-05:00,,,,,,
1976-02-20 00:00:00-05:00,,,,,,
1976-02-23 00:00:00-05:00,,,,,,
1976-02-24 00:00:00-05:00,,,,,,
1976-02-25 00:00:00-05:00,,,,,,
1976-02-26 00:00:00-05:00,,,,,,
1976-02-27 00:00:00-05:00,,,,,,
1976-03-01 00:00:00-05:00,,,,,,
1976-03-02 00:00:00-05:00,,,,,,
1976-03-03 00:00:00-05:00,,,,,,
1976-03-04 00:00:00-05:00,,,,,,
1976-03-05 00:00:00-05:00,,,,,,
1976-03-08 00:00:00-05:00,,,,,,
1976-03-09 00:00:00-05:00,,,,,,
1976-03-10 00:00:00-05:00,,,,,,
1976-03-11 00:00:00-05:00,,,,,,
1976-03-12 00:00:00-05:00,,,,,,
1976-03-15 00:00:00-05:00,,,,,,
1976-03-16 00:00:00-05:00,,,,,,
1976-03-17 00:00:00-05:00,,,,,,
1976-03-18 00:00:00-05:00,,,,,,
1976-03-19 00:00:00-05:00,,,,,,
1976-03-22 00:00:00-05:00,,,,,,
1976-03-23 00:00:00-05:00,,,,,,
1976-03-24 00:00:00-05:00,,,,,,
1976-03-25 00:00:00-05:00,,,,,,
1976-03-26 00:00:00-05:00,,,,,,
1976-03-29 00:00:00-05:00,,,,,,
1976-03-30 00:00:00-05:00,,,,,,
1976-03-31 00:00:00-05:00,,,,,,
1976-04-01 00:00:00-05:00,,,,,,
1976-04-02 00:00:00-05:00,,,,,,
1976-04-05 00:00:00-05:00,,,,,,
1976-04-06 00:00:00-05:00,,,,,,
1976-04-07 00:00:00-05:00,,,,,,
1976-04-08 00:00:00-05:00,,,,,,
1976-04-09 00:00:00-05:00,,,,,,
1976-04-12 00:00:00-05:00,,,,,,
1976-04-13 00:00:00-05:00,,,,,,
1976-04-14 00:00:00-05:00,,,,,,
1976-04-15 00:00:00-05:00,,,,,,
1976-04-19 00:00:00-05:00,,,,,,
1976-04-20 00:00:00-05:00,,,,,,
1976-04-21 00:00:00-05:00,,,,,,
1976-04-22 00:00:00-05:00,,,,,,
1976-04-23 00:00:00-05:00,,,,,,
1976-04-26 00:00:00-04:00,,,,,,
1976-04-27 00:00:00-04:00,,,,,,
1976-04-28 00:00:00-04:00,,,,,,
1976-04-29 00:00:00-04:00,,,,,,
1976-04-30 00:00:00-04:00,,,,,,
1976-05-03 00:00:00-04:00,,,,,,
1976-05-04 00:00:00-04:00,,,,,,
1976-05-05 00:00:00-04:00,,,,,,
1976-05-06 00:00:00-04:00,,,,,,
1976-05-07 00:00:00-04:00,,,,,,
1976-05-10 00:00:00-04:00,,,,,,
1976-05-11 00:00:00-04:00,,,,,,
1976-05-12 00:00:00-04:00,,,,,,
1976-05-13 00:00:00-04:00,,,,,,
1976-05-14 00:00:00-04:00,,,,,,
1976-05-17 00:00:00-04:00,,,,,,
1976-05-18 00:00:00-04:00,,,,,,
1976-05-19 00:00:00-04:00,,,,,,
1976-05-20 00:00:00-04:00,,,,,,
1976-05-21 00:00:00-04:00,,,,,,
1976-05-24 00:00:00-04:00,,,,,,
1976-05-25 00:00:00-04:00,,,,,,
1976-05-26 00:00:00-04:00,,,,,,
1976-05-27 00:00:00-04:00,,,,,,
1976-05-28 00:00:00-04:00,,,,,,
1976-06-01 00:00:00-04:00,,,,,,
1976-06-02 00:00:00-04:00,,,,,,
1976-06-03 00:00:00-04:00,,,,,,
1976-06-04 00:00:00-04:00,,,,,,
1976-06-07 00:00:00-04:00,,,,,,
1976-06-08 00:00:00-04:00,,,,,,
1976-06-09 00:00:00-04:00,,,,,,
1976-06-10 00:00:00-04:00,,,,,,
1976-06-11 00:00:00-04:00,,,,,,
1976-06-14 00:00:00-04:00,,,,,,
1976-06-15 00:00:00-04:00,,,,,,
1976-06-16 00:00:00-04:00,,,,,,
1976-06-17 00:00:00-04:00,,,,,,
1976-06-18 00:00:00-04:00,,,,,,
1976-06-21 00:00:00-04:00,,,,,,
1976-06-22 00:00:00-04:00,,,,,,
1976-06-23 00:00:00-04:00,,,,,,
1976-06-24 00:00:00-04:00,,,,,,
1976-06-25 00:00:00-04:00,,,,,,
1976-06-28 00:00:00-04:00,,,,,,
1976-06-29 00:00:00-04:00,,,,,,
1976-06-30 00:00:00-04:00,,,,,,
1976-07-01 00:00:00-04:00,,,,,,
1976-07-02 00:00:00-04:00,,,,,,
1976-07-06 00:00:00-04:00,,,,,,
1976-07-07 00:00:00-04:00,,,,,,
1976-07-08 00:00:00-04:00,,,,,,
1976-07-09 00:00:00-04:00,,,,,,
1976-07-12 00:00:00-04:00,,,,,,
1976-07-13 00:00:00-04:00,,,,,,
1976-07-14 00:00:00-04:00,,,,,,
1976-07-15 00:00:00-04:00,,,,,,
1976-07-16 00:00:00-04:00,,,,,,
1976-07-19 00:00:00-04:00,,,,,,
1976-07-20 00:00:00-04:00,,,,,,
1976-07-21 00:00:00-04:00,,,,,,
1976-07-22 00:00:00-04:00,,,,,,
1976-07-23 00:00:00-04:00,,,,,,
1976-07-26 00:00:00-04:00,,,,,,
1976-07-27 00:00:00-04:00,,,,,,
1976-07-28 00:00:00-04:00,,,,,,
1976-07-29 00:00:00-04:00,,,,,,
1976-07-30 00:00:00-04:00,,,,,,
1976-08-02 00:00:00-04:00,,,,,,
1976-08-03 00:00:00-04:00,,,,,,
1976-08-04 00:00:00-04:00,,,,,,
1976-08-05 00:00:00-04:00,,,,,,
1976-08-06 00:00:00-04:00,,,,,,
1976-08-09 00:00:00-04:00,,,,,,
1976-08-10 00:00:00-04:00,,,,,,
1976-08-11 00:00:00-04:00,,,,,,
1976-08-12 00:00:00-04:00,,,,,,
1976-08-13 00:00:00-04:00,,,,,,
1976-08-16 00:00:00-04:00,,,,,,
1976-08-17 00:00:00-04:00,,,,,,
1976-08-18 00:00:00-04:00,,,,,,
1976-08-19 00:00:00-04:00,,,,,,
1976-08-20 00:00:00-04:00,,,,,,
1976-08-23 00:00:00-04:00,,,,,,
1976-08-24 00:00:00-04:00,,,,,,
1976-08-25 00:00:00-04:00,,,,,,
1976-08-26 00:00:00-04:00,,,,,,
1976-08-27 00:00:00-04:00,,,,,,
1976-08-30 00:00:00-04:00,,,,,,
1976-08-31 00:00:00-04:00,,,,,,
1976-09-01 00:00:00-04:00,,,,,,
1976-09-02 00:00:00-04:00,,,,,,
1976-09-03 00:00:00-04:00,,,,,,
1976-09-07 00:00:00-04:00,,,,,,
1976-09-08 00:00:00-04:00,,,,,,
1976-09-09 00:00:00-04:00,,,,,,
1976-09-10 00:00:00-04:00,,,,,,
1976-09-13 00:00:00-04:00,,,,,,
1976-09-14 00:00:00-04:00,,,,,,
1976-09-15 00:00:00-04:00,,,,,,
1976-09-16 00:00:00-04:00,,,,,,
1976-09-17 00:00:00-04:00,,,,,,
1976-09-20 00:00:00-04:00,,,,,,
1976-09-21 00:00:00-04:00,,,,,,
1976-09-22 00:00:00-04:00,,,,,,
1976-09-23 00:00:00-04:00,,,,,,
1976-09-24 00:00:00-04:00,,,,,,
1976-09-27 00:00:00-04:00,,,,,,
1976-09-28 00:00:00-04:00,,,,,,
1976-09-29 00:00:00-04:00,,,,,,
1976-09-30 00:00:00-04:00,,,,,,
1976-10-01 00:00:00-04:00,,,,,,
1976-10-04 00:00:00-04:00,,,,,,
1976-10-05 00:00:00-04:00,,,,,,
1976-10-06 00:00:00-04:00,,,,,,
1976-10-07 00:00:00-04:00,,,,,,
1976-10-08 00:00:00-04:00,,,,,,
1976-10-11 00:00:00-04:00,,,,,,
1976-10-12 00:00:00-04:00,,,,,,
1976-10-13 00:00:00-04:00,,,,,,
1976-10-14 00:00:00-04:00,,,,,,
1976-10-15 00:00:00-04:00,,,,,,
1976-10-18 00:00:00-04:00,,,,,,
1976-10-19 00:00:00-04:00,,,,,,
1976-10-20 00:00:00-04:00,,,,,,
1976-10-21 00:00:00-04:00,,,,,,
1976-10-22 00:00:00-04:00,,,,,,
1976-10-25 00:00:00-04:00,,,,,,
1976-10-26 00:00:00-04:00,,,,,,
1976-10-27 00:00:00-04:00,,,,,,
1976-10-28 00:00:00-04:00,,,,,,
1976-10-29 00:00:00-04:00,,,,,,
1976-11-01 00:00:00-05:00,,,,,,
1976-11-03 00:00:00-05:00,,,,,,
1976-11-04 00:00:00-05:00,,,,,,
1976-11-05 00:00:00-05:00,,,,,,
1976-11-08 00:00:00-05:00,,,,,,
1976-11-09 00:00:00-05:00,,,,,,
1976-11-10 00:00:00-05:00,,,,,,
1976-11-11 00:00:00-05:00,,,,,,
1976-11-12 00:00:00-05:00,,,,,,
1976-11-15 00:00:00-05:00,,,,,,
1976-11-16 00:00:00-05:00,,,,,,
1976-11-17 00:00:00-05:00,,,,,,
1976-11-18 00:00:00-05:00,,,,,,
1976-11-19 00:00:00-05:00,,,,,,
1976-11-22 00:00:00-05:00,,,,,,
1976-11-23 00:00:00-05:00,,,,,,
1976-11-24 00:00:00-05:00,,,,,,
1976-11-26 00:00:00-05:00,,,,,,
1976-11-29 00:00:00-05:00,,,,,,
1976-11-30 00:00:00-05:00,,,,,,
1976-12-01 00:00:00-05:00,,,,,,
1976-12-02 00:00:00-05:00,,,,,,
1976-12-03 00:00:00-05:00,,,,,,
1976-12-06 00:00:00-05:00,,,,,,
1976-12-07 00:00:00-05:00,,,,,,
1976-12-08 00:00:00-05:00,,,,,,
1976-12-09 00:00:00-05:00,,,,,,
1976-12-10 00:00:00-05:00,,,,,,
1976-12-13 00:00:00-05:00,,,,,,
1976-12-14 00:00:00-05:00,,,,,,
1976-12-15 00:00:00-05:00,,,,,,
1976-12-16 00:00:00-05:00,,,,,,
1976-12-17 00:00:00-05:00,,,,,,
1976-12-20 00:00:00-05:00,,,,,,
1976-12-21 00:00:00-05:00,,,,,,
1976-12-22 00:00:00-05:00,,,,,,
1976-12-23 00:00:00-05:00,,,,,,
1976-12-27 00:00:00-05:00,,,,,,
1976-12-28 00:00:00-05:00,,,,,,
1976-12-29 00:00:00-05:00,,,,,,
1976-12-30 00:00:00-05:00,,,,,,
1976-12-31 00:00:00-05:00,,,,,,
1977-01-03 00:00:00-05:00,,,,,,
1977-01-04 00:00:00-05:00,,,,,,
1977-01-05 00:00:00-05:00,,,,,,
1977-01-06 00:00:00-05:00,,,,,,
1977-01-07 00:00:00-05:00,,,,,,
1977-01-10 00:00:00-05:00,,,,,,
1977-01-11 00:00:00-05:00,,,,,,
1977-01-12 00:00:00-05:00,,,,,,
1977-01-13 00:00:00-05:00,,,,,,
1977-01-14 00:00:00-05:00,,,,,,
1977-01-17 00:00:00-05:00,,,,,,
1977-01-18 00:00:00-05:00,,,,,,
1977-01-19 00:00:00-05:00,,,,,,
1977-01-20 00:00:00-05:00,,,,,,
1977-01-21 00:00:00-05:00,,,,,,
1977-01-24 00:00:00-05:00,,,,,,
1977-01-25 00:00:00-05:00,,,,,,
1977-01-26 00:00:00-05:00,,,,,,
1977-01-27 00:00:00-05:00,,,,,,
1977-01-28 00:00:00-05:00,,,,,,
1977-01-31 00:00:00-05:00,,,,,,
1977-02-01 00:00:00-05:00,,,,,,
1977-02-02 00:00:00-05:00,,,,,,
1977-02-03 00:00:00-05:00,,,,,,
1977-02-04 00:00:00-05:00,,,,,,
1977-02-07 00:00:00-05:00,,,,,,
1977-02-08 00:00:00-05:00,,,,,,
1977-02-09 00:00:00-05:00,,,,,,
1977-02-10 00:00:00-05:00,,,,,,
1977-02-11 00:00:00-05:00,,,,,,
1977-02-14 00:00:00-05:00,,,,,,
1977-02-15 00:00:00-05:00,,,,,,
1977-02-16 00:00:00-05:00,,,,,,
1977-02-17 00:00:00-05:00,,,,,,
1977-02-18 00:00:00-05:00,,,,,,
1977-02-22 00:00:00-05:00,,,,,,
1977-02-23 00:00:00-05:00,,,,,,
1977-02-24 00:00:00-05:00,,,,,,
1977-02-25 00:00:00-05:00,,,,,,
1977-02-28 00:00:00-05:00,,,,,,
1977-03-01 00:00:00-05:00,,,,,,
1977-03-02 00:00:00-05:00,,,,,,
1977-03-03 00:00:00-05:00,,,,,,
1977-03-04 00:00:00-05:00,,,,,,
1977-03-07 00:00:00-05:00,,,,,,
1977-03-08 00:00:00-05:00,,,,,,
1977-03-09 00:00:00-05:00,,,,,,
1977-03-10 00:00:00-05:00,,,,,,
1977-03-11 00:00:00-05:00,,,,,,
1977-03-14 00:00:00-05:00,,,,,,
1977-03-15 00:00:00-05:00,,,,,,
1977-03-16 00:00:00-05:00,,,,,,
1977-03-17 00:00:00-05:00,,,,,,
1977-03-18 00:00:00-05:00,,,,,,
1977-03-21 00:00:00-05:00,,,,,,
1977-03-22 00:00:00-05:00,,,,,,
1977-03-23 00:00:00-05:00,,,,,,
1977-03-24 00:00:00-05:00,,,,,,
1977-03-25 00:00:00-05:00,,,,,,
1977-03-28 00:00:00-05:00,,,,,,
1977-03-29 00:00:00-05:00,,,,,,
1977-03-30 00:00:00-05:00,,,,,,
1977-03-31 00:00:00-05:00,,,,,,
1977-04-01 00:00:00-05:00,,,,,,
1977-04-04 00:00:00-05:00,,,,,,
1977-04-05 00:00:00-05:00,,,,,,
1977-04-06 00:00:00-05:00,,,,,,
1977-04-07 00:00:00-05:00,,,,,,
1977-04-11 00:00:00-05:00,,,,,,
1977-04-12 00:00:00-05:00,,,,,,
1977-04-13 00:00:00-05:00,,,,,,
1977-04-14 00:00:00-05:00,,,,,,
1977-04-15 00:00:00-05:00,,,,,,
1977-04-18 00:00:00-05:00,,,,,,
1977-04-19 00:00:00-05:00,,,,,,
1977-04-20 00:00:00-05:00,,,,,,
1977-04-21 00:00:00-05:00,,,,,,
1977-04-22 00:00:00-05:00,,,,,,
1977-04-25 00:00:00-04:00,,,,,,
1977-04-26 00:00:00-04:00,,,,,,
1977-04-27 00:00:00-04:00,,,,,,
1977-04-28 00:00:00-04:00,,,,,,
1977-04-29 00:00:00-04:00,,,,,,
1977-05-02 00:00:00-04:00,,,,,,
1977-05-03 00:00:00-04:00,,,,,,
1977-05-04 00:00:00-04:00,,,,,,
1977-05-05 00:00:00-04:00,,,,,,
1977-05-06 00:00:00-04:00,,,,,,
1977-05-09 00:00:00-04:00,,,,,,
1977-05-10 00:00:00-04:00,,,,,,
1977-05-11 00:00:00-04:00,,,,,,
1977-05-12 00:00:00-04:00,,,,,,
1977-05-13 00:00:00-04:00,,,,,,
1977-05-16 00:00:00-04:00,,,,,,
1977-05-17 00:00:00-04:00,,,,,,
1977-05-18 00:00:00-04:00,,,,,,
1977-05-19 00:00:00-04:00,,,,,,
1977-05-20 00:00:00-04:00,,,,,,
1977-05-23 00:00:00-04:00,,,,,,
1977-05-24 00:00:00-04:00,,,,,,
1977-05-25 00:00:00-04:00,,,,,,
1977-05-26 00:00:00-04:00,,,,,,
1977-05-27 00:00:00-04:00,,,,,,
1977-05-31 00:00:00-04:00,,,,,,
1977-06-01 00:00:00-04:00,,,,,,
1977-06-02 00:00:00-04:00,,,,,,
1977-06-03 00:00:00-04:00,,,,,,
1977-06-06 00:00:00-04:00,,,,,,
1977-06-07 00:00:00-04:00,,,,,,
1977-06-08 00:00:00-04:00,,,,,,
1977-06-09 00:00:00-04:00,,,,,,
1977-06-10 00:00:00-04:00,,,,,,
1977-06-13 00:00:00-04:00,,,,,,
1977-06-14 00:00:00-04:00,,,,,,
1977-06-15 00:00:00-04:00,,,,,,
1977-06-16 00:00:00-04:00,,,,,,
1977-06-17 00:00:00-04:00,,,,,,
1977-06-20 00:00:00-04:00,,,,,,
1977-06-21 00:00:00-04:00,,,,,,
1977-06-22 00:00:00-04:00,,,,,,
1977-06-23 00:00:00-04:00,,,,,,
1977-06-24 00:00:00-04:00,,,,,,
1977-06-27 00:00:00-04:00,,,,,,
1977-06-28 00:00:00-04:00,,,,,,
1977-06-29 00:00:00-04:00,,,,,,
1977-06-30 00:00:00-04:00,,,,,,
1977-07-01 00:00:00-04:00,,,,,,
1977-07-05 00:00:00-04:00,,,,,,
1977-07-06 00:00:00-04:00,,,,,,
1977-07-07 00:00:00-04:00,,,,,,
1977-07-08 00:00:00-04:00,,,,,,
1977-07-11 00:00:00-04:00,,,,,,
1977-07-12 00:00:00-04:00,,,,,,
1977-07-13 00:00:00-04:00,,,,,,
1977-07-15 00:00:00-04:00,,,,,,
1977-07-18 00:00:00-04:00,,,,,,
1977-07-19 00:00:00-04:00,,,,,,
1977-07-20 00:00:00-04:00,,,,,,
1977-07-21 00:00:00-04:00,,,,,,
1977-07-22 00:00:00-04:00,,,,,,
1977-07-25 00:00:00-04:00,,,,,,
1977-07-26 00:00:00-04:00,,,,,,
1977-07-27 00:00:00-04:00,,,,,,
1977-07-28 00:00:00-04:00,,,,,,
1977-07-29 00:00:00-04:00,,,,,,
1977-08-01 00:00:00-04:00,,,,,,
1977-08-02 00:00:00-04:00,,,,,,
1977-08-03 00:00:00-04:00,,,,,,
1977-08-04 00:00:00-04:00,,,,,,
1977-08-05 00:00:00-04:00,,,,,,
1977-08-08 00:00:00-04:00,,,,,,
1977-08-09 00:00:00-04:00,,,,,,
1977-08-10 00:00:00-04:00,,,,,,
1977-08-11 00:00:00-04:00,,,,,,
1977-08-12 00:00:00-04:00,,,,,,
1977-08-15 00:00:00-04:00,,,,,,
1977-08-16 00:00:00-04:00,,,,,,
1977-08-17 00:00:00-04:00,,,,,,
1977-08-18 00:00:00-04:00,,,,,,
1977-08-19 00:00:00-04:00,,,,,,
1977-08-22 00:00:00-04:00,,,,,,
1977-08-23 00:00:00-04:00,,,,,,
1977-08-24 00:00:00-04:00,,,,,,
1977-08-25 00:00:00-04:00,,,,,,
1977-08-26 00:00:00-04:00,,,,,,
1977-08-29 00:00:00-04:00,,,,,,
1977-08-30 00:00:00-04:00,,,,,,
1977-08-31 00:00:00-04:00,,,,,,
1977-09-01 00:00:00-04:00,,,,,,
1977-09-02 00:00:00-04:00,,,,,,
1977-09-06 00:00:00-04:00,,,,,,
1977-09-07 00:00:00-04:00,,,,,,
1977-09-08 00:00:00-04:00,,,,,,
1977-09-09 00:00:00-04:00,,,,,,
1977-09-12 00:00:00-04:00,,,,,,
1977-09-13 00:00:00-04:00,,,,,,
1977-09-14 00:00:00-04:00,,,,,,
1977-09-15 00:00:00-04:00,,,,,,
1977-09-16 00:00:00-04:00,,,,,,
1977-09-19 00:00:00-04:00,,,,,,
1977-09-20 00:00:00-04:00,,,,,,
1977-09-21 00:00:00-04:00,,,,,,
1977-09-22 00:00:00-04:00,,,,,,
1977-09-23 00:00:00-04:00,,,,,,
1977-09-26 00:00:00-04:00,,,,,,
1977-09-27 00:00:00-04:00,,,,,,
1977-09-28 00:00:00-04:00,,,,,,
1977-09-29 00:00:00-04:00,,,,,,
1977-09-30 00:00:00-04:00,,,,,,
1977-10-03 00:00:00-04:00,,,,,,
1977-10-04 00:00:00-04:00,,,,,,
1977-10-05 00:00:00-04:00,,,,,,
1977-10-06 00:00:00-04:00,,,,,,
1977-10-07 00:00:00-04:00,,,,,,
1977-10-10 00:00:00-04:00,,,,,,
1977-10-11 00:00:00-04:00,,,,,,
1977-10-12 00:00:00-04:00,,,,,,
1977-10-13 00:00:00-04:00,,,,,,
1977-10-14 00:00:00-04:00,,,,,,
1977-10-17 00:00:00-04:00,,,,,,
1977-10-18 00:00:00-04:00,,,,,,
1977-10-19 00:00:00-04:00,,,,,,
1977-10-20 00:00:00-04:00,,,,,,
1977-10-21 00:00:00-04:00,,,,,,
1977-10-24 00:00:00-04:00,,,,,,
1977-10-25 00:00:00-04:00,,,,,,
1977-10-26 00:00:00-04:00,,,,,,
1977-10-27 00:00:00-04:00,,,,,,
1977-10-28 00:00:00-04:00,,,,,,
1977-10-31 00:00:00-05:00,,,,,,
1977-11-01 00:00:00-05:00,,,,,,
1977-11-02 00:00:00-05:00,,,,,,
1977-11-03 00:00:00-05:00,,,,,,
1977-11-04 00:00:00-05:00,,,,,,
1977-11-07 00:00:00-05:00,,,,,,
1977-11-08 00:00:00-05:00,,,,,,
1977-11-09 00:00:00-05:00,,,,,,
1977-11-10 00:00:00-05:00,,,,,,
1977-11-11 00:00:00-05:00,,,,,,
1977-11-14 00:00:00-05:00,,,,,,
1977-11-15 00:00:00-05:00,,,,,,
1977-11-16 00:00:00-05:00,,,,,,
1977-11-17 00:00:00-05:00,,,,,,
1977-11-18 00:00:00-05:00,,,,,,
1977-11-21 00:00:00-05:00,,,,,,
1977-11-22 00:00:00-05:00,,,,,,
1977-11-23 00:00:00-05:00,,,,,,
1977-11-25 00:00:00-05:00,,,,,,
1977-11-28 00:00:00-05:00,,,,,,
1977-11-29 00:00:00-05:00,,,,,,
1977-11-30 00:00:00-05:00,,,,,,
1977-12-01 00:00:00-05:00,,,,,,
1977-12-02 00:00:00-05:00,,,,,,
1977-12-05 00:00:00-05:00,,,,,,
1977-12-06 00:00:00-05:00,,,,,,
1977-12-07 00:00:00-05:00,,,,,,
1977-12-08 00:00:00-05:00,,,,,,
1977-12-09 00:00:00-05:00,,,,,,
1977-12-12 00:00:00-05:00,,,,,,
1977-12-13 00:00:00-05:00,,,,,,
1977-12-14 00:00:00-05:00,,,,,,
1977-12-15 00:00:00-05:00,,,,,,
1977-12-16 00:00:00-05:00,,,,,,
1977-12-19 00:00:00-05:00,,,,,,
1977-12-20 00:00:00-05:00,,,,,,
1977-12-21 00:00:00-05:00,,,,,,
1977-12-22 00:00:00-05:00,,,,,,
1977-12-23 00:00:00-05:00,,,,,,
1977-12-27 00:00:00-05:00,,,,,,
1977-12-28 00:00:00-05:00,,,,,,
1977-12-29 00:00:00-05:00,,,,,,
1977-12-30 00:00:00-05:00,,,,,,
1978-01-03 00:00:00-05:00,,,,,,
1978-01-04 00:00:00-05:00,,,,,,
1978-01-05 00:00:00-05:00,,,,,,
1978-01-06 00:00:00-05:00,,,,,,
1978-01-09 00:00:00-05:00,,,,,,
1978-01-10 00:00:00-05:00,,,,,,
1978-01-11 00:00:00-05:00,,,,,,
1978-01-12 00:00:00-05:00,,,,,,
1978-01-13 00:00:00-05:00,,,,,,
1978-01-16 00:00:00-05:00,,,,,,
1978-01-17 00:00:00-05:00,,,,,,
1978-01-18 00:00:00-05:00,,,,,,
1978-01-19 00:00:00-05:00,,,,,,
1978-01-20 00:00:00-05:00,,,,,,
1978-01-23 00:00:00-05:00,,,,,,
1978-01-24 00:00:00-05:00,,,,,,
1978-01-25 00:00:00-05:00,,,,,,
1978-01-26 00:00:00-05:00,,,,,,
1978-01-27 00:00:00-05:00,,,,,,
1978-01-30 00:00:00-05:00,,,,,,
1978-01-31 00:00:00-05:00,,,,,,
1978-02-01 00:00:00-05:00,,,,,,
1978-02-02 00:00:00-05:00,,,,,,
1978-02-03 00:00:00-05:00,,,,,,
1978-02-06 00:00:00-05:00,,,,,,
1978-02-07 00:00:00-05:00,,,,,,
1978-02-08 00:00:00-05:00,,,,,,
1978-02-09 00:00:00-05:00,,,,,,
1978-02-10 00:00:00-05:00,,,,,,
1978-02-13 00:00:00-05:00,,,,,,
1978-02-14 00:00:00-05:00,,,,,,
1978-02-15 00:00:00-05:00,,,,,,
1978-02-16 00:00:00-05:00,,,,,,
1978-02-17 00:00:00-05:00,,,,,,
1978-02-21 00:00:00-05:00,,,,,,
1978-02-22 00:00:00-05:00,,,,,,
1978-02-23 00:00:00-05:00,,,,,,
1978-02-24 00:00:00-05:00,,,,,,
1978-02-27 00:00:00-05:00,,,,,,
1978-02-28 00:00:00-05:00,,,,,,
1978-03-01 00:00:00-05:00,,,,,,
1978-03-02 00:00:00-05:00,,,,,,
1978-03-03 00:00:00-05:00,,,,,,
1978-03-06 00:00:00-05:00,,,,,,
1978-03-07 00:00:00-05:00,,,,,,
1978-03-08 00:00:00-05:00,,,,,,
1978-03-09 00:00:00-05:00,,,,,,
1978-03-10 00:00:00-05:00,,,,,,
1978-03-13 00:00:00-05:00,,,,,,
1978-03-14 00:00:00-05:00,,,,,,
1978-03-15 00:00:00-05:00,,,,,,
1978-03-16 00:00:00-05:00,,,,,,
1978-03-17 00:00:00-05:00,,,,,,
1978-03-20 00:00:00-05:00,,,,,,
1978-03-21 00:00:00-05:00,,,,,,
1978-03-22 00:00:00-05:00,,,,,,
1978-03-23 00:00:00-05:00,,,,,,
1978-03-27 00:00:00-05:00,,,,,,
1978-03-28 00:00:00-05:00,,,,,,
1978-03-29 00:00:00-05:00,,,,,,
1978-03-30 00:00:00-05:00,,,,,,
1978-03-31 00:00:00-05:00,,,,,,
1978-04-03 00:00:00-05:00,,,,,,
1978-04-04 00:00:00-05:00,,,,,,
1978-04-05 00:00:00-05:00,,,,,,
1978-04-06 00:00:00-05:00,,,,,,
1978-04-07 00:00:00-05:00,,,,,,
1978-04-10 00:00:00-05:00,,,,,,
1978-04-11 00:00:00-05:00,,,,,,
1978-04-12 00:00:00-05:00,,,,,,
1978-04-13 00:00:00-05:00,,,,,,
1978-04-14 00:00:00-05:00,,,,,,
1978-04-17 00:00:00-05:00,,,,,,
1978-04-18 00:00:00-05:00,,,,,,
1978-04-19 00:00:00-05:00,,,,,,
1978-04-20 00:00:00-05:00,,,,,,
1978-04-21 00:00:00-05:00,,,,,,
1978-04-24 00:00:00-05:00,,,,,,
1978-04-25 00:00:00-05:00,,,,,,
1978-04-26 00:00:00-05:00,,,,,,
1978-04-27 00:00:00-05:00,,,,,,
1978-04-28 00:00:00-05:00,,,,,,
1978-05-01 00:00:00-04:00,,,,,,
1978-05-02 00:00:00-04:00,,,,,,
1978-05-03 00:00:00-04:00,,,,,,
1978-05-04 00:00:00-04:00,,,,,,
1978-05-05 00:00:00-04:00,,,,,,
1978-05-08 00:00:00-04:00,,,,,,
1978-05-09 00:00:00-04:00,,,,,,
1978-05-10 00:00:00-04:00,,,,,,
1978-05-11 00:00:00-04:00,,,,,,
1978-05-12 00:00:00-04:00,,,,,,
1978-05-15 00:00:00-04:00,,,,,,
1978-05-16 00:00:00-04:00,,,,,,
1978-05-17 00:00:00-04:00,,,,,,
1978-05-18 00:00:00-04:00,,,,,,
1978-05-19 00:00:00-04:00,,,,,,
1978-05-22 00:00:00-04:00,,,,,,
1978-05-23 00:00:00-04:00,,,,,,
1978-05-24 00:00:00-04:00,,,,,,
1978-05-25 00:00:00-04:00,,,,,,
1978-05-26 00:00:00-04:00,,,,,,
1978-05-30 00:00:00-04:00,,,,,,
1978-05-31 00:00:00-04:00,,,,,,
1978-06-01 00:00:00-04:00,,,,,,
1978-06-02 00:00:00-04:00,,,,,,
1978-06-05 00:00:00-04:00,,,,,,
1978-06-06 00:00:00-04:00,,,,,,
1978-06-07 00:00:00-04:00,,,,,,
1978-06-08 00:00:00-04:00,,,,,,
1978-06-09 00:00:00-04:00,,,,,,
1978-06-12 00:00:00-04:00,,,,,,
1978-06-13 00:00:00-04:00,,,,,,
1978-06-14 00:00:00-04:00,,,,,,
1978-06-15 00:00:00-04:00,,,,,,
1978-06-16 00:00:00-04:00,,,,,,
1978-06-19 00:00:00-04:00,,,,,,
1978-06-20 00:00:00-04:00,,,,,,
1978-06-21 00:00:00-04:00,,,,,,
1978-06-22 00:00:00-04:00,,,,,,
1978-06-23 00:00:00-04:00,,,,,,
1978-06-26 00:00:00-04:00,,,,,,
1978-06-27 00:00:00-04:00,,,,,,
1978-06-28 00:00:00-04:00,,,,,,
1978-06-29 00:00:00-04:00,,,,,,
1978-06-30 00:00:00-04:00,,,,,,
1978-07-03 00:00:00-04:00,,,,,,
1978-07-05 00:00:00-04:00,,,,,,
1978-07-06 00:00:00-04:00,,,,,,
1978-07-07 00:00:00-04:00,,,,,,
1978-07-10 00:00:00-04:00,,,,,,
1978-07-11 00:00:00-04:00,,,,,,
1978-07-12 00:00:00-04:00,,,,,,
1978-07-13 00:00:00-04:00,,,,,,
1978-07-14 00:00:00-04:00,,,,,,
1978-07-17 00:00:00-04:00,,,,,,
1978-07-18 00:00:00-04:00,,,,,,
1978-07-19 00:00:00-04:00,,,,,,
1978-07-20 00:00:00-04:00,,,,,,
1978-07-21 00:00:00-04:00,,,,,,
1978-07-24 00:00:00-04:00,,,,,,
1978-07-25 00:00:00-04:00,,,,,,
1978-07-26 00:00:00-04:00,,,,,,
1978-07-27 00:00:00-04:00,,,,,,
1978-07-28 00:00:00-04:00,,,,,,
1978-07-31 00:00:00-04:00,,,,,,
1978-08-01 00:00:00-04:00,,,,,,
1978-08-02 00:00:00-04:00,,,,,,
1978-08-03 00:00:00-04:00,,,,,,
1978-08-04 00:00:00-04:00,,,,,,
1978-08-07 00:00:00-04:00,,,,,,
1978-08-08 00:00:00-04:00,,,,,,
1978-08-09 00:00:00-04:00,,,,,,
1978-08-10 00:00:00-04:00,,,,,,
1978-08-11 00:00:00-04:00,,,,,,
1978-08-14 00:00:00-04:00,,,,,,
1978-08-15 00:00:00-04:00,,,,,,
1978-08-16 00:00:00-04:00,,,,,,
1978-08-17 00:00:00-04:00,,,,,,
1978-08-18 00:00:00-04:00,,,,,,
1978-08-21 00:00:00-04:00,,,,,,
1978-08-22 00:00:00-04:00,,,,,,
1978-08-23 00:00:00-04:00,,,,,,
1978-08-24 00:00:00-04:00,,,,,,
1978-08-25 00:00:00-04:00,,,,,,
1978-08-28 00:00:00-04:00,,,,,,
1978-08-29 00:00:00-04:00,,,,,,
1978-08-30 00:00:00-04:00,,,,,,
1978-08-31 00:00:00-04:00,,,,,,
1978-09-01 00:00:00-04:00,,,,,,
1978-09-05 00:00:00-04:00,,,,,,
1978-09-06 00:00:00-04:00,,,,,,
1978-09-07 00:00:00-04:00,,,,,,
1978-09-08 00:00:00-04:00,,,,,,
1978-09-11 00:00:00-04:00,,,,,,
1978-09-12 00:00:00-04:00,,,,,,
1978-09-13 00:00:00-04:00,,,,,,
1978-09-14 00:00:00-04:00,,,,,,
1978-09-15 00:00:00-04:00,,,,,,
1978-09-18 00:00:00-04:00,,,,,,
1978-09-19 00:00:00-04:00,,,,,,
1978-09-20 00:00:00-04:00,,,,,,
1978-09-21 00:00:00-04:00,,,,,,
1978-09-22 00:00:00-04:00,,,,,,
1978-09-25 00:00:00-04:00,,,,,,
1978-09-26 00:00:00-04:00,,,,,,
1978-09-27 00:00:00-04:00,,,,,,
1978-09-28 00:00:00-04:00,,,,,,
1978-09-29 00:00:00-04:00,,,,,,
1978-10-02 00:00:00-04:00,,,,,,
1978-10-03 00:00:00-04:00,,,,,,
1978-10-04 00:00:00-04:00,,,,,,
1978-10-05 00:00:00-04:00,,,,,,
1978-10-06 00:00:00-04:00,,,,,,
1978-10-09 00:00:00-04:00,,,,,,
1978-10-10 00:00:00-04:00,,,,,,
1978-10-11 00:00:00-04:00,,,,,,
1978-10-12 00:00:00-04:00,,,,,,
1978-10-13 00:00:00-04:00,,,,,,
1978-10-16 00:00:00-04:00,,,,,,
1978-10-17 00:00:00-04:00,,,,,,
1978-10-18 00:00:00-04:00,,,,,,
1978-10-19 00:00:00-04:00,,,,,,
1978-10-20 00:00:00-04:00,,,,,,
1978-10-23 00:00:00-04:00,,,,,,
1978-10-24 00:00:00-04:00,,,,,,
1978-10-25 00:00:00-04:00,,,,,,
1978-10-26 00:00:00-04:00,,,,,,
1978-10-27 00:00:00-04:00,,,,,,
1978-10-30 00:00:00-05:00,,,,,,
1978-10-31 00:00:00-05:00,,,,,,
1978-11-01 00:00:00-05:00,,,,,,
1978-11-02 00:00:00-05:00,,,,,,
1978-11-03 00:00:00-05:00,,,,,,
1978-11-06 00:00:00-05:00,,,,,,
1978-11-07 00:00:00-05:00,,,,,,
1978-11-08 00:00:00-05:00,,,,,,
1978-11-09 00:00:00-05:00,,,,,,
1978-11-10 00:00:00-05:00,,,,,,
1978-11-13 00:00:00-05:00,,,,,,
1978-11-14 00:00:00-05:00,,,,,,
1978-11-15 00:00:00-05:00,,,,,,
1978-11-16 00:00:00-05:00,,,,,,
1978-11-17 00:00:00-05:00,,,,,,
1978-11-20 00:00:00-05:00,,,,,,
1978-11-21 00:00:00-05:00,,,,,,
1978-11-22 00:00:00-05:00,,,,,,
1978-11-24 00:00:00-05:00,,,,,,
1978-11-27 00:00:00-05:00,,,,,,
1978-11-28 00:00:00-05:00,,,,,,
1978-11-29 00:00:00-05:00,,,,,,
1978-11-30 00:00:00-05:00,,,,,,
1978-12-01 00:00:00-05:00,,,,,,
1978-12-04 00:00:00-05:00,,,,,,
1978-12-05 00:00:00-05:00,,,,,,
1978-12-06 00:00:00-05:00,,,,,,
1978-12-07 00:00:00-05:00,,,,,,
1978-12-08 00:00:00-05:00,,,,,,
1978-12-11 00:00:00-05:00,,,,,,
1978-12-12 00:00:00-05:00,,,,,,
1978-12-13 00:00:00-05:00,,,,,,
1978-12-14 00:00:00-05:00,,,,,,
1978-12-15 00:00:00-05:00,,,,,,
1978-12-18 00:00:00-05:00,,,,,,
1978-12-19 00:00:00-05:00,,,,,,
1978-12-20 00:00:00-05:00,,,,,,
1978-12-21 00:00:00-05:00,,,,,,
1978-12-22 00:00:00-05:00,,,,,,
1978-12-26 00:00:00-05:00,,,,,,
1978-12-27 00:00:00-05:00,,,,,,
1978-12-28 00:00:00-05:00,,,,,,
1978-12-29 00:00:00-05:00,,,,,,
1979-01-02 00:00:00-05:00,,,,,,
1979-01-03 00:00:00-05:00,,,,,,
1979-01-04 00:00:00-05:00,,,,,,
1979-01-05 00:00:00-05:00,,,,,,
1979-01-08 00:00:00-05:00,,,,,,
1979-01-09 00:00:00-05:00,,,,,,
1979-01-10 00:00:00-05:00,,,,,,
1979-01-11 00:00:00-05:00,,,,,,
1979-01-12 00:00:00-05:00,,,,,,
1979-01-15 00:00:00-05:00,,,,,,
1979-01-16 00:00:00-05:00,,,,,,
1979-01-17 00:00:00-05:00,,,,,,
1979-01-18 00:00:00-05:00,,,,,,
1979-01-19 00:00:00-05:00,,,,,,
1979-01-22 00:00:00-05:00,,,,,,
1979-01-23 00:00:00-05:00,,,,,,
1979-01-24 00:00:00-05:00,,,,,,
1979-01-25 00:00:00-05:00,,,,,,
1979-01-26 00:00:00-05:00,,,,,,
1979-01-29 00:00:00-05:00,,,,,,
1979-01-30 00:00:00-05:00,,,,,,
1979-01-31 00:00:00-05:00,,,,,,
1979-02-01 00:00:00-05:00,,,,,,
1979-02-02 00:00:00-05:00,,,,,,
1979-02-05 00:00:00-05:00,,,,,,
1979-02-06 00:00:00-05:00,,,,,,
1979-02-07 00:00:00-05:00,,,,,,
1979-02-08 00:00:00-05:00,,,,,,
1979-02-09 00:00:00-05:00,,,,,,
1979-02-12 00:00:00-05:00,,,,,,
1979-02-13 00:00:00-05:00,,,,,,
1979-02-14 00:00:00-05:00,,,,,,
1979-02-15 00:00:00-05:00,,,,,,
1979-02-16 00:00:00-05:00,,,,,,
1979-02-20 00:00:00-05:00,,,,,,
1979-02-21 00:00:00-05:00,,,,,,
1979-02-22 00:00:00-05:00,,,,,,
1979-02-23 00:00:00-05:00,,,,,,
1979-02-26 00:00:00-05:00,,,,,,
1979-02-27 00:00:00-05:00,,,,,,
1979-02-28 00:00:00-05:00,,,,,,
1979-03-01 00:00:00-05:00,,,,,,
1979-03-02 00:00:00-05:00,,,,,,
1979-03-05 00:00:00-05:00,,,,,,
1979-03-06 00:00:00-05:00,,,,,,
1979-03-07 00:00:00-05:00,,,,,,
1979-03-08 00:00:00-05:00,,,,,,
1979-03-09 00:00:00-05:00,,,,,,
1979-03-12 00:00:00-05:00,,,,,,
1979-03-13 00:00:00-05:00,,,,,,
1979-03-14 00:00:00-05:00,,,,,,
1979-03-15 00:00:00-05:00,,,,,,
1979-03-16 00:00:00-05:00,,,,,,
1979-03-19 00:00:00-05:00,,,,,,
1979-03-20 00:00:00-05:00,,,,,,
1979-03-21 00:00:00-05:00,,,,,,
1979-03-22 00:00:00-05:00,,,,,,
1979-03-23 00:00:00-05:00,,,,,,
1979-03-26 00:00:00-05:00,,,,,,
1979-03-27 00:00:00-05:00,,,,,,
1979-03-28 00:00:00-05:00,,,,,,
1979-03-29 00:00:00-05:00,,,,,,
1979-03-30 00:00:00-05:00,,,,,,
1979-04-02 00:00:00-05:00,,,,,,
1979-04-03 00:00:00-05:00,,,,,,
1979-04-04 00:00:00-05:00,,,,,,
1979-04-05 00:00:00-05:00,,,,,,
1979-04-06 00:00:00-05:00,,,,,,
1979-04-09 00:00:00-05:00,,,,,,
1979-04-10 00:00:00-05:00,,,,,,
1979-04-11 00:00:00-05:00,,,,,,
1979-04-12 00:00:00-05:00,,,,,,
1979-04-16 00:00:00-05:00,,,,,,
1979-04-17 00:00:00-05:00,,,,,,
1979-04-18 00:00:00-05:00,,,,,,
1979-04-19 00:00:00-05:00,,,,,,
1979-04-20 00:00:00-05:00,,,,,,
1979-04-23 00:00:00-05:00,,,,,,
1979-04-24 00:00:00-05:00,,,,,,
1979-04-25 00:00:00-05:00,,,,,,
1979-04-26 00:00:00-05:00,,,,,,
1979-04-27 00:00:00-05:00,,,,,,
1979-04-30 00:00:00-04:00,,,,,,
1979-05-01 00:00:00-04:00,,,,,,
1979-05-02 00:00:00-04:00,,,,,,
1979-05-03 00:00:00-04:00,,,,,,
1979-05-04 00:00:00-04:00,,,,,,
1979-05-07 00:00:00-04:00,,,,,,
1979-05-08 00:00:00-04:00,,,,,,
1979-05-09 00:00:00-04:00,,,,,,
1979-05-10 00:00:00-04:00,,,,,,
1979-05-11 00:00:00-04:00,,,,,,
1979-05-14 00:00:00-04:00,,,,,,
1979-05-15 00:00:00-04:00,,,,,,
1979-05-16 00:00:00-04:00,,,,,,
1979-05-17 00:00:00-04:00,,,,,,
1979-05-18 00:00:00-04:00,,,,,,
1979-05-21 00:00:00-04:00,,,,,,
1979-05-22 00:00:00-04:00,,,,,,
1979-05-23 00:00:00-04:00,,,,,,
1979-05-24 00:00:00-04:00,,,,,,
1979-05-25 00:00:00-04:00,,,,,,
1979-05-29 00:00:00-04:00,,,,,,
1979-05-30 00:00:00-04:00,,,,,,
1979-05-31 00:00:00-04:00,,,,,,
1979-06-01 00:00:00-04:00,,,,,,
1979-06-04 00:00:00-04:00,,,,,,
1979-06-05 00:00:00-04:00,,,,,,
1979-06-06 00:00:00-04:00,,,,,,
1979-06-07 00:00:00-04:00,,,,,,
1979-06-08 00:00:00-04:00,,,,,,
1979-06-11 00:00:00-04:00,,,,,,
1979-06-12 00:00:00-04:00,,,,,,
1979-06-13 00:00:00-04:00,,,,,,
1979-06-14 00:00:00-04:00,,,,,,
1979-06-15 00:00:00-04:00,,,,,,
1979-06-18 00:00:00-04:00,,,,,,
1979-06-19 00:00:00-04:00,,,,,,
1979-06-20 00:00:00-04:00,,,,,,
1979-06-21 00:00:00-04:00,,,,,,
1979-06-22 00:00:00-04:00,,,,,,
1979-06-25 00:00:00-04:00,,,,,,
1979-06-26 00:00:00-04:00,,,,,,
1979-06-27 00:00:00-04:00,,,,,,
1979-06-28 00:00:00-04:00,,,,,,
1979-06-29 00:00:00-04:00,,,,,,
1979-07-02 00:00:00-04:00,,,,,,
1979-07-03 00:00:00-04:00,,,,,,
1979-07-05 00:00:00-04:00,,,,,,
1979-07-06 00:00:00-04:00,,,,,,
1979-07-09 00:00:00-04:00,,,,,,
1979-07-10 00:00:00-04:00,,,,,,
1979-07-11 00:00:00-04:00,,,,,,
1979-07-12 00:00:00-04:00,,,,,,
1979-07-13 00:00:00-04:00,,,,,,
1979-07-16 00:00:00-04:00,,,,,,
1979-07-17 00:00:00-04:00,,,,,,
1979-07-18 00:00:00-04:00,,,,,,
1979-07-19 00:00:00-04:00,,,,,,
1979-07-20 00:00:00-04:00,,,,,,
1979-07-23 00:00:00-04:00,,,,,,
1979-07-24 00:00:00-04:00,,,,,,
1979-07-25 00:00:00-04:00,,,,,,
1979-07-26 00:00:00-04:00,,,,,,
1979-07-27 00:00:00-04:00,,,,,,
1979-07-30 00:00:00-04:00,,,,,,
1979-07-31 00:00:00-04:00,,,,,,
1979-08-01 00:00:00-04:00,,,,,,
1979-08-02 00:00:00-04:00,,,,,,
1979-08-03 00:00:00-04:00,,,,,,
1979-08-06 00:00:00-04:00,,,,,,
1979-08-07 00:00:00-04:00,,,,,,
1979-08-08 00:00:00-04:00,,,,,,
1979-08-09 00:00:00-04:00,,,,,,
1979-08-10 00:00:00-04:00,,,,,,
1979-08-13 00:00:00-04:00,,,,,,
1979-08-14 00:00:00-04:00,,,,,,
1979-08-15 00:00:00-04:00,,,,,,
1979-08-16 00:00:00-04:00,,,,,,
1979-08-17 00:00:00-04:00,,,,,,
1979-08-20 00:00:00-04:00,,,,,,
1979-08-21 00:00:00-04:00,,,,,,
1979-08-22 00:00:00-04:00,,,,,,
1979-08-23 00:00:00-04:00,,,,,,
1979-08-24 00:00:00-04:00,,,,,,
1979-08-27 00:00:00-04:00,,,,,,
1979-08-28 00:00:00-04:00,,,,,,
1979-08-29 00:00:00-04:00,,,,,,
1979-08-30 00:00:00-04:00,,,,,,
1979-08-31 00:00:00-04:00,,,,,,
1979-09-04 00:00:00-04:00,,,,,,
1979-09-05 00:00:00-04:00,,,,,,
1979-09-06 00:00:00-04:00,,,,,,
1979-09-07 00:00:00-04:00,,,,,,
1979-09-10 00:00:00-04:00,,,,,,
1979-09-11 00:00:00-04:00,,,,,,
1979-09-12 00:00:00-04:00,,,,,,
1979-09-13 00:00:00-04:00,,,,,,
1979-09-14 00:00:00-04:00,,,,,,
1979-09-17 00:00:00-04:00,,,,,,
1979-09-18 00:00:00-04:00,,,,,,
1979-09-19 00:00:00-04:00,,,,,,
1979-09-20 00:00:00-04:00,,,,,,
1979-09-21 00:00:00-04:00,,,,,,
1979-09-24 00:00:00-04:00,,,,,,
1979-09-25 00:00:00-04:00,,,,,,
1979-09-26 00:00:00-04:00,,,,,,
1979-09-27 00:00:00-04:00,,,,,,
1979-09-28 00:00:00-04:00,,,,,,
1979-10-01 00:00:00-04:00,,,,,,
1979-10-02 00:00:00-04:00,,,,,,
1979-10-03 00:00:00-04:00,,,,,,
1979-10-04 00:00:00-04:00,,,,,,
1979-10-05 00:00:00-04:00,,,,,,
1979-10-08 00:00:00-04:00,,,,,,
1979-10-09 00:00:00-04:00,,,,,,
1979-10-10 00:00:00-04:00,,,,,,
1979-10-11 00:00:00-04:00,,,,,,
1979-10-12 00:00:00-04:00,,,,,,
1979-10-15 00:00:00-04:00,,,,,,
1979-10-16 00:00:00-04:00,,,,,,
1979-10-17 00:00:00-04:00,,,,,,
1979-10-18 00:00:00-04:00,,,,,,
1979-10-19 00:00:00-04:00,,,,,,
1979-10-22 00:00:00-04:00,,,,,,
1979-10-23 00:00:00-04:00,,,,,,
1979-10-24 00:00:00-04:00,,,,,,
1979-10-25 00:00:00-04:00,,,,,,
1979-10-26 00:00:00-04:00,,,,,,
1979-10-29 00:00:00-05:00,,,,,,
1979-10-30 00:00:00-05:00,,,,,,
1979-10-31 00:00:00-05:00,,,,,,
1979-11-01 00:00:00-05:00,,,,,,
1979-11-02 00:00:00-05:00,,,,,,
1979-11-05 00:00:00-05:00,,,,,,
1979-11-06 00:00:00-05:00,,,,,,
1979-11-07 00:00:00-05:00,,,,,,
1979-11-08 00:00:00-05:00,,,,,,
1979-11-09 00:00:00-05:00,,,,,,
1979-11-12 00:00:00-05:00,,,,,,
1979-11-13 00:00:00-05:00,,,,,,
1979-11-14 00:00:00-05:00,,,,,,
1979-11-15 00:00:00-05:00,,,,,,
1979-11-16 00:00:00-05:00,,,,,,
1979-11-19 00:00:00-05:00,,,,,,
1979-11-20 00:00:00-05:00,,,,,,
1979-11-21 00:00:00-05:00,,,,,,
1979-11-23 00:00:00-05:00,,,,,,
1979-11-26 00:00:00-05:00,,,,,,
1979-11-27 00:00:00-05:00,,,,,,
1979-11-28 00:00:00-05:00,,,,,,
1979-11-29 00:00:00-05:00,,,,,,
1979-11-30 00:00:00-05:00,,,,,,
1979-12-03 00:00:00-05:00,,,,,,
1979-12-04 00:00:00-05:00,,,,,,
1979-12-05 00:00:00-05:00,,,,,,
1979-12-06 00:00:00-05:00,,,,,,
1979-12-07 00:00:00-05:00,,,,,,
1979-12-10 00:00:00-05:00,,,,,,
1979-12-11 00:00:00-05:00,,,,,,
1979-12-12 00:00:00-05:00,,,,,,
1979-12-13 00:00:00-05:00,,,,,,
1979-12-14 00:00:00-05:00,,,,,,
1979-12-17 00:00:00-05:00,,,,,,
1979-12-18 00:00:00-05:00,,,,,,
1979-12-19 00:00:00-05:00,,,,,,
1979-12-20 00:00:00-05:00,,,,,,
1979-12-21 00:00:00-05:00,,,,,,
1979-12-24 00:00:00-05:00,,,,,,
1979-12-26 00:00:00-05:00,,,,,,
1979-12-27 00:00:00-05:00,,,,,,
1979-12-28 00:00:00-05:00,,,,,,
1979-12-31 00:00:00-05:00,,,,,,
1980-01-02 00:00:00-05:00,,,,,,
1980-01-03 00:00:00-05:00,,,,,,
1980-01-04 00:00:00-05:00,,,,,,
1980-01-07 00:00:00-05:00,,,,,,
1980-01-08 00:00:00-05:00,,,,,,
1980-01-09 00:00:00-05:00,,,,,,
1980-01-10 00:00:00-05:00,,,,,,
1980-01-11 00:00:00-05:00,,,,,,
1980-01-14 00:00:00-05:00,,,,,,
1980-01-15 00:00:00-05:00,,,,,,
1980-01-16 00:00:00-05:00,,,,,,
1980-01-17 00:00:00-05:00,,,,,,
1980-01-18 00:00:00-05:00,,,,,,
1980-01-21 00:00:00-05:00,,,,,,
1980-01-22 00:00:00-05:00,,,,,,
1980-01-23 00:00:00-05:00,,,,,,
1980-01-24 00:00:00-05:00,,,,,,
1980-01-25 00:00:00-05:00,,,,,,
1980-01-28 00:00:00-05:00,,,,,,
1980-01-29 00:00:00-05:00,,,,,,
1980-01-30 00:00:00-05:00,,,,,,
1980-01-31 00:00:00-05:00,,,,,,
1980-02-01 00:00:00-05:00,,,,,,
1980-02-04 00:00:00-05:00,,,,,,
1980-02-05 00:00:00-05:00,,,,,,
1980-02-06 00:00:00-05:00,,,,,,
1980-02-07 00:00:00-05:00,,,,,,
1980-02-08 00:00:00-05:00,,,,,,
1980-02-11 00:00:00-05:00,,,,,,
1980-02-12 00:00:00-05:00,,,,,,
1980-02-13 00:00:00-05:00,,,,,,
1980-02-14 00:00:00-05:00,,,,,,
1980-02-15 00:00:00-05:00,,,,,,
1980-02-19 00:00:00-05:00,,,,,,
1980-02-20 00:00:00-05:00,,,,,,
1980-02-21 00:00:00-05:00,,,,,,
1980-02-22 00:00:00-05:00,,,,,,
1980-02-25 00:00:00-05:00,,,,,,
1980-02-26 00:00:00-05:00,,,,,,
1980-02-27 00:00:00-05:00,,,,,,
1980-02-28 00:00:00-05:00,,,,,,
1980-02-29 00:00:00-05:00,,,,,,
1980-03-03 00:00:00-05:00,,,,,,
1980-03-04 00:00:00-05:00,,,,,,
1980-03-05 00:00:00-05:00,,,,,,
1980-03-06 00:00:00-05:00,,,,,,
1980-03-07 00:00:00-05:00,,,,,,
1980-03-10 00:00:00-05:00,,,,,,
1980-03-11 00:00:00-05:00,,,,,,
1980-03-12 00:00:00-05:00,,,,,,
1980-03-13 00:00:00-05:00,,,,,,
1980-03-14 00:00:00-05:00,,,,,,
1980-03-17 00:00:00-05:00,,,,,,
1980-03-18 00:00:00-05:00,,,,,,
1980-03-19 00:00:00-05:00,,,,,,
1980-03-20 00:00:00-05:00,,,,,,
1980-03-21 00:00:00-05:00,,,,,,
1980-03-24 00:00:00-05:00,,,,,,
1980-03-25 00:00:00-05:00,,,,,,
1980-03-26 00:00:00-05:00,,,,,,
1980-03-27 00:00:00-05:00,,,,,,
1980-03-28 00:00:00-05:00,,,,,,
1980-03-31 00:00:00-05:00,,,,,,
1980-04-01 00:00:00-05:00,,,,,,
1980-04-02 00:00:00-05:00,,,,,,
1980-04-03 00:00:00-05:00,,,,,,
1980-04-07 00:00:00-05:00,,,,,,
1980-04-08 00:00:00-05:00,,,,,,
1980-04-09 00:00:00-05:00,,,,,,
1980-04-10 00:00:00-05:00,,,,,,
1980-04-11 00:00:00-05:00,,,,,,
1980-04-14 00:00:00-05:00,,,,,,
1980-04-15 00:00:00-05:00,,,,,,
1980-04-16 00:00:00-05:00,,,,,,
1980-04-17 00:00:00-05:00,,,,,,
1980-04-18 00:00:00-05:00,,,,,,
1980-04-21 00:00:00-05:00,,,,,,
1980-04-22 00:00:00-05:00,,,,,,
1980-04-23 00:00:00-05:00,,,,,,
1980-04-24 00:00:00-05:00,,,,,,
1980-04-25 00:00:00-05:00,,,,,,
1980-04-28 00:00:00-04:00,,,,,,
1980-04-29 00:00:00-04:00,,,,,,
1980-04-30 00:00:00-04:00,,,,,,
1980-05-01 00:00:00-04:00,,,,,,
1980-05-02 00:00:00-04:00,,,,,,
1980-05-05 00:00:00-04:00,,,,,,
1980-05-06 00:00:00-04:00,,,,,,
1980-05-07 00:00:00-04:00,,,,,,
1980-05-08 00:00:00-04:00,,,,,,
1980-05-09 00:00:00-04:00,,,,,,
1980-05-12 00:00:00-04:00,,,,,,
1980-05-13 00:00:00-04:00,,,,,,
1980-05-14 00:00:00-04:00,,,,,,
1980-05-15 00:00:00-04:00,,,,,,
1980-05-16 00:00:00-04:00,,,,,,
1980-05-19 00:00:00-04:00,,,,,,
1980-05-20 00:00:00-04:00,,,,,,
1980-05-21 00:00:00-04:00,,,,,,
1980-05-22 00:00:00-04:00,,,,,,
1980-05-23 00:00:00-04:00,,,,,,
1980-05-27 00:00:00-04:00,,,,,,
1980-05-28 00:00:00-04:00,,,,,,
1980-05-29 00:00:00-04:00,,,,,,
1980-05-30 00:00:00-04:00,,,,,,
1980-06-02 00:00:00-04:00,,,,,,
1980-06-03 00:00:00-04:00,,,,,,
1980-06-04 00:00:00-04:00,,,,,,
1980-06-05 00:00:00-04:00,,,,,,
1980-06-06 00:00:00-04:00,,,,,,
1980-06-09 00:00:00-04:00,,,,,,
1980-06-10 00:00:00-04:00,,,,,,
1980-06-11 00:00:00-04:00,,,,,,
1980-06-12 00:00:00-04:00,,,,,,
1980-06-13 00:00:00-04:00,,,,,,
1980-06-16 00:00:00-04:00,,,,,,
1980-06-17 00:00:00-04:00,,,,,,
1980-06-18 00:00:00-04:00,,,,,,
1980-06-19 00:00:00-04:00,,,,,,
1980-06-20 00:00:00-04:00,,,,,,
1980-06-23 00:00:00-04:00,,,,,,
1980-06-24 00:00:00-04:00,,,,,,
1980-06-25 00:00:00-04:00,,,,,,
1980-06-26 00:00:00-04:00,,,,,,
1980-06-27 00:00:00-04:00,,,,,,
1980-06-30 00:00:00-04:00,,,,,,
1980-07-01 00:00:00-04:00,,,,,,
1980-07-02 00:00:00-04:00,,,,,,
1980-07-03 00:00:00-04:00,,,,,,
1980-07-07 00:00:00-04:00,,,,,,
1980-07-08 00:00:00-04:00,,,,,,
1980-07-09 00:00:00-04:00,,,,,,
1980-07-10 00:00:00-04:00,,,,,,
1980-07-11 00:00:00-04:00,,,,,,
1980-07-14 00:00:00-04:00,,,,,,
1980-07-15 00:00:00-04:00,,,,,,
1980-07-16 00:00:00-04:00,,,,,,
1980-07-17 00:00:00-04:00,,,,,,
1980-07-18 00:00:00-04:00,,,,,,
1980-07-21 00:00:00-04:00,,,,,,
1980-07-22 00:00:00-04:00,,,,,,
1980-07-23 00:00:00-04:00,,,,,,
1980-07-24 00:00:00-04:00,,,,,,
1980-07-25 00:00:00-04:00,,,,,,
1980-07-28 00:00:00-04:00,,,,,,
1980-07-29 00:00:00-04:00,,,,,,
1980-07-30 00:00:00-04:00,,,,,,
1980-07-31 00:00:00-04:00,,,,,,
1980-08-01 00:00:00-04:00,,,,,,
1980-08-04 00:00:00-04:00,,,,,,
1980-08-05 00:00:00-04:00,,,,,,
1980-08-06 00:00:00-04:00,,,,,,
1980-08-07 00:00:00-04:00,,,,,,
1980-08-08 00:00:00-04:00,,,,,,
1980-08-11 00:00:00-04:00,,,,,,
1980-08-12 00:00:00-04:00,,,,,,
1980-08-13 00:00:00-04:00,,,,,,
1980-08-14 00:00:00-04:00,,,,,,
1980-08-15 00:00:00-04:00,,,,,,
1980-08-18 00:00:00-04:00,,,,,,
1980-08-19 00:00:00-04:00,,,,,,
1980-08-20 00:00:00-04:00,,,,,,
1980-08-21 00:00:00-04:00,,,,,,
1980-08-22 00:00:00-04:00,,,,,,
1980-08-25 00:00:00-04:00,,,,,,
1980-08-26 00:00:00-04:00,,,,,,
1980-08-27 00:00:00-04:00,,,,,,
1980-08-28 00:00:00-04:00,,,,,,
1980-08-29 00:00:00-04:00,,,,,,
1980-09-02 00:00:00-04:00,,,,,,
1980-09-03 00:00:00-04:00,,,,,,
1980-09-04 00:00:00-04:00,,,,,,
1980-09-05 00:00:00-04:00,,,,,,
1980-09-08 00:00:00-04:00,,,,,,
1980-09-09 00:00:00-04:00,,,,,,
1980-09-10 00:00:00-04:00,,,,,,
1980-09-11 00:00:00-04:00,,,,,,
1980-09-12 00:00:00-04:00,,,,,,
1980-09-15 00:00:00-04:00,,,,,,
1980-09-16 00:00:00-04:00,,,,,,
1980-09-17 00:00:00-04:00,,,,,,
1980-09-18 00:00:00-04:00,,,,,,
1980-09-19 00:00:00-04:00,,,,,,
1980-09-22 00:00:00-04:00,,,,,,
1980-09-23 00:00:00-04:00,,,,,,
1980-09-24 00:00:00-04:00,,,,,,
1980-09-25 00:00:00-04:00,,,,,,
1980-09-26 00:00:00-04:00,,,,,,
1980-09-29 00:00:00-04:00,,,,,,
1980-09-30 00:00:00-04:00,,,,,,
1980-10-01 00:00:00-04:00,,,,,,
1980-10-02 00:00:00-04:00,,,,,,
1980-10-03 00:00:00-04:00,,,,,,
1980-10-06 00:00:00-04:00,,,,,,
1980-10-07 00:00:00-04:00,,,,,,
1980-10-08 00:00:00-04:00,,,,,,
1980-10-09 00:00:00-04:00,,,,,,
1980-10-10 00:00:00-04:00,,,,,,
1980-10-13 00:00:00-04:00,,,,,,
1980-10-14 00:00:00-04:00,,,,,,
1980-10-15 00:00:00-04:00,,,,,,
1980-10-16 00:00:00-04:00,,,,,,
1980-10-17 00:00:00-04:00,,,,,,
1980-10-20 00:00:00-04:00,,,,,,
1980-10-21 00:00:00-04:00,,,,,,
1980-10-22 00:00:00-04:00,,,,,,
1980-10-23 00:00:00-04:00,,,,,,
1980-10-24 00:00:00-04:00,,,,,,
1980-10-27 00:00:00-05:00,,,,,,
1980-10-28 00:00:00-05:00,,,,,,
1980-10-29 00:00:00-05:00,,,,,,
1980-10-30 00:00:00-05:00,,,,,,
1980-10-31 00:00:00-05:00,,,,,,
1980-11-03 00:00:00-05:00,,,,,,
1980-11-05 00:00:00-05:00,,,,,,
1980-11-06 00:00:00-05:00,,,,,,
1980-11-07 00:00:00-05:00,,,,,,
1980-11-10 00:00:00-05:00,,,,,,
1980-11-11 00:00:00-05:00,,,,,,
1980-11-12 00:00:00-05:00,,,,,,
1980-11-13 00:00:00-05:00,,,,,,
1980-11-14 00:00:00-05:00,,,,,,
1980-11-17 00:00:00-05:00,,,,,,
1980-11-18 00:00:00-05:00,,,,,,
1980-11-19 00:00:00-05:00,,,,,,
1980-11-20 00:00:00-05:00,,,,,,
1980-11-21 00:00:00-05:00,,,,,,
1980-11-24 00:00:00-05:00,,,,,,
1980-11-25 00:00:00-05:00,,,,,,
1980-11-26 00:00:00-05:00,,,,,,
1980-11-28 00:00:00-05:00,,,,,,
1980-12-01 00:00:00-05:00,,,,,,
1980-12-02 00:00:00-05:00,,,,,,
1980-12-03 00:00:00-05:00,,,,,,
1980-12-04 00:00:00-05:00,,,,,,
1980-12-05 00:00:00-05:00,,,,,,
1980-12-08 00:00:00-05:00,,,,,,
1980-12-09 00:00:00-05:00,,,,,,
1980-12-10 00:00:00-05:00,,,,,,
1980-12-11 00:00:00-05:00,,,,,,
1980-12-12 00:00:00-05:00,,,,,,
1980-12-15 00:00:00-05:00,,,,,,
1980-12-16 00:00:00-05:00,,,,,,
1980-12-17 00:00:00-05:00,,,,,,
1980-12-18 00:00:00-05:00,,,,,,
1980-12-19 00:00:00-05:00,,,,,,
1980-12-22 00:00:00-05:00,,,,,,
1980-12-23 00:00:00-05:00,,,,,,
1980-12-24 00:00:00-05:00,,,,,,
1980-12-26 00:00:00-05:00,,,,,,
1980-12-29 00:00:00-05:00,,,,,,
1980-12-30 00:00:00-05:00,,,,,,
1980-12-31 00:00:00-05:00,,,,,,
1981-01-02 00:00:00-05:00,,,,,,
1981-01-05 00:00:00-05:00,,,,,,
1981-01-06 00:00:00-05:00,,,,,,
1981-01-07 00:00:00-05:00,,,,,,
1981-01-08 00:00:00-05:00,,,,,,
1981-01-09 00:00:00-05:00,,,,,,
1981-01-12 00:00:00-05:00,,,,,,
1981-01-13 00:00:00-05:00,,,,,,
1981-01-14 00:00:00-05:00,,,,,,
1981-01-15 00:00:00-05:00,,,,,,
1981-01-16 00:00:00-05:00,,,,,,
1981-01-19 00:00:00-05:00,,,,,,
1981-01-20 00:00:00-05:00,,,,,,
1981-01-21 00:00:00-05:00,,,,,,
1981-01-22 00:00:00-05:00,,,,,,
1981-01-23 00:00:00-05:00,,,,,,
1981-01-26 00:00:00-05:00,,,,,,
1981-01-27 00:00:00-05:00,,,,,,
1981-01-28 00:00:00-05:00,,,,,,
1981-01-29 00:00:00-05:00,,,,,,
1981-01-30 00:00:00-05:00,,,,,,
1981-02-02 00:00:00-05:00,,,,,,
1981-02-03 00:00:00-05:00,,,,,,
1981-02-04 00:00:00-05:00,,,,,,
1981-02-05 00:00:00-05:00,,,,,,
1981-02-06 00:00:00-05:00,,,,,,
1981-02-09 00:00:00-05:00,,,,,,
1981-02-10 00:00:00-05:00,,,,,,
1981-02-11 00:00:00-05:00,,,,,,
1981-02-12 00:00:00-05:00,,,,,,
1981-02-13 00:00:00-05:00,,,,,,
1981-02-17 00:00:00-05:00,,,,,,
1981-02-18 00:00:00-05:00,,,,,,
1981-02-19 00:00:00-05:00,,,,,,
1981-02-20 00:00:00-05:00,,,,,,
1981-02-23 00:00:00-05:00,,,,,,
1981-02-24 00:00:00-05:00,,,,,,
1981-02-25 00:00:00-05:00,,,,,,
1981-02-26 00:00:00-05:00,,,,,,
1981-02-27 00:00:00-05:00,,,,,,
1981-03-02 00:00:00-05:00,,,,,,
1981-03-03 00:00:00-05:00,,,,,,
1981-03-04 00:00:00-05:00,,,,,,
1981-03-05 00:00:00-05:00,,,,,,
1981-03-06 00:00:00-05:00,,,,,,
1981-03-09 00:00:00-05:00,,,,,,
1981-03-10 00:00:00-05:00,,,,,,
1981-03-11 00:00:00-05:00,,,,,,
1981-03-12 00:00:00-05:00,,,,,,
1981-03-13 00:00:00-05:00,,,,,,
1981-03-16 00:00:00-05:00,,,,,,
1981-03-17 00:00:00-05:00,,,,,,
1981-03-18 00:00:00-05:00,,,,,,
1981-03-19 00:00:00-05:00,,,,,,
1981-03-20 00:00:00-05:00,,,,,,
1981-03-23 00:00:00-05:00,,,,,,
1981-03-24 00:00:00-05:00,,,,,,
1981-03-25 00:00:00-05:00,,,,,,
1981-03-26 00:00:00-05:00,,,,,,
1981-03-27 00:00:00-05:00,,,,,,
1981-03-30 00:00:00-05:00,,,,,,
1981-03-31 00:00:00-05:00,,,,,,
1981-04-01 00:00:00-05:00,,,,,,
1981-04-02 00:00:00-05:00,,,,,,
1981-04-03 00:00:00-05:00,,,,,,
1981-04-06 00:00:00-05:00,,,,,,
1981-04-07 00:00:00-05:00,,,,,,
1981-04-08 00:00:00-05:00,,,,,,
1981-04-09 00:00:00-05:00,,,,,,
1981-04-10 00:00:00-05:00,,,,,,
1981-04-13 00:00:00-05:00,,,,,,
1981-04-14 00:00:00-05:00,,,,,,
1981-04-15 00:00:00-05:00,,,,,,
1981-04-16 00:00:00-05:00,,,,,,
1981-04-20 00:00:00-05:00,,,,,,
1981-04-21 00:00:00-05:00,,,,,,
1981-04-22 00:00:00-05:00,,,,,,
1981-04-23 00:00:00-05:00,,,,,,
1981-04-24 00:00:00-05:00,,,,,,
1981-04-27 00:00:00-04:00,,,,,,
1981-04-28 00:00:00-04:00,,,,,,
1981-04-29 00:00:00-04:00,,,,,,
1981-04-30 00:00:00-04:00,,,,,,
1981-05-01 00:00:00-04:00,,,,,,
1981-05-04 00:00:00-04:00,,,,,,
1981-05-05 00:00:00-04:00,,,,,,
1981-05-06 00:00:00-04:00,,,,,,
1981-05-07 00:00:00-04:00,,,,,,
1981-05-08 00:00:00-04:00,,,,,,
1981-05-11 00:00:00-04:00,,,,,,
1981-05-12 00:00:00-04:00,,,,,,
1981-05-13 00:00:00-04:00,,,,,,
1981-05-14 00:00:00-04:00,,,,,,
1981-05-15 00:00:00-04:00,,,,,,
1981-05-18 00:00:00-04:00,,,,,,
1981-05-19 00:00:00-04:00,,,,,,
1981-05-20 00:00:00-04:00,,,,,,
1981-05-21 00:00:00-04:00,,,,,,
1981-05-22 00:00:00-04:00,,,,,,
1981-05-26 00:00:00-04:00,,,,,,
1981-05-27 00:00:00-04:00,,,,,,
1981-05-28 00:00:00-04:00,,,,,,
1981-05-29 00:00:00-04:00,,,,,,
1981-06-01 00:00:00-04:00,,,,,,
1981-06-02 00:00:00-04:00,,,,,,
1981-06-03 00:00:00-04:00,,,,,,
1981-06-04 00:00:00-04:00,,,,,,
1981-06-05 00:00:00-04:00,,,,,,
1981-06-08 00:00:00-04:00,,,,,,
1981-06-09 00:00:00-04:00,,,,,,
1981-06-10 00:00:00-04:00,,,,,,
1981-06-11 00:00:00-04:00,,,,,,
1981-06-12 00:00:00-04:00,,,,,,
1981-06-15 00:00:00-04:00,,,,,,
1981-06-16 00:00:00-04:00,,,,,,
1981-06-17 00:00:00-04:00,,,,,,
1981-06-18 00:00:00-04:00,,,,,,
1981-06-19 00:00:00-04:00,,,,,,
1981-06-22 00:00:00-04:00,,,,,,
1981-06-23 00:00:00-04:00,,,,,,
1981-06-24 00:00:00-04:00,,,,,,
1981-06-25 00:00:00-04:00,,,,,,
1981-06-26 00:00:00-04:00,,,,,,
1981-06-29 00:00:00-04:00,,,,,,
1981-06-30 00:00:00-04:00,,,,,,
1981-07-01 00:00:00-04:00,,,,,,
1981-07-02 00:00:00-04:00,,,,,,
1981-07-06 00:00:00-04:00,,,,,,
1981-07-07 00:00:00-04:00,,,,,,
1981-07-08 00:00:00-04:00,,,,,,
1981-07-09 00:00:00-04:00,,,,,,
1981-07-10 00:00:00-04:00,,,,,,
1981-07-13 00:00:00-04:00,,,,,,
1981-07-14 00:00:00-04:00,,,,,,
1981-07-15 00:00:00-04:00,,,,,,
1981-07-16 00:00:00-04:00,,,,,,
1981-07-17 00:00:00-04:00,,,,,,
1981-07-20 00:00:00-04:00,,,,,,
1981-07-21 00:00:00-04:00,,,,,,
1981-07-22 00:00:00-04:00,,,,,,
1981-07-23 00:00:00-04:00,,,,,,
1981-07-24 00:00:00-04:00,,,,,,
1981-07-27 00:00:00-04:00,,,,,,
1981-07-28 00:00:00-04:00,,,,,,
1981-07-29 00:00:00-04:00,,,,,,
1981-07-30 00:00:00-04:00,,,,,,
1981-07-31 00:00:00-04:00,,,,,,
1981-08-03 00:00:00-04:00,,,,,,
1981-08-04 00:00:00-04:00,,,,,,
1981-08-05 00:00:00-04:00,,,,,,
1981-08-06 00:00:00-04:00,,,,,,
1981-08-07 00:00:00-04:00,,,,,,
1981-08-10 00:00:00-04:00,,,,,,
1981-08-11 00:00:00-04:00,,,,,,
1981-08-12 00:00:00-04:00,,,,,,
1981-08-13 00:00:00-04:00,,,,,,
1981-08-14 00:00:00-04:00,,,,,,
1981-08-17 00:00:00-04:00,,,,,,
1981-08-18 00:00:00-04:00,,,,,,
1981-08-19 00:00:00-04:00,,,,,,
1981-08-20 00:00:00-04:00,,,,,,
1981-08-21 00:00:00-04:00,,,,,,
1981-08-24 00:00:00-04:00,,,,,,
1981-08-25 00:00:00-04:00,,,,,,
1981-08-26 00:00:00-04:00,,,,,,
1981-08-27 00:00:00-04:00,,,,,,
1981-08-28 00:00:00-04:00,,,,,,
1981-08-31 00:00:00-04:00,,,,,,
1981-09-01 00:00:00-04:00,,,,,,
1981-09-02 00:00:00-04:00,,,,,,
1981-09-03 00:00:00-04:00,,,,,,
1981-09-04 00:00:00-04:00,,,,,,
1981-09-08 00:00:00-04:00,,,,,,
1981-09-09 00:00:00-04:00,,,,,,
1981-09-10 00:00:00-04:00,,,,,,
1981-09-11 00:00:00-04:00,,,,,,
1981-09-14 00:00:00-04:00,,,,,,
1981-09-15 00:00:00-04:00,,,,,,
1981-09-16 00:00:00-04:00,,,,,,
1981-09-17 00:00:00-04:00,,,,,,
1981-09-18 00:00:00-04:00,,,,,,
1981-09-21 00:00:00-04:00,,,,,,
1981-09-22 00:00:00-04:00,,,,,,
1981-09-23 00:00:00-04:00,,,,,,
1981-09-24 00:00:00-04:00,,,,,,
1981-09-25 00:00:00-04:00,,,,,,
1981-09-28 00:00:00-04:00,,,,,,
1981-09-29 00:00:00-04:00,,,,,,
1981-09-30 00:00:00-04:00,,,,,,
1981-10-01 00:00:00-04:00,,,,,,
1981-10-02 00:00:00-04:00,,,,,,
1981-10-05 00:00:00-04:00,,,,,,
1981-10-06 00:00:00-04:00,,,,,,
1981-10-07 00:00:00-04:00,,,,,,
1981-10-08 00:00:00-04:00,,,,,,
1981-10-09 00:00:00-04:00,,,,,,
1981-10-12 00:00:00-04:00,,,,,,
1981-10-13 00:00:00-04:00,,,,,,
1981-10-14 00:00:00-04:00,,,,,,
1981-10-15 00:00:00-04:00,,,,,,
1981-10-16 00:00:00-04:00,,,,,,
1981-10-19 00:00:00-04:00,,,,,,
1981-10-20 00:00:00-04:00,,,,,,
1981-10-21 00:00:00-04:00,,,,,,
1981-10-22 00:00:00-04:00,,,,,,
1981-10-23 00:00:00-04:00,,,,,,
1981-10-26 00:00:00-05:00,,,,,,
1981-10-27 00:00:00-05:00,,,,,,
1981-10-28 00:00:00-05:00,,,,,,
1981-10-29 00:00:00-05:00,,,,,,
1981-10-30 00:00:00-05:00,,,,,,
1981-11-02 00:00:00-05:00,,,,,,
1981-11-03 00:00:00-05:00,,,,,,
1981-11-04 00:00:00-05:00,,,,,,
1981-11-05 00:00:00-05:00,,,,,,
1981-11-06 00:00:00-05:00,,,,,,
1981-11-09 00:00:00-05:00,,,,,,
1981-11-10 00:00:00-05:00,,,,,,
1981-11-11 00:00:00-05:00,,,,,,
1981-11-12 00:00:00-05:00,,,,,,
1981-11-13 00:00:00-05:00,,,,,,
1981-11-16 00:00:00-05:00,,,,,,
1981-11-17 00:00:00-05:00,,,,,,
1981-11-18 00:00:00-05:00,,,,,,
1981-11-19 00:00:00-05:00,,,,,,
1981-11-20 00:00:00-05:00,,,,,,
1981-11-23 00:00:00-05:00,,,,,,
1981-11-24 00:00:00-05:00,,,,,,
1981-11-25 00:00:00-05:00,,,,,,
1981-11-27 00:00:00-05:00,,,,,,
1981-11-30 00:00:00-05:00,,,,,,
1981-12-01 00:00:00-05:00,,,,,,
1981-12-02 00:00:00-05:00,,,,,,
1981-12-03 00:00:00-05:00,,,,,,
1981-12-04 00:00:00-05:00,,,,,,
1981-12-07 00:00:00-05:00,,,,,,
1981-12-08 00:00:00-05:00,,,,,,
1981-12-09 00:00:00-05:00,,,,,,
1981-12-10 00:00:00-05:00,,,,,,
1981-12-11 00:00:00-05:00,,,,,,
1981-12-14 00:00:00-05:00,,,,,,
1981-12-15 00:00:00-05:00,,,,,,
1981-12-16 00:00:00-05:00,,,,,,
1981-12-17 00:00:00-05:00,,,,,,
1981-12-18 00:00:00-05:00,,,,,,
1981-12-21 00:00:00-05:00,,,,,,
1981-12-22 00:00:00-05:00,,,,,,
1981-12-23 00:00:00-05:00,,,,,,
1981-12-24 00:00:00-05:00,,,,,,
1981-12-28 00:00:00-05:00,,,,,,
1981-12-29 00:00:00-05:00,,,,,,
1981-12-30 00:00:00-05:00,,,,,,
1981-12-31 00:00:00-05:00,,,,,,
1982-01-04 00:00:00-05:00,,,,,,
1982-01-05 00:00:00-05:00,,,,,,
1982-01-06 00:00:00-05:00,,,,,,
1982-01-07 00:00:00-05:00,,,,,,
1982-01-08 00:00:00-05:00,,,,,,
1982-01-11 00:00:00-05:00,,,,,,
1982-01-12 00:00:00-05:00,,,,,,
1982-01-13 00:00:00-05:00,,,,,,
1982-01-14 00:00:00-05:00,,,,,,
1982-01-15 00:00:00-05:00,,,,,,
1982-01-18 00:00:00-05:00,,,,,,
1982-01-19 00:00:00-05:00,,,,,,
1982-01-20 00:00:00-05:00,,,,,,
1982-01-21 00:00:00-05:00,,,,,,
1982-01-22 00:00:00-05:00,,,,,,
1982-01-25 00:00:00-05:00,,,,,,
1982-01-26 00:00:00-05:00,,,,,,
1982-01-27 00:00:00-05:00,,,,,,
1982-01-28 00:00:00-05:00,,,,,,
1982-01-29 00:00:00-05:00,,,,,,
1982-02-01 00:00:00-05:00,,,,,,
1982-02-02 00:00:00-05:00,,,,,,
1982-02-03 00:00:00-05:00,,,,,,
1982-02-04 00:00:00-05:00,,,,,,
1982-02-05 00:00:00-05:00,,,,,,
1982-02-08 00:00:00-05:00,,,,,,
1982-02-09 00:00:00-05:00,,,,,,
1982-02-10 00:00:00-05:00,,,,,,
1982-02-11 00:00:00-05:00,,,,,,
1982-02-12 00:00:00-05:00,,,,,,
1982-02-16 00:00:00-05:00,,,,,,
1982-02-17 00:00:00-05:00,,,,,,
1982-02-18 00:00:00-05:00,,,,,,
1982-02-19 00:00:00-05:00,,,,,,
1982-02-22 00:00:00-05:00,,,,,,
1982-02-23 00:00:00-05:00,,,,,,
1982-02-24 00:00:00-05:00,,,,,,
1982-02-25 00:00:00-05:00,,,,,,
1982-02-26 00:00:00-05:00,,,,,,
1982-03-01 00:00:00-05:00,,,,,,
1982-03-02 00:00:00-05:00,,,,,,
1982-03-03 00:00:00-05:00,,,,,,
1982-03-04 00:00:00-05:00,,,,,,
1982-03-05 00:00:00-05:00,,,,,,
1982-03-08 00:00:00-05:00,,,,,,
1982-03-09 00:00:00-05:00,,,,,,
1982-03-10 00:00:00-05:00,,,,,,
1982-03-11 00:00:00-05:00,,,,,,
1982-03-12 00:00:00-05:00,,,,,,
1982-03-15 00:00:00-05:00,,,,,,
1982-03-16 00:00:00-05:00,,,,,,
1982-03-17 00:00:00-05:00,,,,,,
1982-03-18 00:00:00-05:00,,,,,,
1982-03-19 00:00:00-05:00,,,,,,
1982-03-22 00:00:00-05:00,,,,,,
1982-03-23 00:00:00-05:00,,,,,,
1982-03-24 00:00:00-05:00,,,,,,
1982-03-25 00:00:00-05:00,,,,,,
1982-03-26 00:00:00-05:00,,,,,,
1982-03-29 00:00:00-05:00,,,,,,
1982-03-30 00:00:00-05:00,,,,,,
1982-03-31 00:00:00-05:00,,,,,,
1982-04-01 00:00:00-05:00,,,,,,
1982-04-02 00:00:00-05:00,,,,,,
1982-04-05 00:00:00-05:00,,,,,,
1982-04-06 00:00:00-05:00,,,,,,
1982-04-07 00:00:00-05:00,,,,,,
1982-04-08 00:00:00-05:00,,,,,,
1982-04-12 00:00:00-05:00,,,,,,
1982-04-13 00:00:00-05:00,,,,,,
1982-04-14 00:00:00-05:00,,,,,,
1982-04-15 00:00:00-05:00,,,,,,
1982-04-16 00:00:00-05:00,,,,,,
1982-04-19 00:00:00-05:00,,,,,,
1982-04-20 00:00:00-05:00,,,,,,
1982-04-21 00:00:00-05:00,,,,,,
1982-04-22 00:00:00-05:00,,,,,,
1982-04-23 00:00:00-05:00,,,,,,
1982-04-26 00:00:00-04:00,,,,,,
1982-04-27 00:00:00-04:00,,,,,,
1982-04-28 00:00:00-04:00,,,,,,
1982-04-29 00:00:00-04:00,,,,,,
1982-04-30 00:00:00-04:00,,,,,,
1982-05-03 00:00:00-04:00,,,,,,
1982-05-04 00:00:00-04:00,,,,,,
1982-05-05 00:00:00-04:00,,,,,,
1982-05-06 00:00:00-04:00,,,,,,
1982-05-07 00:00:00-04:00,,,,,,
1982-05-10 00:00:00-04:00,,,,,,
1982-05-11 00:00:00-04:00,,,,,,
1982-05-12 00:00:00-04:00,,,,,,
1982-05-13 00:00:00-04:00,,,,,,
1982-05-14 00:00:00-04:00,,,,,,
1982-05-17 00:00:00-04:00,,,,,,
1982-05-18 00:00:00-04:00,,,,,,
1982-05-19 00:00:00-04:00,,,,,,
1982-05-20 00:00:00-04:00,,,,,,
1982-05-21 00:00:00-04:00,,,,,,
1982-05-24 00:00:00-04:00,,,,,,
1982-05-25 00:00:00-04:00,,,,,,
1982-05-26 00:00:00-04:00,,,,,,
1982-05-27 00:00:00-04:00,,,,,,
1982-05-28 00:00:00-04:00,,,,,,
1982-06-01 00:00:00-04:00,,,,,,
1982-06-02 00:00:00-04:00,,,,,,
1982-06-03 00:00:00-04:00,,,,,,
1982-06-04 00:00:00-04:00,,,,,,
1982-06-07 00:00:00-04:00,,,,,,
1982-06-08 00:00:00-04:00,,,,,,
1982-06-09 00:00:00-04:00,,,,,,
1982-06-10 00:00:00-04:00,,,,,,
1982-06-11 00:00:00-04:00,,,,,,
1982-06-14 00:00:00-04:00,,,,,,
1982-06-15 00:00:00-04:00,,,,,,
1982-06-16 00:00:00-04:00,,,,,,
1982-06-17 00:00:00-04:00,,,,,,
1982-06-18 00:00:00-04:00,,,,,,
1982-06-21 00:00:00-04:00,,,,,,
1982-06-22 00:00:00-04:00,,,,,,
1982-06-23 00:00:00-04:00,,,,,,
1982-06-24 00:00:00-04:00,,,,,,
1982-06-25 00:00:00-04:00,,,,,,
1982-06-28 00:00:00-04:00,,,,,,
1982-06-29 00:00:00-04:00,,,,,,
1982-06-30 00:00:00-04:00,,,,,,
1982-07-01 00:00:00-04:00,,,,,,
1982-07-02 00:00:00-04:00,,,,,,
1982-07-06 00:00:00-04:00,,,,,,
1982-07-07 00:00:00-04:00,,,,,,
1982-07-08 00:00:00-04:00,,,,,,
1982-07-09 00:00:00-04:00,,,,,,
1982-07-12 00:00:00-04:00,,,,,,
1982-07-13 00:00:00-04:00,,,,,,
1982-07-14 00:00:00-04:00,,,,,,
1982-07-15 00:00:00-04:00,,,,,,
1982-07-16 00:00:00-04:00,,,,,,
1982-07-19 00:00:00-04:00,,,,,,
1982-07-20 00:00:00-04:00,,,,,,
1982-07-21 00:00:00-04:00,,,,,,
1982-07-22 00:00:00-04:00,,,,,,
1982-07-23 00:00:00-04:00,,,,,,
1982-07-26 00:00:00-04:00,,,,,,
1982-07-27 00:00:00-04:00,,,,,,
1982-07-28 00:00:00-04:00,,,,,,
1982-07-29 00:00:00-04:00,,,,,,
1982-07-30 00:00:00-04:00,,,,,,
1982-08-02 00:00:00-04:00,,,,,,
1982-08-03 00:00:00-04:00,,,,,,
1982-08-04 00:00:00-04:00,,,,,,
1982-08-05 00:00:00-04:00,,,,,,
1982-08-06 00:00:00-04:00,,,,,,
1982-08-09 00:00:00-04:00,,,,,,
1982-08-10 00:00:00-04:00,,,,,,
1982-08-11 00:00:00-04:00,,,,,,
1982-08-12 00:00:00-04:00,,,,,,
1982-08-13 00:00:00-04:00,,,,,,
1982-08-16 00:00:00-04:00,,,,,,
1982-08-17 00:00:00-04:00,,,,,,
1982-08-18 00:00:00-04:00,,,,,,
1982-08-19 00:00:00-04:00,,,,,,
1982-08-20 00:00:00-04:00,,,,,,
1982-08-23 00:00:00-04:00,,,,,,
1982-08-24 00:00:00-04:00,,,,,,
1982-08-25 00:00:00-04:00,,,,,,
1982-08-26 00:00:00-04:00,,,,,,
1982-08-27 00:00:00-04:00,,,,,,
1982-08-30 00:00:00-04:00,,,,,,
1982-08-31 00:00:00-04:00,,,,,,
1982-09-01 00:00:00-04:00,,,,,,
1982-09-02 00:00:00-04:00,,,,,,
1982-09-03 00:00:00-04:00,,,,,,
1982-09-07 00:00:00-04:00,,,,,,
1982-09-08 00:00:00-04:00,,,,,,
1982-09-09 00:00:00-04:00,,,,,,
1982-09-10 00:00:00-04:00,,,,,,
1982-09-13 00:00:00-04:00,,,,,,
1982-09-14 00:00:00-04:00,,,,,,
1982-09-15 00:00:00-04:00,,,,,,
1982-09-16 00:00:00-04:00,,,,,,
1982-09-17 00:00:00-04:00,,,,,,
1982-09-20 00:00:00-04:00,,,,,,
1982-09-21 00:00:00-04:00,,,,,,
1982-09-22 00:00:00-04:00,,,,,,
1982-09-23 00:00:00-04:00,,,,,,
1982-09-24 00:00:00-04:00,,,,,,
1982-09-27 00:00:00-04:00,,,,,,
1982-09-28 00:00:00-04:00,,,,,,
1982-09-29 00:00:00-04:00,,,,,,
1982-09-30 00:00:00-04:00,,,,,,
1982-10-01 00:00:00-04:00,,,,,,
1982-10-04 00:00:00-04:00,,,,,,
1982-10-05 00:00:00-04:00,,,,,,
1982-10-06 00:00:00-04:00,,,,,,
1982-10-07 00:00:00-04:00,,,,,,
1982-10-08 00:00:00-04:00,,,,,,
1982-10-11 00:00:00-04:00,,,,,,
1982-10-12 00:00:00-04:00,,,,,,
1982-10-13 00:00:00-04:00,,,,,,
1982-10-14 00:00:00-04:00,,,,,,
1982-10-15 00:00:00-04:00,,,,,,
1982-10-18 00:00:00-04:00,,,,,,
1982-10-19 00:00:00-04:00,,,,,,
1982-10-20 00:00:00-04:00,,,,,,
1982-10-21 00:00:00-04:00,,,,,,
1982-10-22 00:00:00-04:00,,,,,,
1982-10-25 00:00:00-04:00,,,,,,
1982-10-26 00:00:00-04:00,,,,,,
1982-10-27 00:00:00-04:00,,,,,,
1982-10-28 00:00:00-04:00,,,,,,
1982-10-29 00:00:00-04:00,,,,,,
1982-11-01 00:00:00-05:00,,,,,,
1982-11-02 00:00:00-05:00,,,,,,
1982-11-03 00:00:00-05:00,,,,,,
1982-11-04 00:00:00-05:00,,,,,,
1982-11-05 00:00:00-05:00,,,,,,
1982-11-08 00:00:00-05:00,,,,,,
1982-11-09 00:00:00-05:00,,,,,,
1982-11-10 00:00:00-05:00,,,,,,
1982-11-11 00:00:00-05:00,,,,,,
1982-11-12 00:00:00-05:00,,,,,,
1982-11-15 00:00:00-05:00,,,,,,
1982-11-16 00:00:00-05:00,,,,,,
1982-11-17 00:00:00-05:00,,,,,,
1982-11-18 00:00:00-05:00,,,,,,
1982-11-19 00:00:00-05:00,,,,,,
1982-11-22 00:00:00-05:00,,,,,,
1982-11-23 00:00:00-05:00,,,,,,
1982-11-24 00:00:00-05:00,,,,,,
1982-11-26 00:00:00-05:00,,,,,,
1982-11-29 00:00:00-05:00,,,,,,
1982-11-30 00:00:00-05:00,,,,,,
1982-12-01 00:00:00-05:00,,,,,,
1982-12-02 00:00:00-05:00,,,,,,
1982-12-03 00:00:00-05:00,,,,,,
1982-12-06 00:00:00-05:00,,,,,,
1982-12-07 00:00:00-05:00,,,,,,
1982-12-08 00:00:00-05:00,,,,,,
1982-12-09 00:00:00-05:00,,,,,,
1982-12-10 00:00:00-05:00,,,,,,
1982-12-13 00:00:00-05:00,,,,,,
1982-12-14 00:00:00-05:00,,,,,,
1982-12-15 00:00:00-05:00,,,,,,
1982-12-16 00:00:00-05:00,,,,,,
1982-12-17 00:00:00-05:00,,,,,,
1982-12-20 00:00:00-05:00,,,,,,
1982-12-21 00:00:00-05:00,,,,,,
1982-12-22 00:00:00-05:00,,,,,,
1982-12-23 00:00:00-05:00,,,,,,
1982-12-27 00:00:00-05:00,,,,,,
1982-12-28 00:00:00-05:00,,,,,,
1982-12-29 00:00:00-05:00,,,,,,
1982-12-30 00:00:00-05:00,,,,,,
1982-12-31 00:00:00-05:00,,,,,,
1983-01-03 00:00:00-05:00,,,,,,
1983-01-04 00:00:00-05:00,,,,,,
1983-01-05 00:00:00-05:00,,,,,,
1983-01-06 00:00:00-05:00,,,,,,
1983-01-07 00:00:00-05:00,,,,,,
1983-01-10 00:00:00-05:00,,,,,,
1983-01-11 00:00:00-05:00,,,,,,
1983-01-12 00:00:00-05:00,,,,,,
1983-01-13 00:00:00-05:00,,,,,,
1983-01-14 00:00:00-05:00,,,,,,
1983-01-17 00:00:00-05:00,,,,,,
1983-01-18 00:00:00-05:00,,,,,,
1983-01-19 00:00:00-05:00,,,,,,
1983-01-20 00:00:00-05:00,,,,,,
1983-01-21 00:00:00-05:00,,,,,,
1983-01-24 00:00:00-05:00,,,,,,
1983-01-25 00:00:00-05:00,,,,,,
1983-01-26 00:00:00-05:00,,,,,,
1983-01-27 00:00:00-05:00,,,,,,
1983-01-28 00:00:00-05:00,,,,,,
1983-01-31 00:00:00-05:00,,,,,,
1983-02-01 00:00:00-05:00,,,,,,
1983-02-02 00:00:00-05:00,,,,,,
1983-02-03 00:00:00-05:00,,,,,,
1983-02-04 00:00:00-05:00,,,,,,
1983-02-07 00:00:00-05:00,,,,,,
1983-02-08 00:00:00-05:00,,,,,,
1983-02-09 00:00:00-05:00,,,,,,
1983-02-10 00:00:00-05:00,,,,,,
1983-02-11 00:00:00-05:00,,,,,,
1983-02-14 00:00:00-05:00,,,,,,
1983-02-15 00:00:00-05:00,,,,,,
1983-02-16 00:00:00-05:00,,,,,,
1983-02-17 00:00:00-05:00,,,,,,
1983-02-18 00:00:00-05:00,,,,,,
1983-02-22 00:00:00-05:00,,,,,,
1983-02-23 00:00:00-05:00,,,,,,
1983-02-24 00:00:00-05:00,,,,,,
1983-02-25 00:00:00-05:00,,,,,,
1983-02-28 00:00:00-05:00,,,,,,
1983-03-01 00:00:00-05:00,,,,,,
1983-03-02 00:00:00-05:00,,,,,,
1983-03-03 00:00:00-05:00,,,,,,
1983-03-04 00:00:00-05:00,,,,,,
1983-03-07 00:00:00-05:00,,,,,,
1983-03-08 00:00:00-05:00,,,,,,
1983-03-09 00:00:00-05:00,,,,,,
1983-03-10 00:00:00-05:00,,,,,,
1983-03-11 00:00:00-05:00,,,,,,
1983-03-14 00:00:00-05:00,,,,,,
1983-03-15 00:00:00-05:00,,,,,,
1983-03-16 00:00:00-05:00,,,,,,
1983-03-17 00:00:00-05:00,,,,,,
1983-03-18 00:00:00-05:00,,,,,,
1983-03-21 00:00:00-05:00,,,,,,
1983-03-22 00:00:00-05:00,,,,,,
1983-03-23 00:00:00-05:00,,,,,,
1983-03-24 00:00:00-05:00,,,,,,
1983-03-25 00:00:00-05:00,,,,,,
1983-03-28 00:00:00-05:00,,,,,,
1983-03-29 00:00:00-05:00,,,,,,
1983-03-30 00:00:00-05:00,,,,,,
1983-03-31 00:00:00-05:00,,,,,,
1983-04-04 00:00:00-05:00,,,,,,
1983-04-05 00:00:00-05:00,,,,,,
1983-04-06 00:00:00-05:00,,,,,,
1983-04-07 00:00:00-05:00,,,,,,
1983-04-08 00:00:00-05:00,,,,,,
1983-04-11 00:00:00-05:00,,,,,,
1983-04-12 00:00:00-05:00,,,,,,
1983-04-13 00:00:00-05:00,,,,,,
1983-04-14 00:00:00-05:00,,,,,,
1983-04-15 00:00:00-05:00,,,,,,
1983-04-18 00:00:00-05:00,,,,,,
1983-04-19 00:00:00-05:00,,,,,,
1983-04-20 00:00:00-05:00,,,,,,
1983-04-21 00:00:00-05:00,,,,,,
1983-04-22 00:00:00-05:00,,,,,,
1983-04-25 00:00:00-04:00,,,,,,
1983-04-26 00:00:00-04:00,,,,,,
1983-04-27 00:00:00-04:00,,,,,,
1983-04-28 00:00:00-04:00,,,,,,
1983-04-29 00:00:00-04:00,,,,,,
1983-05-02 00:00:00-04:00,,,,,,
1983-05-03 00:00:00-04:00,,,,,,
1983-05-04 00:00:00-04:00,,,,,,
1983-05-05 00:00:00-04:00,,,,,,
1983-05-06 00:00:00-04:00,,,,,,
1983-05-09 00:00:00-04:00,,,,,,
1983-05-10 00:00:00-04:00,,,,,,
1983-05-11 00:00:00-04:00,,,,,,
1983-05-12 00:00:00-04:00,,,,,,
1983-05-13 00:00:00-04:00,,,,,,
1983-05-16 00:00:00-04:00,,,,,,
1983-05-17 00:00:00-04:00,,,,,,
1983-05-18 00:00:00-04:00,,,,,,
1983-05-19 00:00:00-04:00,,,,,,
1983-05-20 00:00:00-04:00,,,,,,
1983-05-23 00:00:00-04:00,,,,,,
1983-05-24 00:00:00-04:00,,,,,,
1983-05-25 00:00:00-04:00,,,,,,
1983-05-26 00:00:00-04:00,,,,,,
1983-05-27 00:00:00-04:00,,,,,,
1983-05-31 00:00:00-04:00,,,,,,
1983-06-01 00:00:00-04:00,,,,,,
1983-06-02 00:00:00-04:00,,,,,,
1983-06-03 00:00:00-04:00,,,,,,
1983-06-06 00:00:00-04:00,,,,,,
1983-06-07 00:00:00-04:00,,,,,,
1983-06-08 00:00:00-04:00,,,,,,
1983-06-09 00:00:00-04:00,,,,,,
1983-06-10 00:00:00-04:00,,,,,,
1983-06-13 00:00:00-04:00,,,,,,
1983-06-14 00:00:00-04:00,,,,,,
1983-06-15 00:00:00-04:00,,,,,,
1983-06-16 00:00:00-04:00,,,,,,
1983-06-17 00:00:00-04:00,,,,,,
1983-06-20 00:00:00-04:00,,,,,,
1983-06-21 00:00:00-04:00,,,,,,
1983-06-22 00:00:00-04:00,,,,,,
1983-06-23 00:00:00-04:00,,,,,,
1983-06-24 00:00:00-04:00,,,,,,
1983-06-27 00:00:00-04:00,,,,,,
1983-06-28 00:00:00-04:00,,,,,,
1983-06-29 00:00:00-04:00,,,,,,
1983-06-30 00:00:00-04:00,,,,,,
1983-07-01 00:00:00-04:00,,,,,,
1983-07-05 00:00:00-04:00,,,,,,
1983-07-06 00:00:00-04:00,,,,,,
1983-07-07 00:00:00-04:00,,,,,,
1983-07-08 00:00:00-04:00,,,,,,
1983-07-11 00:00:00-04:00,,,,,,
1983-07-12 00:00:00-04:00,,,,,,
1983-07-13 00:00:00-04:00,,,,,,
1983-07-14 00:00:00-04:00,,,,,,
1983-07-15 00:00:00-04:00,,,,,,
1983-07-18 00:00:00-04:00,,,,,,
1983-07-19 00:00:00-04:00,,,,,,
1983-07-20 00:00:00-04:00,,,,,,
1983-07-21 00:00:00-04:00,,,,,,
1983-07-22 00:00:00-04:00,,,,,,
1983-07-25 00:00:00-04:00,,,,,,
1983-07-26 00:00:00-04:00,,,,,,
1983-07-27 00:00:00-04:00,,,,,,
1983-07-28 00:00:00-04:00,,,,,,
1983-07-29 00:00:00-04:00,,,,,,
1983-08-01 00:00:00-04:00,,,,,,
1983-08-02 00:00:00-04:00,,,,,,
1983-08-03 00:00:00-04:00,,,,,,
1983-08-04 00:00:00-04:00,,,,,,
1983-08-05 00:00:00-04:00,,,,,,
1983-08-08 00:00:00-04:00,,,,,,
1983-08-09 00:00:00-04:00,,,,,,
1983-08-10 00:00:00-04:00,,,,,,
1983-08-11 00:00:00-04:00,,,,,,
1983-08-12 00:00:00-04:00,,,,,,
1983-08-15 00:00:00-04:00,,,,,,
1983-08-16 00:00:00-04:00,,,,,,
1983-08-17 00:00:00-04:00,,,,,,
1983-08-18 00:00:00-04:00,,,,,,
1983-08-19 00:00:00-04:00,,,,,,
1983-08-22 00:00:00-04:00,,,,,,
1983-08-23 00:00:00-04:00,,,,,,
1983-08-24 00:00:00-04:00,,,,,,
1983-08-25 00:00:00-04:00,,,,,,
1983-08-26 00:00:00-04:00,,,,,,
1983-08-29 00:00:00-04:00,,,,,,
1983-08-30 00:00:00-04:00,,,,,,
1983-08-31 00:00:00-04:00,,,,,,
1983-09-01 00:00:00-04:00,,,,,,
1983-09-02 00:00:00-04:00,,,,,,
1983-09-06 00:00:00-04:00,,,,,,
1983-09-07 00:00:00-04:00,,,,,,
1983-09-08 00:00:00-04:00,,,,,,
1983-09-09 00:00:00-04:00,,,,,,
1983-09-12 00:00:00-04:00,,,,,,
1983-09-13 00:00:00-04:00,,,,,,
1983-09-14 00:00:00-04:00,,,,,,
1983-09-15 00:00:00-04:00,,,,,,
1983-09-16 00:00:00-04:00,,,,,,
1983-09-19 00:00:00-04:00,,,,,,
1983-09-20 00:00:00-04:00,,,,,,
1983-09-21 00:00:00-04:00,,,,,,
1983-09-22 00:00:00-04:00,,,,,,
1983-09-23 00:00:00-04:00,,,,,,
1983-09-26 00:00:00-04:00,,,,,,
1983-09-27 00:00:00-04:00,,,,,,
1983-09-28 00:00:00-04:00,,,,,,
1983-09-29 00:00:00-04:00,,,,,,
1983-09-30 00:00:00-04:00,,,,,,
1983-10-03 00:00:00-04:00,,,,,,
1983-10-04 00:00:00-04:00,,,,,,
1983-10-05 00:00:00-04:00,,,,,,
1983-10-06 00:00:00-04:00,,,,,,
1983-10-07 00:00:00-04:00,,,,,,
1983-10-10 00:00:00-04:00,,,,,,
1983-10-11 00:00:00-04:00,,,,,,
1983-10-12 00:00:00-04:00,,,,,,
1983-10-13 00:00:00-04:00,,,,,,
1983-10-14 00:00:00-04:00,,,,,,
1983-10-17 00:00:00-04:00,,,,,,
1983-10-18 00:00:00-04:00,,,,,,
1983-10-19 00:00:00-04:00,,,,,,
1983-10-20 00:00:00-04:00,,,,,,
1983-10-21 00:00:00-04:00,,,,,,
1983-10-24 00:00:00-04:00,,,,,,
1983-10-25 00:00:00-04:00,,,,,,
1983-10-26 00:00:00-04:00,,,,,,
1983-10-27 00:00:00-04:00,,,,,,
1983-10-28 00:00:00-04:00,,,,,,
1983-10-31 00:00:00-05:00,,,,,,
1983-11-01 00:00:00-05:00,,,,,,
1983-11-02 00:00:00-05:00,,,,,,
1983-11-03 00:00:00-05:00,,,,,,
1983-11-04 00:00:00-05:00,,,,,,
1983-11-07 00:00:00-05:00,,,,,,
1983-11-08 00:00:00-05:00,,,,,,
1983-11-09 00:00:00-05:00,,,,,,
1983-11-10 00:00:00-05:00,,,,,,
1983-11-11 00:00:00-05:00,,,,,,
1983-11-14 00:00:00-05:00,,,,,,
1983-11-15 00:00:00-05:00,,,,,,
1983-11-16 00:00:00-05:00,,,,,,
1983-11-17 00:00:00-05:00,,,,,,
1983-11-18 00:00:00-05:00,,,,,,
1983-11-21 00:00:00-05:00,,,,,,
1983-11-22 00:00:00-05:00,,,,,,
1983-11-23 00:00:00-05:00,,,,,,
1983-11-25 00:00:00-05:00,,,,,,
1983-11-28 00:00:00-05:00,,,,,,
1983-11-29 00:00:00-05:00,,,,,,
1983-11-30 00:00:00-05:00,,,,,,
1983-12-01 00:00:00-05:00,,,,,,
1983-12-02 00:00:00-05:00,,,,,,
1983-12-05 00:00:00-05:00,,,,,,
1983-12-06 00:00:00-05:00,,,,,,
1983-12-07 00:00:00-05:00,,,,,,
1983-12-08 00:00:00-05:00,,,,,,
1983-12-09 00:00:00-05:00,,,,,,
1983-12-12 00:00:00-05:00,,,,,,
1983-12-13 00:00:00-05:00,,,,,,
1983-12-14 00:00:00-05:00,,,,,,
1983-12-15 00:00:00-05:00,,,,,,
1983-12-16 00:00:00-05:00,,,,,,
1983-12-19 00:00:00-05:00,,,,,,
1983-12-20 00:00:00-05:00,,,,,,
1983-12-21 00:00:00-05:00,,,,,,
1983-12-22 00:00:00-05:00,,,,,,
1983-12-23 00:00:00-05:00,,,,,,
1983-12-27 00:00:00-05:00,,,,,,
1983-12-28 00:00:00-05:00,,,,,,
1983-12-29 00:00:00-05:00,,,,,,
1983-12-30 00:00:00-05:00,,,,,,
1984-01-03 00:00:00-05:00,,,,,,
1984-01-04 00:00:00-05:00,,,,,,
1984-01-05 00:00:00-05:00,,,,,,
1984-01-06 00:00:00-05:00,,,,,,
1984-01-09 00:00:00-05:00,,,,,,
1984-01-10 00:00:00-05:00,,,,,,
1984-01-11 00:00:00-05:00,,,,,,
1984-01-12 00:00:00-05:00,,,,,,
1984-01-13 00:00:00-05:00,,,,,,
1984-01-16 00:00:00-05:00,,,,,,
1984-01-17 00:00:00-05:00,,,,,,
1984-01-18 00:00:00-05:00,,,,,,
1984-01-19 00:00:00-05:00,,,,,,
1984-01-20 00:00:00-05:00,,,,,,
1984-01-23 00:00:00-05:00,,,,,,
1984-01-24 00:00:00-05:00,,,,,,
1984-01-25 00:00:00-05:00,,,,,,
1984-01-26 00:00:00-05:00,,,,,,
1984-01-27 00:00:00-05:00,,,,,,
1984-01-30 00:00:00-05:00,,,,,,
1984-01-31 00:00:00-05:00,,,,,,
1984-02-01 00:00:00-05:00,,,,,,
1984-02-02 00:00:00-05:00,,,,,,
1984-02-03 00:00:00-05:00,,,,,,
1984-02-06 00:00:00-05:00,,,,,,
1984-02-07 00:00:00-05:00,,,,,,
1984-02-08 00:00:00-05:00,,,,,,
1984-02-09 00:00:00-05:00,,,,,,
1984-02-10 00:00:00-05:00,,,,,,
1984-02-13 00:00:00-05:00,,,,,,
1984-02-14 00:00:00-05:00,,,,,,
1984-02-15 00:00:00-05:00,,,,,,
1984-02-16 00:00:00-05:00,,,,,,
1984-02-17 00:00:00-05:00,,,,,,
1984-02-21 00:00:00-05:00,,,,,,
1984-02-22 00:00:00-05:00,,,,,,
1984-02-23 00:00:00-05:00,,,,,,
1984-02-24 00:00:00-05:00,,,,,,
1984-02-27 00:00:00-05:00,,,,,,
1984-02-28 00:00:00-05:00,,,,,,
1984-02-29 00:00:00-05:00,,,,,,
1984-03-01 00:00:00-05:00,,,,,,
1984-03-02 00:00:00-05:00,,,,,,
1984-03-05 00:00:00-05:00,,,,,,
1984-03-06 00:00:00-05:00,,,,,,
1984-03-07 00:00:00-05:00,,,,,,
1984-03-08 00:00:00-05:00,,,,,,
1984-03-09 00:00:00-05:00,,,,,,
1984-03-12 00:00:00-05:00,,,,,,
1984-03-13 00:00:00-05:00,,,,,,
1984-03-14 00:00:00-05:00,,,,,,
1984-03-15 00:00:00-05:00,,,,,,
1984-03-16 00:00:00-05:00,,,,,,
1984-03-19 00:00:00-05:00,,,,,,
1984-03-20 00:00:00-05:00,,,,,,
1984-03-21 00:00:00-05:00,,,,,,
1984-03-22 00:00:00-05:00,,,,,,
1984-03-23 00:00:00-05:00,,,,,,
1984-03-26 00:00:00-05:00,,,,,,
1984-03-27 00:00:00-05:00,,,,,,
1984-03-28 00:00:00-05:00,,,,,,
1984-03-29 00:00:00-05:00,,,,,,
1984-03-30 00:00:00-05:00,,,,,,
1984-04-02 00:00:00-05:00,,,,,,
1984-04-03 00:00:00-05:00,,,,,,
1984-04-04 00:00:00-05:00,,,,,,
1984-04-05 00:00:00-05:00,,,,,,
1984-04-06 00:00:00-05:00,,,,,,
1984-04-09 00:00:00-05:00,,,,,,
1984-04-10 00:00:00-05:00,,,,,,
1984-04-11 00:00:00-05:00,,,,,,
1984-04-12 00:00:00-05:00,,,,,,
1984-04-13 00:00:00-05:00,,,,,,
1984-04-16 00:00:00-05:00,,,,,,
1984-04-17 00:00:00-05:00,,,,,,
1984-04-18 00:00:00-05:00,,,,,,
1984-04-19 00:00:00-05:00,,,,,,
1984-04-23 00:00:00-05:00,,,,,,
1984-04-24 00:00:00-05:00,,,,,,
1984-04-25 00:00:00-05:00,,,,,,
1984-04-26 00:00:00-05:00,,,,,,
1984-04-27 00:00:00-05:00,,,,,,
1984-04-30 00:00:00-04:00,,,,,,
1984-05-01 00:00:00-04:00,,,,,,
1984-05-02 00:00:00-04:00,,,,,,
1984-05-03 00:00:00-04:00,,,,,,
1984-05-04 00:00:00-04:00,,,,,,
1984-05-07 00:00:00-04:00,,,,,,
1984-05-08 00:00:00-04:00,,,,,,
1984-05-09 00:00:00-04:00,,,,,,
1984-05-10 00:00:00-04:00,,,,,,
1984-05-11 00:00:00-04:00,,,,,,
1984-05-14 00:00:00-04:00,,,,,,
1984-05-15 00:00:00-04:00,,,,,,
1984-05-16 00:00:00-04:00,,,,,,
1984-05-17 00:00:00-04:00,,,,,,
1984-05-18 00:00:00-04:00,,,,,,
1984-05-21 00:00:00-04:00,,,,,,
1984-05-22 00:00:00-04:00,,,,,,
1984-05-23 00:00:00-04:00,,,,,,
1984-05-24 00:00:00-04:00,,,,,,
1984-05-25 00:00:00-04:00,,,,,,
1984-05-29 00:00:00-04:00,,,,,,
1984-05-30 00:00:00-04:00,,,,,,
1984-05-31 00:00:00-04:00,,,,,,
1984-06-01 00:00:00-04:00,,,,,,
1984-06-04 00:00:00-04:00,,,,,,
1984-06-05 00:00:00-04:00,,,,,,
1984-06-06 00:00:00-04:00,,,,,,
1984-06-07 00:00:00-04:00,,,,,,
1984-06-08 00:00:00-04:00,,,,,,
1984-06-11 00:00:00-04:00,,,,,,
1984-06-12 00:00:00-04:00,,,,,,
1984-06-13 00:00:00-04:00,,,,,,
1984-06-14 00:00:00-04:00,,,,,,
1984-06-15 00:00:00-04:00,,,,,,
1984-06-18 00:00:00-04:00,,,,,,
1984-06-19 00:00:00-04:00,,,,,,
1984-06-20 00:00:00-04:00,,,,,,
1984-06-21 00:00:00-04:00,,,,,,
1984-06-22 00:00:00-04:00,,,,,,
1984-06-25 00:00:00-04:00,,,,,,
1984-06-26 00:00:00-04:00,,,,,,
1984-06-27 00:00:00-04:00,,,,,,
1984-06-28 00:00:00-04:00,,,,,,
1984-06-29 00:00:00-04:00,,,,,,
1984-07-02 00:00:00-04:00,,,,,,
1984-07-03 00:00:00-04:00,,,,,,
1984-07-05 00:00:00-04:00,,,,,,
1984-07-06 00:00:00-04:00,,,,,,
1984-07-09 00:00:00-04:00,,,,,,
1984-07-10 00:00:00-04:00,,,,,,
1984-07-11 00:00:00-04:00,,,,,,
1984-07-12 00:00:00-04:00,,,,,,
1984-07-13 00:00:00-04:00,,,,,,
1984-07-16 00:00:00-04:00,,,,,,
1984-07-17 00:00:00-04:00,,,,,,
1984-07-18 00:00:00-04:00,,,,,,
1984-07-19 00:00:00-04:00,,,,,,
1984-07-20 00:00:00-04:00,,,,,,
1984-07-23 00:00:00-04:00,,,,,,
1984-07-24 00:00:00-04:00,,,,,,
1984-07-25 00:00:00-04:00,,,,,,
1984-07-26 00:00:00-04:00,,,,,,
1984-07-27 00:00:00-04:00,,,,,,
1984-07-30 00:00:00-04:00,,,,,,
1984-07-31 00:00:00-04:00,,,,,,
1984-08-01 00:00:00-04:00,,,,,,
1984-08-02 00:00:00-04:00,,,,,,
1984-08-03 00:00:00-04:00,,,,,,
1984-08-06 00:00:00-04:00,,,,,,
1984-08-07 00:00:00-04:00,,,,,,
1984-08-08 00:00:00-04:00,,,,,,
1984-08-09 00:00:00-04:00,,,,,,
1984-08-10 00:00:00-04:00,,,,,,
1984-08-13 00:00:00-04:00,,,,,,
1984-08-14 00:00:00-04:00,,,,,,
1984-08-15 00:00:00-04:00,,,,,,
1984-08-16 00:00:00-04:00,,,,,,
1984-08-17 00:00:00-04:00,,,,,,
1984-08-20 00:00:00-04:00,,,,,,
1984-08-21 00:00:00-04:00,,,,,,
1984-08-22 00:00:00-04:00,,,,,,
1984-08-23 00:00:00-04:00,,,,,,
1984-08-24 00:00:00-04:00,,,,,,
1984-08-27 00:00:00-04:00,,,,,,
1984-08-28 00:00:00-04:00,,,,,,
1984-08-29 00:00:00-04:00,,,,,,
1984-08-30 00:00:00-04:00,,,,,,
1984-08-31 00:00:00-04:00,,,,,,
1984-09-04 00:00:00-04:00,,,,,,
1984-09-05 00:00:00-04:00,,,,,,
1984-09-06 00:00:00-04:00,,,,,,
1984-09-07 00:00:00-04:00,,,,,,
1984-09-10 00:00:00-04:00,,,,,,
1984-09-11 00:00:00-04:00,,,,,,
1984-09-12 00:00:00-04:00,,,,,,
1984-09-13 00:00:00-04:00,,,,,,
1984-09-14 00:00:00-04:00,,,,,,
1984-09-17 00:00:00-04:00,,,,,,
1984-09-18 00:00:00-04:00,,,,,,
1984-09-19 00:00:00-04:00,,,,,,
1984-09-20 00:00:00-04:00,,,,,,
1984-09-21 00:00:00-04:00,,,,,,
1984-09-24 00:00:00-04:00,,,,,,
1984-09-25 00:00:00-04:00,,,,,,
1984-09-26 00:00:00-04:00,,,,,,
1984-09-27 00:00:00-04:00,,,,,,
1984-09-28 00:00:00-04:00,,,,,,
1984-10-01 00:00:00-04:00,,,,,,
1984-10-02 00:00:00-04:00,,,,,,
1984-10-03 00:00:00-04:00,,,,,,
1984-10-04 00:00:00-04:00,,,,,,
1984-10-05 00:00:00-04:00,,,,,,
1984-10-08 00:00:00-04:00,,,,,,
1984-10-09 00:00:00-04:00,,,,,,
1984-10-10 00:00:00-04:00,,,,,,
1984-10-11 00:00:00-04:00,,,,,,
1984-10-12 00:00:00-04:00,,,,,,
1984-10-15 00:00:00-04:00,,,,,,
1984-10-16 00:00:00-04:00,,,,,,
1984-10-17 00:00:00-04:00,,,,,,
1984-10-18 00:00:00-04:00,,,,,,
1984-10-19 00:00:00-04:00,,,,,,
1984-10-22 00:00:00-04:00,,,,,,
1984-10-23 00:00:00-04:00,,,,,,
1984-10-24 00:00:00-04:00,,,,,,
1984-10-25 00:00:00-04:00,,,,,,
1984-10-26 00:00:00-04:00,,,,,,
1984-10-29 00:00:00-05:00,,,,,,
1984-10-30 00:00:00-05:00,,,,,,
1984-10-31 00:00:00-05:00,,,,,,
1984-11-01 00:00:00-05:00,,,,,,
1984-11-02 00:00:00-05:00,,,,,,
1984-11-05 00:00:00-05:00,,,,,,
1984-11-06 00:00:00-05:00,,,,,,
1984-11-07 00:00:00-05:00,,,,,,
1984-11-08 00:00:00-05:00,,,,,,
1984-11-09 00:00:00-05:00,,,,,,
1984-11-12 00:00:00-05:00,,,,,,
1984-11-13 00:00:00-05:00,,,,,,
1984-11-14 00:00:00-05:00,,,,,,
1984-11-15 00:00:00-05:00,,,,,,
1984-11-16 00:00:00-05:00,,,,,,
1984-11-19 00:00:00-05:00,,,,,,
1984-11-20 00:00:00-05:00,,,,,,
1984-11-21 00:00:00-05:00,,,,,,
1984-11-23 00:00:00-05:00,,,,,,
1984-11-26 00:00:00-05:00,,,,,,
1984-11-27 00:00:00-05:00,,,,,,
1984-11-28 00:00:00-05:00,,,,,,
1984-11-29 00:00:00-05:00,,,,,,
1984-11-30 00:00:00-05:00,,,,,,
1984-12-03 00:00:00-05:00,,,,,,
1984-12-04 00:00:00-05:00,,,,,,
1984-12-05 00:00:00-05:00,,,,,,
1984-12-06 00:00:00-05:00,,,,,,
1984-12-07 00:00:00-05:00,,,,,,
1984-12-10 00:00:00-05:00,,,,,,
1984-12-11 00:00:00-05:00,,,,,,
1984-12-12 00:00:00-05:00,,,,,,
1984-12-13 00:00:00-05:00,,,,,,
1984-12-14 00:00:00-05:00,,,,,,
1984-12-17 00:00:00-05:00,,,,,,
1984-12-18 00:00:00-05:00,,,,,,
1984-12-19 00:00:00-05:00,,,,,,
1984-12-20 00:00:00-05:00,,,,,,
1984-12-21 00:00:00-05:00,,,,,,
1984-12-24 00:00:00-05:00,,,,,,
1984-12-26 00:00:00-05:00,,,,,,
1984-12-27 00:00:00-05:00,,,,,,
1984-12-28 00:00:00-05:00,,,,,,
1984-12-31 00:00:00-05:00,,,,,,
1985-01-02 00:00:00-05:00,,,,,,
1985-01-03 00:00:00-05:00,,,,,,
1985-01-04 00:00:00-05:00,,,,,,
1985-01-07 00:00:00-05:00,,,,,,
1985-01-08 00:00:00-05:00,,,,,,
1985-01-09 00:00:00-05:00,,,,,,
1985-01-10 00:00:00-05:00,,,,,,
1985-01-11 00:00:00-05:00,,,,,,
1985-01-14 00:00:00-05:00,,,,,,
1985-01-15 00:00:00-05:00,,,,,,
1985-01-16 00:00:00-05:00,,,,,,
1985-01-17 00:00:00-05:00,,,,,,
1985-01-18 00:00:00-05:00,,,,,,
1985-01-21 00:00:00-05:00,,,,,,
1985-01-22 00:00:00-05:00,,,,,,
1985-01-23 00:00:00-05:00,,,,,,
1985-01-24 00:00:00-05:00,,,,,,
1985-01-25 00:00:00-05:00,,,,,,
1985-01-28 00:00:00-05:00,,,,,,
1985-01-29 00:00:00-05:00,,,,,,
1985-01-30 00:00:00-05:00,,,,,,
1985-01-31 00:00:00-05:00,,,,,,
1985-02-01 00:00:00-05:00,,,,,,
1985-02-04 00:00:00-05:00,,,,,,
1985-02-05 00:00:00-05:00,,,,,,
1985-02-06 00:00:00-05:00,,,,,,
1985-02-07 00:00:00-05:00,,,,,,
1985-02-08 00:00:00-05:00,,,,,,
1985-02-11 00:00:00-05:00,,,,,,
1985-02-12 00:00:00-05:00,,,,,,
1985-02-13 00:00:00-05:00,,,,,,
1985-02-14 00:00:00-05:00,,,,,,
1985-02-15 00:00:00-05:00,,,,,,
1985-02-19 00:00:00-05:00,,,,,,
1985-02-20 00:00:00-05:00,,,,,,
1985-02-21 00:00:00-05:00,,,,,,
1985-02-22 00:00:00-05:00,,,,,,
1985-02-25 00:00:00-05:00,,,,,,
1985-02-26 00:00:00-05:00,,,,,,
1985-02-27 00:00:00-05:00,,,,,,
1985-02-28 00:00:00-05:00,,,,,,
1985-03-01 00:00:00-05:00,,,,,,
1985-03-04 00:00:00-05:00,,,,,,
1985-03-05 00:00:00-05:00,,,,,,
1985-03-06 00:00:00-05:00,,,,,,
1985-03-07 00:00:00-05:00,,,,,,
1985-03-08 00:00:00-05:00,,,,,,
1985-03-11 00:00:00-05:00,,,,,,
1985-03-12 00:00:00-05:00,,,,,,
1985-03-13 00:00:00-05:00,,,,,,
1985-03-14 00:00:00-05:00,,,,,,
1985-03-15 00:00:00-05:00,,,,,,
1985-03-18 00:00:00-05:00,,,,,,
1985-03-19 00:00:00-05:00,,,,,,
1985-03-20 00:00:00-05:00,,,,,,
1985-03-21 00:00:00-05:00,,,,,,
1985-03-22 00:00:00-05:00,,,,,,
1985-03-25 00:00:00-05:00,,,,,,
1985-03-26 00:00:00-05:00,,,,,,
1985-03-27 00:00:00-05:00,,,,,,
1985-03-28 00:00:00-05:00,,,,,,
1985-03-29 00:00:00-05:00,,,,,,
1985-04-01 00:00:00-05:00,,,,,,
1985-04-02 00:00:00-05:00,,,,,,
1985-04-03 00:00:00-05:00,,,,,,
1985-04-04 00:00:00-05:00,,,,,,
1985-04-08 00:00:00-05:00,,,,,,
1985-04-09 00:00:00-05:00,,,,,,
1985-04-10 00:00:00-05:00,,,,,,
1985-04-11 00:00:00-05:00,,,,,,
1985-04-12 00:00:00-05:00,,,,,,
1985-04-15 00:00:00-05:00,,,,,,
1985-04-16 00:00:00-05:00,,,,,,
1985-04-17 00:00:00-05:00,,,,,,
1985-04-18 00:00:00-05:00,,,,,,
1985-04-19 00:00:00-05:00,,,,,,
1985-04-22 00:00:00-05:00,,,,,,
1985-04-23 00:00:00-05:00,,,,,,
1985-04-24 00:00:00-05:00,,,,,,
1985-04-25 00:00:00-05:00,,,,,,
1985-04-26 00:00:00-05:00,,,,,,
1985-04-29 00:00:00-04:00,,,,,,
1985-04-30 00:00:00-04:00,,,,,,
1985-05-01 00:00:00-04:00,,,,,,
1985-05-02 00:00:00-04:00,,,,,,
1985-05-03 00:00:00-04:00,,,,,,
1985-05-06 00:00:00-04:00,,,,,,
1985-05-07 00:00:00-04:00,,,,,,
1985-05-08 00:00:00-04:00,,,,,,
1985-05-09 00:00:00-04:00,,,,,,
1985-05-10 00:00:00-04:00,,,,,,
1985-05-13 00:00:00-04:00,,,,,,
1985-05-14 00:00:00-04:00,,,,,,
1985-05-15 00:00:00-04:00,,,,,,
1985-05-16 00:00:00-04:00,,,,,,
1985-05-17 00:00:00-04:00,,,,,,
1985-05-20 00:00:00-04:00,,,,,,
1985-05-21 00:00:00-04:00,,,,,,
1985-05-22 00:00:00-04:00,,,,,,
1985-05-23 00:00:00-04:00,,,,,,
1985-05-24 00:00:00-04:00,,,,,,
1985-05-28 00:00:00-04:00,,,,,,
1985-05-29 00:00:00-04:00,,,,,,
1985-05-30 00:00:00-04:00,,,,,,
1985-05-31 00:00:00-04:00,,,,,,
1985-06-03 00:00:00-04:00,,,,,,
1985-06-04 00:00:00-04:00,,,,,,
1985-06-05 00:00:00-04:00,,,,,,
1985-06-06 00:00:00-04:00,,,,,,
1985-06-07 00:00:00-04:00,,,,,,
1985-06-10 00:00:00-04:00,,,,,,
1985-06-11 00:00:00-04:00,,,,,,
1985-06-12 00:00:00-04:00,,,,,,
1985-06-13 00:00:00-04:00,,,,,,
1985-06-14 00:00:00-04:00,,,,,,
1985-06-17 00:00:00-04:00,,,,,,
1985-06-18 00:00:00-04:00,,,,,,
1985-06-19 00:00:00-04:00,,,,,,
1985-06-20 00:00:00-04:00,,,,,,
1985-06-21 00:00:00-04:00,,,,,,
1985-06-24 00:00:00-04:00,,,,,,
1985-06-25 00:00:00-04:00,,,,,,
1985-06-26 00:00:00-04:00,,,,,,
1985-06-27 00:00:00-04:00,,,,,,
1985-06-28 00:00:00-04:00,,,,,,
1985-07-01 00:00:00-04:00,,,,,,
1985-07-02 00:00:00-04:00,,,,,,
1985-07-03 00:00:00-04:00,,,,,,
1985-07-05 00:00:00-04:00,,,,,,
1985-07-08 00:00:00-04:00,,,,,,
1985-07-09 00:00:00-04:00,,,,,,
1985-07-10 00:00:00-04:00,,,,,,
1985-07-11 00:00:00-04:00,,,,,,
1985-07-12 00:00:00-04:00,,,,,,
1985-07-15 00:00:00-04:00,,,,,,
1985-07-16 00:00:00-04:00,,,,,,
1985-07-17 00:00:00-04:00,,,,,,
1985-07-18 00:00:00-04:00,,,,,,
1985-07-19 00:00:00-04:00,,,,,,
1985-07-22 00:00:00-04:00,,,,,,
1985-07-23 00:00:00-04:00,,,,,,
1985-07-24 00:00:00-04:00,,,,,,
1985-07-25 00:00:00-04:00,,,,,,
1985-07-26 00:00:00-04:00,,,,,,
1985-07-29 00:00:00-04:00,,,,,,
1985-07-30 00:00:00-04:00,,,,,,
1985-07-31 00:00:00-04:00,,,,,,
1985-08-01 00:00:00-04:00,,,,,,
1985-08-02 00:00:00-04:00,,,,,,
1985-08-05 00:00:00-04:00,,,,,,
1985-08-06 00:00:00-04:00,,,,,,
1985-08-07 00:00:00-04:00,,,,,,
1985-08-08 00:00:00-04:00,,,,,,
1985-08-09 00:00:00-04:00,,,,,,
1985-08-12 00:00:00-04:00,,,,,,
1985-08-13 00:00:00-04:00,,,,,,
1985-08-14 00:00:00-04:00,,,,,,
1985-08-15 00:00:00-04:00,,,,,,
1985-08-16 00:00:00-04:00,,,,,,
1985-08-19 00:00:00-04:00,,,,,,
1985-08-20 00:00:00-04:00,,,,,,
1985-08-21 00:00:00-04:00,,,,,,
1985-08-22 00:00:00-04:00,,,,,,
1985-08-23 00:00:00-04:00,,,,,,
1985-08-26 00:00:00-04:00,,,,,,
1985-08-27 00:00:00-04:00,,,,,,
1985-08-28 00:00:00-04:00,,,,,,
1985-08-29 00:00:00-04:00,,,,,,
1985-08-30 00:00:00-04:00,,,,,,
1985-09-03 00:00:00-04:00,,,,,,
1985-09-04 00:00:00-04:00,,,,,,
1985-09-05 00:00:00-04:00,,,,,,
1985-09-06 00:00:00-04:00,,,,,,
1985-09-09 00:00:00-04:00,,,,,,
1985-09-10 00:00:00-04:00,,,,,,
1985-09-11 00:00:00-04:00,,,,,,
1985-09-12 00:00:00-04:00,,,,,,
1985-09-13 00:00:00-04:00,,,,,,
1985-09-16 00:00:00-04:00,,,,,,
1985-09-17 00:00:00-04:00,,,,,,
1985-09-18 00:00:00-04:00,,,,,,
1985-09-19 00:00:00-04:00,,,,,,
1985-09-20 00:00:00-04:00,,,,,,
1985-09-23 00:00:00-04:00,,,,,,
1985-09-24 00:00:00-04:00,,,,,,
1985-09-25 00:00:00-04:00,,,,,,
1985-09-26 00:00:00-04:00,,,,,,
1985-09-30 00:00:00-04:00,,,,,,
1985-10-01 00:00:00-04:00,,,,,,
1985-10-02 00:00:00-04:00,,,,,,
1985-10-03 00:00:00-04:00,,,,,,
1985-10-04 00:00:00-04:00,,,,,,
1985-10-07 00:00:00-04:00,,,,,,
1985-10-08 00:00:00-04:00,,,,,,
1985-10-09 00:00:00-04:00,,,,,,
1985-10-10 00:00:00-04:00,,,,,,
1985-10-11 00:00:00-04:00,,,,,,
1985-10-14 00:00:00-04:00,,,,,,
1985-10-15 00:00:00-04:00,,,,,,
1985-10-16 00:00:00-04:00,,,,,,
1985-10-17 00:00:00-04:00,,,,,,
1985-10-18 00:00:00-04:00,,,,,,
1985-10-21 00:00:00-04:00,,,,,,
1985-10-22 00:00:00-04:00,,,,,,
1985-10-23 00:00:00-04:00,,,,,,
1985-10-24 00:00:00-04:00,,,,,,
1985-10-25 00:00:00-04:00,,,,,,
1985-10-28 00:00:00-05:00,,,,,,
1985-10-29 00:00:00-05:00,,,,,,
1985-10-30 00:00:00-05:00,,,,,,
1985-10-31 00:00:00-05:00,,,,,,
1985-11-01 00:00:00-05:00,,,,,,
1985-11-04 00:00:00-05:00,,,,,,
1985-11-05 00:00:00-05:00,,,,,,
1985-11-06 00:00:00-05:00,,,,,,
1985-11-07 00:00:00-05:00,,,,,,
1985-11-08 00:00:00-05:00,,,,,,
1985-11-11 00:00:00-05:00,,,,,,
1985-11-12 00:00:00-05:00,,,,,,
1985-11-13 00:00:00-05:00,,,,,,
1985-11-14 00:00:00-05:00,,,,,,
1985-11-15 00:00:00-05:00,,,,,,
1985-11-18 00:00:00-05:00,,,,,,
1985-11-19 00:00:00-05:00,,,,,,
1985-11-20 00:00:00-05:00,,,,,,
1985-11-21 00:00:00-05:00,,,,,,
1985-11-22 00:00:00-05:00,,,,,,
1985-11-25 00:00:00-05:00,,,,,,
1985-11-26 00:00:00-05:00,,,,,,
1985-11-27 00:00:00-05:00,,,,,,
1985-11-29 00:00:00-05:00,,,,,,
1985-12-02 00:00:00-05:00,,,,,,
1985-12-03 00:00:00-05:00,,,,,,
1985-12-04 00:00:00-05:00,,,,,,
1985-12-05 00:00:00-05:00,,,,,,
1985-12-06 00:00:00-05:00,,,,,,
1985-12-09 00:00:00-05:00,,,,,,
1985-12-10 00:00:00-05:00,,,,,,
1985-12-11 00:00:00-05:00,,,,,,
1985-12-12 00:00:00-05:00,,,,,,
1985-12-13 00:00:00-05:00,,,,,,
1985-12-16 00:00:00-05:00,,,,,,
1985-12-17 00:00:00-05:00,,,,,,
1985-12-18 00:00:00-05:00,,,,,,
1985-12-19 00:00:00-05:00,,,,,,
1985-12-20 00:00:00-05:00,,,,,,
1985-12-23 00:00:00-05:00,,,,,,
1985-12-24 00:00:00-05:00,,,,,,
1985-12-26 00:00:00-05:00,,,,,,
1985-12-27 00:00:00-05:00,,,,,,
1985-12-30 00:00:00-05:00,,,,,,
1985-12-31 00:00:00-05:00,,,,,,
1986-01-02 00:00:00-05:00,,,,,,
1986-01-03 00:00:00-05:00,,,,,,
1986-01-06 00:00:00-05:00,,,,,,
1986-01-07 00:00:00-05:00,,,,,,
1986-01-08 00:00:00-05:00,,,,,,
1986-01-09 00:00:00-05:00,,,,,,
1986-01-10 00:00:00-05:00,,,,,,
1986-01-13 00:00:00-05:00,,,,,,
1986-01-14 00:00:00-05:00,,,,,,
1986-01-15 00:00:00-05:00,,,,,,
1986-01-16 00:00:00-05:00,,,,,,
1986-01-17 00:00:00-05:00,,,,,,
1986-01-20 00:00:00-05:00,,,,,,
1986-01-21 00:00:00-05:00,,,,,,
1986-01-22 00:00:00-05:00,,,,,,
1986-01-23 00:00:00-05:00,,,,,,
1986-01-24 00:00:00-05:00,,,,,,
1986-01-27 00:00:00-05:00,,,,,,
1986-01-28 00:00:00-05:00,,,,,,
1986-01-29 00:00:00-05:00,,,,,,
1986-01-30 00:00:00-05:00,,,,,,
1986-01-31 00:00:00-05:00,,,,,,
1986-02-03 00:00:00-05:00,,,,,,
1986-02-04 00:00:00-05:00,,,,,,
1986-02-05 00:00:00-05:00,,,,,,
1986-02-06 00:00:00-05:00,,,,,,
1986-02-07 00:00:00-05:00,,,,,,
1986-02-10 00:00:00-05:00,,,,,,
1986-02-11 00:00:00-05:00,,,,,,
1986-02-12 00:00:00-05:00,,,,,,
1986-02-13 00:00:00-05:00,,,,,,
1986-02-14 00:00:00-05:00,,,,,,
1986-02-18 00:00:00-05:00,,,,,,
1986-02-19 00:00:00-05:00,,,,,,
1986-02-20 00:00:00-05:00,,,,,,
1986-02-21 00:00:00-05:00,,,,,,
1986-02-24 00:00:00-05:00,,,,,,
1986-02-25 00:00:00-05:00,,,,,,
1986-02-26 00:00:00-05:00,,,,,,
1986-02-27 00:00:00-05:00,,,,,,
1986-02-28 00:00:00-05:00,,,,,,
1986-03-03 00:00:00-05:00,,,,,,
1986-03-04 00:00:00-05:00,,,,,,
1986-03-05 00:00:00-05:00,,,,,,
1986-03-06 00:00:00-05:00,,,,,,
1986-03-07 00:00:00-05:00,,,,,,
1986-03-10 00:00:00-05:00,,,,,,
1986-03-11 00:00:00-05:00,,,,,,
1986-03-12 00:00:00-05:00,,,,,,
1986-03-13 00:00:00-05:00,,,,,,
1986-03-14 00:00:00-05:00,,,,,,
1986-03-17 00:00:00-05:00,,,,,,
1986-03-18 00:00:00-05:00,,,,,,
1986-03-19 00:00:00-05:00,,,,,,
1986-03-20 00:00:00-05:00,,,,,,
1986-03-21 00:00:00-05:00,,,,,,
1986-03-24 00:00:00-05:00,,,,,,
1986-03-25 00:00:00-05:00,,,,,,
1986-03-26 00:00:00-05:00,,,,,,
1986-03-27 00:00:00-05:00,,,,,,
1986-03-31 00:00:00-05:00,,,,,,
1986-04-01 00:00:00-05:00,,,,,,
1986-04-02 00:00:00-05:00,,,,,,
1986-04-03 00:00:00-05:00,,,,,,
1986-04-04 00:00:00-05:00,,,,,,
1986-04-07 00:00:00-05:00,,,,,,
1986-04-08 00:00:00-05:00,,,,,,
1986-04-09 00:00:00-05:00,,,,,,
1986-04-10 00:00:00-05:00,,,,,,
1986-04-11 00:00:00-05:00,,,,,,
1986-04-14 00:00:00-05:00,,,,,,
1986-04-15 00:00:00-05:00,,,,,,
1986-04-16 00:00:00-05:00,,,,,,
1986-04-17 00:00:00-05:00,,,,,,
1986-04-18 00:00:00-05:00,,,,,,
1986-04-21 00:00:00-05:00,,,,,,
1986-04-22 00:00:00-05:00,,,,,,
1986-04-23 00:00:00-05:00,,,,,,
1986-04-24 00:00:00-05:00,,,,,,
1986-04-25 00:00:00-05:00,,,,,,
1986-04-28 00:00:00-04:00,,,,,,
1986-04-29 00:00:00-04:00,,,,,,
1986-04-30 00:00:00-04:00,,,,,,
1986-05-01 00:00:00-04:00,,,,,,
1986-05-02 00:00:00-04:00,,,,,,
1986-05-05 00:00:00-04:00,,,,,,
1986-05-06 00:00:00-04:00,,,,,,
1986-05-07 00:00:00-04:00,,,,,,
1986-05-08 00:00:00-04:00,,,,,,
1986-05-09 00:00:00-04:00,,,,,,
1986-05-12 00:00:00-04:00,,,,,,
1986-05-13 00:00:00-04:00,,,,,,
1986-05-14 00:00:00-04:00,,,,,,
1986-05-15 00:00:00-04:00,,,,,,
1986-05-16 00:00:00-04:00,,,,,,
1986-05-19 00:00:00-04:00,,,,,,
1986-05-20 00:00:00-04:00,,,,,,
1986-05-21 00:00:00-04:00,,,,,,
1986-05-22 00:00:00-04:00,,,,,,
1986-05-23 00:00:00-04:00,,,,,,
1986-05-27 00:00:00-04:00,,,,,,
1986-05-28 00:00:00-04:00,,,,,,
1986-05-29 00:00:00-04:00,,,,,,
1986-05-30 00:00:00-04:00,,,,,,
1986-06-02 00:00:00-04:00,,,,,,
1986-06-03 00:00:00-04:00,,,,,,
1986-06-04 00:00:00-04:00,,,,,,
1986-06-05 00:00:00-04:00,,,,,,
1986-06-06 00:00:00-04:00,,,,,,
1986-06-09 00:00:00-04:00,,,,,,
1986-06-10 00:00:00-04:00,,,,,,
1986-06-11 00:00:00-04:00,,,,,,
1986-06-12 00:00:00-04:00,,,,,,
1986-06-13 00:00:00-04:00,,,,,,
1986-06-16 00:00:00-04:00,,,,,,
1986-06-17 00:00:00-04:00,,,,,,
1986-06-18 00:00:00-04:00,,,,,,
1986-06-19 00:00:00-04:00,,,,,,
1986-06-20 00:00:00-04:00,,,,,,
1986-06-23 00:00:00-04:00,,,,,,
1986-06-24 00:00:00-04:00,,,,,,
1986-06-25 00:00:00-04:00,,,,,,
1986-06-26 00:00:00-04:00,,,,,,
1986-06-27 00:00:00-04:00,,,,,,
1986-06-30 00:00:00-04:00,,,,,,
1986-07-01 00:00:00-04:00,,,,,,
1986-07-02 00:00:00-04:00,,,,,,
1986-07-03 00:00:00-04:00,,,,,,
1986-07-07 00:00:00-04:00,,,,,,
1986-07-08 00:00:00-04:00,,,,,,
1986-07-09 00:00:00-04:00,,,,,,
1986-07-10 00:00:00-04:00,,,,,,
1986-07-11 00:00:00-04:00,,,,,,
1986-07-14 00:00:00-04:00,,,,,,
1986-07-15 00:00:00-04:00,,,,,,
1986-07-16 00:00:00-04:00,,,,,,
1986-07-17 00:00:00-04:00,,,,,,
1986-07-18 00:00:00-04:00,,,,,,
1986-07-21 00:00:00-04:00,,,,,,
1986-07-22 00:00:00-04:00,,,,,,
1986-07-23 00:00:00-04:00,,,,,,
1986-07-24 00:00:00-04:00,,,,,,
1986-07-25 00:00:00-04:00,,,,,,
1986-07-28 00:00:00-04:00,,,,,,
1986-07-29 00:00:00-04:00,,,,,,
1986-07-30 00:00:00-04:00,,,,,,
1986-07-31 00:00:00-04:00,,,,,,
1986-08-01 00:00:00-04:00,,,,,,
1986-08-04 00:00:00-04:00,,,,,,
1986-08-05 00:00:00-04:00,,,,,,
1986-08-06 00:00:00-04:00,,,,,,
1986-08-07 00:00:00-04:00,,,,,,
1986-08-08 00:00:00-04:00,,,,,,
1986-08-11 00:00:00-04:00,,,,,,
1986-08-12 00:00:00-04:00,,,,,,
1986-08-13 00:00:00-04:00,,,,,,
1986-08-14 00:00:00-04:00,,,,,,
1986-08-15 00:00:00-04:00,,,,,,
1986-08-18 00:00:00-04:00,,,,,,
1986-08-19 00:00:00-04:00,,,,,,
1986-08-20 00:00:00-04:00,,,,,,
1986-08-21 00:00:00-04:00,,,,,,
1986-08-22 00:00:00-04:00,,,,,,
1986-08-25 00:00:00-04:00,,,,,,
1986-08-26 00:00:00-04:00,,,,,,
1986-08-27 00:00:00-04:00,,,,,,
1986-08-28 00:00:00-04:00,,,,,,
1986-08-29 00:00:00-04:00,,,,,,
1986-09-02 00:00:00-04:00,,,,,,
1986-09-03 00:00:00-04:00,,,,,,
1986-09-04 00:00:00-04:00,,,,,,
1986-09-05 00:00:00-04:00,,,,,,
1986-09-08 00:00:00-04:00,,,,,,
1986-09-09 00:00:00-04:00,,,,,,
1986-09-10 00:00:00-04:00,,,,,,
1986-09-11 00:00:00-04:00,,,,,,
1986-09-12 00:00:00-04:00,,,,,,
1986-09-15 00:00:00-04:00,,,,,,
1986-09-16 00:00:00-04:00,,,,,,
1986-09-17 00:00:00-04:00,,,,,,
1986-09-18 00:00:00-04:00,,,,,,
1986-09-19 00:00:00-04:00,,,,,,
1986-09-22 00:00:00-04:00,,,,,,
1986-09-23 00:00:00-04:00,,,,,,
1986-09-24 00:00:00-04:00,,,,,,
1986-09-25 00:00:00-04:00,,,,,,
1986-09-26 00:00:00-04:00,,,,,,
1986-09-29 00:00:00-04:00,,,,,,
1986-09-30 00:00:00-04:00,,,,,,
1986-10-01 00:00:00-04:00,,,,,,
1986-10-02 00:00:00-04:00,,,,,,
1986-10-03 00:00:00-04:00,,,,,,
1986-10-06 00:00:00-04:00,,,,,,
1986-10-07 00:00:00-04:00,,,,,,
1986-10-08 00:00:00-04:00,,,,,,
1986-10-09 00:00:00-04:00,,,,,,
1986-10-10 00:00:00-04:00,,,,,,
1986-10-13 00:00:00-04:00,,,,,,
1986-10-14 00:00:00-04:00,,,,,,
1986-10-15 00:00:00-04:00,,,,,,
1986-10-16 00:00:00-04:00,,,,,,
1986-10-17 00:00:00-04:00,,,,,,
1986-10-20 00:00:00-04:00,,,,,,
1986-10-21 00:00:00-04:00,,,,,,
1986-10-22 00:00:00-04:00,,,,,,
1986-10-23 00:00:00-04:00,,,,,,
1986-10-24 00:00:00-04:00,,,,,,
1986-10-27 00:00:00-05:00,,,,,,
1986-10-28 00:00:00-05:00,,,,,,
1986-10-29 00:00:00-05:00,,,,,,
1986-10-30 00:00:00-05:00,,,,,,
1986-10-31 00:00:00-05:00,,,,,,
1986-11-03 00:00:00-05:00,,,,,,
1986-11-04 00:00:00-05:00,,,,,,
1986-11-05 00:00:00-05:00,,,,,,
1986-11-06 00:00:00-05:00,,,,,,
1986-11-07 00:00:00-05:00,,,,,,
1986-11-10 00:00:00-05:00,,,,,,
1986-11-11 00:00:00-05:00,,,,,,
1986-11-12 00:00:00-05:00,,,,,,
1986-11-13 00:00:00-05:00,,,,,,
1986-11-14 00:00:00-05:00,,,,,,
1986-11-17 00:00:00-05:00,,,,,,
1986-11-18 00:00:00-05:00,,,,,,
1986-11-19 00:00:00-05:00,,,,,,
1986-11-20 00:00:00-05:00,,,,,,
1986-11-21 00:00:00-05:00,,,,,,
1986-11-24 00:00:00-05:00,,,,,,
1986-11-25 00:00:00-05:00,,,,,,
1986-11-26 00:00:00-05:00,,,,,,
1986-11-28 00:00:00-05:00,,,,,,
1986-12-01 00:00:00-05:00,,,,,,
1986-12-02 00:00:00-05:00,,,,,,
1986-12-03 00:00:00-05:00,,,,,,
1986-12-04 00:00:00-05:00,,,,,,
1986-12-05 00:00:00-05:00,,,,,,
1986-12-08 00:00:00-05:00,,,,,,
1986-12-09 00:00:00-05:00,,,,,,
1986-12-10 00:00:00-05:00,,,,,,
1986-12-11 00:00:00-05:00,,,,,,
1986-12-12 00:00:00-05:00,,,,,,
1986-12-15 00:00:00-05:00,,,,,,
1986-12-16 00:00:00-05:00,,,,,,
1986-12-17 00:00:00-05:00,,,,,,
1986-12-18 00:00:00-05:00,,,,,,
1986-12-19 00:00:00-05:00,,,,,,
1986-12-22 00:00:00-05:00,,,,,,
1986-12-23 00:00:00-05:00,,,,,,
1986-12-24 00:00:00-05:00,,,,,,
1986-12-26 00:00:00-05:00,,,,,,
1986-12-29 00:00:00-05:00,,,,,,
1986-12-30 00:00:00-05:00,,,,,,
1986-12-31 00:00:00-05:00,,,,,,
1987-01-02 00:00:00-05:00,,,,,,
1987-01-05 00:00:00-05:00,,,,,,
1987-01-06 00:00:00-05:00,,,,,,
1987-01-07 00:00:00-05:00,,,,,,
1987-01-08 00:00:00-05:00,,,,,,
1987-01-09 00:00:00-05:00,,,,,,
1987-01-12 00:00:00-05:00,,,,,,
1987-01-13 00:00:00-05:00,,,,,,
1987-01-14 00:00:00-05:00,,,,,,
1987-01-15 00:00:00-05:00,,,,,,
1987-01-16 00:00:00-05:00,,,,,,
1987-01-19 00:00:00-05:00,,,,,,
1987-01-20 00:00:00-05:00,,,,,,
1987-01-21 00:00:00-05:00,,,,,,
1987-01-22 00:00:00-05:00,,,,,,
1987-01-23 00:00:00-05:00,,,,,,
1987-01-26 00:00:00-05:00,,,,,,
1987-01-27 00:00:00-05:00,,,,,,
1987-01-28 00:00:00-05:00,,,,,,
1987-01-29 00:00:00-05:00,,,,,,
1987-01-30 00:00:00-05:00,,,,,,
1987-02-02 00:00:00-05:00,,,,,,
1987-02-03 00:00:00-05:00,,,,,,
1987-02-04 00:00:00-05:00,,,,,,
1987-02-05 00:00:00-05:00,,,,,,
1987-02-06 00:00:00-05:00,,,,,,
1987-02-09 00:00:00-05:00,,,,,,
1987-02-10 00:00:00-05:00,,,,,,
1987-02-11 00:00:00-05:00,,,,,,
1987-02-12 00:00:00-05:00,,,,,,
1987-02-13 00:00:00-05:00,,,,,,
1987-02-17 00:00:00-05:00,,,,,,
1987-02-18 00:00:00-05:00,,,,,,
1987-02-19 00:00:00-05:00,,,,,,
1987-02-20 00:00:00-05:00,,,,,,
1987-02-23 00:00:00-05:00,,,,,,
1987-02-24 00:00:00-05:00,,,,,,
1987-02-25 00:00:00-05:00,,,,,,
1987-02-26 00:00:00-05:00,,,,,,
1987-02-27 00:00:00-05:00,,,,,,
1987-03-02 00:00:00-05:00,,,,,,
1987-03-03 00:00:00-05:00,,,,,,
1987-03-04 00:00:00-05:00,,,,,,
1987-03-05 00:00:00-05:00,,,,,,
1987-03-06 00:00:00-05:00,,,,,,
1987-03-09 00:00:00-05:00,,,,,,
1987-03-10 00:00:00-05:00,,,,,,
1987-03-11 00:00:00-05:00,,,,,,
1987-03-12 00:00:00-05:00,,,,,,
1987-03-13 00:00:00-05:00,,,,,,
1987-03-16 00:00:00-05:00,,,,,,
1987-03-17 00:00:00-05:00,,,,,,
1987-03-18 00:00:00-05:00,,,,,,
1987-03-19 00:00:00-05:00,,,,,,
1987-03-20 00:00:00-05:00,,,,,,
1987-03-23 00:00:00-05:00,,,,,,
1987-03-24 00:00:00-05:00,,,,,,
1987-03-25 00:00:00-05:00,,,,,,
1987-03-26 00:00:00-05:00,,,,,,
1987-03-27 00:00:00-05:00,,,,,,
1987-03-30 00:00:00-05:00,,,,,,
1987-03-31 00:00:00-05:00,,,,,,
1987-04-01 00:00:00-05:00,,,,,,
1987-04-02 00:00:00-05:00,,,,,,
1987-04-03 00:00:00-05:00,,,,,,
1987-04-06 00:00:00-04:00,,,,,,
1987-04-07 00:00:00-04:00,,,,,,
1987-04-08 00:00:00-04:00,,,,,,
1987-04-09 00:00:00-04:00,,,,,,
1987-04-10 00:00:00-04:00,,,,,,
1987-04-13 00:00:00-04:00,,,,,,
1987-04-14 00:00:00-04:00,,,,,,
1987-04-15 00:00:00-04:00,,,,,,
1987-04-16 00:00:00-04:00,,,,,,
1987-04-20 00:00:00-04:00,,,,,,
1987-04-21 00:00:00-04:00,,,,,,
1987-04-22 00:00:00-04:00,,,,,,
1987-04-23 00:00:00-04:00,,,,,,
1987-04-24 00:00:00-04:00,,,,,,
1987-04-27 00:00:00-04:00,,,,,,
1987-04-28 00:00:00-04:00,,,,,,
1987-04-29 00:00:00-04:00,,,,,,
1987-04-30 00:00:00-04:00,,,,,,
1987-05-01 00:00:00-04:00,,,,,,
1987-05-04 00:00:00-04:00,,,,,,
1987-05-05 00:00:00-04:00,,,,,,
1987-05-06 00:00:00-04:00,,,,,,
1987-05-07 00:00:00-04:00,,,,,,
1987-05-08 00:00:00-04:00,,,,,,
1987-05-11 00:00:00-04:00,,,,,,
1987-05-12 00:00:00-04:00,,,,,,
1987-05-13 00:00:00-04:00,,,,,,
1987-05-14 00:00:00-04:00,,,,,,
1987-05-15 00:00:00-04:00,,,,,,
1987-05-18 00:00:00-04:00,,,,,,
1987-05-19 00:00:00-04:00,,,,,,
1987-05-20 00:00:00-04:00,,,,,,
1987-05-21 00:00:00-04:00,,,,,,
1987-05-22 00:00:00-04:00,,,,,,
1987-05-26 00:00:00-04:00,,,,,,
1987-05-27 00:00:00-04:00,,,,,,
1987-05-28 00:00:00-04:00,,,,,,
1987-05-29 00:00:00-04:00,,,,,,
1987-06-01 00:00:00-04:00,,,,,,
1987-06-02 00:00:00-04:00,,,,,,
1987-06-03 00:00:00-04:00,,,,,,
1987-06-04 00:00:00-04:00,,,,,,
1987-06-05 00:00:00-04:00,,,,,,
1987-06-08 00:00:00-04:00,,,,,,
1987-06-09 00:00:00-04:00,,,,,,
1987-06-10 00:00:00-04:00,,,,,,
1987-06-11 00:00:00-04:00,,,,,,
1987-06-12 00:00:00-04:00,,,,,,
1987-06-15 00:00:00-04:00,,,,,,
1987-06-16 00:00:00-04:00,,,,,,
1987-06-17 00:00:00-04:00,,,,,,
1987-06-18 00:00:00-04:00,,,,,,
1987-06-19 00:00:00-04:00,,,,,,
1987-06-22 00:00:00-04:00,,,,,,
1987-06-23 00:00:00-04:00,,,,,,
1987-06-24 00:00:00-04:00,,,,,,
1987-06-25 00:00:00-04:00,,,,,,
1987-06-26 00:00:00-04:00,,,,,,
1987-06-29 00:00:00-04:00,,,,,,
1987-06-30 00:00:00-04:00,,,,,,
1987-07-01 00:00:00-04:00,,,,,,
1987-07-02 00:00:00-04:00,,,,,,
1987-07-06 00:00:00-04:00,,,,,,
1987-07-07 00:00:00-04:00,,,,,,
1987-07-08 00:00:00-04:00,,,,,,
1987-07-09 00:00:00-04:00,,,,,,
1987-07-10 00:00:00-04:00,,,,,,
1987-07-13 00:00:00-04:00,,,,,,
1987-07-14 00:00:00-04:00,,,,,,
1987-07-15 00:00:00-04:00,,,,,,
1987-07-16 00:00:00-04:00,,,,,,
1987-07-17 00:00:00-04:00,,,,,,
1987-07-20 00:00:00-04:00,,,,,,
1987-07-21 00:00:00-04:00,,,,,,
1987-07-22 00:00:00-04:00,,,,,,
1987-07-23 00:00:00-04:00,,,,,,
1987-07-24 00:00:00-04:00,,,,,,
1987-07-27 00:00:00-04:00,,,,,,
1987-07-28 00:00:00-04:00,,,,,,
1987-07-29 00:00:00-04:00,,,,,,
1987-07-30 00:00:00-04:00,,,,,,
1987-07-31 00:00:00-04:00,,,,,,
1987-08-03 00:00:00-04:00,,,,,,
1987-08-04 00:00:00-04:00,,,,,,
1987-08-05 00:00:00-04:00,,,,,,
1987-08-06 00:00:00-04:00,,,,,,
1987-08-07 00:00:00-04:00,,,,,,
1987-08-10 00:00:00-04:00,,,,,,
1987-08-11 00:00:00-04:00,,,,,,
1987-08-12 00:00:00-04:00,,,,,,
1987-08-13 00:00:00-04:00,,,,,,
1987-08-14 00:00:00-04:00,,,,,,
1987-08-17 00:00:00-04:00,,,,,,
1987-08-18 00:00:00-04:00,,,,,,
1987-08-19 00:00:00-04:00,,,,,,
1987-08-20 00:00:00-04:00,,,,,,
1987-08-21 00:00:00-04:00,,,,,,
1987-08-24 00:00:00-04:00,,,,,,
1987-08-25 00:00:00-04:00,,,,,,
1987-08-26 00:00:00-04:00,,,,,,
1987-08-27 00:00:00-04:00,,,,,,
1987-08-28 00:00:00-04:00,,,,,,
1987-08-31 00:00:00-04:00,,,,,,
1987-09-01 00:00:00-04:00,,,,,,
1987-09-02 00:00:00-04:00,,,,,,
1987-09-03 00:00:00-04:00,,,,,,
1987-09-04 00:00:00-04:00,,,,,,
1987-09-08 00:00:00-04:00,,,,,,
1987-09-09 00:00:00-04:00,,,,,,
1987-09-10 00:00:00-04:00,,,,,,
1987-09-11 00:00:00-04:00,,,,,,
1987-09-14 00:00:00-04:00,,,,,,
1987-09-15 00:00:00-04:00,,,,,,
1987-09-16 00:00:00-04:00,,,,,,
1987-09-17 00:00:00-04:00,,,,,,
1987-09-18 00:00:00-04:00,,,,,,
1987-09-21 00:00:00-04:00,,,,,,
1987-09-22 00:00:00-04:00,,,,,,
1987-09-23 00:00:00-04:00,,,,,,
1987-09-24 00:00:00-04:00,,,,,,
1987-09-25 00:00:00-04:00,,,,,,
1987-09-28 00:00:00-04:00,,,,,,
1987-09-29 00:00:00-04:00,,,,,,
1987-09-30 00:00:00-04:00,,,,,,
1987-10-01 00:00:00-04:00,,,,,,
1987-10-02 00:00:00-04:00,,,,,,
1987-10-05 00:00:00-04:00,,,,,,
1987-10-06 00:00:00-04:00,,,,,,
1987-10-07 00:00:00-04:00,,,,,,
1987-10-08 00:00:00-04:00,,,,,,
1987-10-09 00:00:00-04:00,,,,,,
1987-10-12 00:00:00-04:00,,,,,,
1987-10-13 00:00:00-04:00,,,,,,
1987-10-14 00:00:00-04:00,,,,,,
1987-10-15 00:00:00-04:00,,,,,,
1987-10-16 00:00:00-04:00,,,,,,
1987-10-19 00:00:00-04:00,,,,,,
1987-10-20 00:00:00-04:00,,,,,,
1987-10-21 00:00:00-04:00,,,,,,
1987-10-22 00:00:00-04:00,,,,,,
1987-10-23 00:00:00-04:00,,,,,,
1987-10-26 00:00:00-05:00,,,,,,
1987-10-27 00:00:00-05:00,,,,,,
1987-10-28 00:00:00-05:00,,,,,,
1987-10-29 00:00:00-05:00,,,,,,
1987-10-30 00:00:00-05:00,,,,,,
1987-11-02 00:00:00-05:00,,,,,,
1987-11-03 00:00:00-05:00,,,,,,
1987-11-04 00:00:00-05:00,,,,,,
1987-11-05 00:00:00-05:00,,,,,,
1987-11-06 00:00:00-05:00,,,,,,
1987-11-09 00:00:00-05:00,,,,,,
1987-11-10 00:00:00-05:00,,,,,,
1987-11-11 00:00:00-05:00,,,,,,
1987-11-12 00:00:00-05:00,,,,,,
1987-11-13 00:00:00-05:00,,,,,,
1987-11-16 00:00:00-05:00,,,,,,
1987-11-17 00:00:00-05:00,,,,,,
1987-11-18 00:00:00-05:00,,,,,,
1987-11-19 00:00:00-05:00,,,,,,
1987-11-20 00:00:00-05:00,,,,,,
1987-11-23 00:00:00-05:00,,,,,,
1987-11-24 00:00:00-05:00,,,,,,
1987-11-25 00:00:00-05:00,,,,,,
1987-11-27 00:00:00-05:00,,,,,,
1987-11-30 00:00:00-05:00,,,,,,
1987-12-01 00:00:00-05:00,,,,,,
1987-12-02 00:00:00-05:00,,,,,,
1987-12-03 00:00:00-05:00,,,,,,
1987-12-04 00:00:00-05:00,,,,,,
1987-12-07 00:00:00-05:00,,,,,,
1987-12-08 00:00:00-05:00,,,,,,
1987-12-09 00:00:00-05:00,,,,,,
1987-12-10 00:00:00-05:00,,,,,,
1987-12-11 00:00:00-05:00,,,,,,
1987-12-14 00:00:00-05:00,,,,,,
1987-12-15 00:00:00-05:00,,,,,,
1987-12-16 00:00:00-05:00,,,,,,
1987-12-17 00:00:00-05:00,,,,,,
1987-12-18 00:00:00-05:00,,,,,,
1987-12-21 00:00:00-05:00,,,,,,
1987-12-22 00:00:00-05:00,,,,,,
1987-12-23 00:00:00-05:00,,,,,,
1987-12-24 00:00:00-05:00,,,,,,
1987-12-28 00:00:00-05:00,,,,,,
1987-12-29 00:00:00-05:00,,,,,,
1987-12-30 00:00:00-05:00,,,,,,
1987-12-31 00:00:00-05:00,,,,,,
1988-01-04 00:00:00-05:00,,,,,,
1988-01-05 00:00:00-05:00,,,,,,
1988-01-06 00:00:00-05:00,,,,,,
1988-01-07 00:00:00-05:00,,,,,,
1988-01-08 00:00:00-05:00,,,,,,
1988-01-11 00:00:00-05:00,,,,,,
1988-01-12 00:00:00-05:00,,,,,,
1988-01-13 00:00:00-05:00,,,,,,
1988-01-14 00:00:00-05:00,,,,,,
1988-01-15 00:00:00-05:00,,,,,,
1988-01-18 00:00:00-05:00,,,,,,
1988-01-19 00:00:00-05:00,,,,,,
1988-01-20 00:00:00-05:00,,,,,,
1988-01-21 00:00:00-05:00,,,,,,
1988-01-22 00:00:00-05:00,,,,,,
1988-01-25 00:00:00-05:00,,,,,,
1988-01-26 00:00:00-05:00,,,,,,
1988-01-27 00:00:00-05:00,,,,,,
1988-01-28 00:00:00-05:00,,,,,,
1988-01-29 00:00:00-05:00,,,,,,
1988-02-01 00:00:00-05:00,,,,,,
1988-02-02 00:00:00-05:00,,,,,,
1988-02-03 00:00:00-05:00,,,,,,
1988-02-04 00:00:00-05:00,,,,,,
1988-02-05 00:00:00-05:00,,,,,,
1988-02-08 00:00:00-05:00,,,,,,
1988-02-09 00:00:00-05:00,,,,,,
1988-02-10 00:00:00-05:00,,,,,,
1988-02-11 00:00:00-05:00,,,,,,
1988-02-12 00:00:00-05:00,,,,,,
1988-02-16 00:00:00-05:00,,,,,,
1988-02-17 00:00:00-05:00,,,,,,
1988-02-18 00:00:00-05:00,,,,,,
1988-02-19 00:00:00-05:00,,,,,,
1988-02-22 00:00:00-05:00,,,,,,
1988-02-23 00:00:00-05:00,,,,,,
1988-02-24 00:00:00-05:00,,,,,,
1988-02-25 00:00:00-05:00,,,,,,
1988-02-26 00:00:00-05:00,,,,,,
1988-02-29 00:00:00-05:00,,,,,,
1988-03-01 00:00:00-05:00,,,,,,
1988-03-02 00:00:00-05:00,,,,,,
1988-03-03 00:00:00-05:00,,,,,,
1988-03-04 00:00:00-05:00,,,,,,
1988-03-07 00:00:00-05:00,,,,,,
1988-03-08 00:00:00-05:00,,,,,,
1988-03-09 00:00:00-05:00,,,,,,
1988-03-10 00:00:00-05:00,,,,,,
1988-03-11 00:00:00-05:00,,,,,,
1988-03-14 00:00:00-05:00,,,,,,
1988-03-15 00:00:00-05:00,,,,,,
1988-03-16 00:00:00-05:00,,,,,,
1988-03-17 00:00:00-05:00,,,,,,
1988-03-18 00:00:00-05:00,,,,,,
1988-03-21 00:00:00-05:00,,,,,,
1988-03-22 00:00:00-05:00,,,,,,
1988-03-23 00:00:00-05:00,,,,,,
1988-03-24 00:00:00-05:00,,,,,,
1988-03-25 00:00:00-05:00,,,,,,
1988-03-28 00:00:00-05:00,,,,,,
1988-03-29 00:00:00-05:00,,,,,,
1988-03-30 00:00:00-05:00,,,,,,
1988-03-31 00:00:00-05:00,,,,,,
1988-04-04 00:00:00-04:00,,,,,,
1988-04-05 00:00:00-04:00,,,,,,
1988-04-06 00:00:00-04:00,,,,,,
1988-04-07 00:00:00-04:00,,,,,,
1988-04-08 00:00:00-04:00,,,,,,
1988-04-11 00:00:00-04:00,,,,,,
1988-04-12 00:00:00-04:00,,,,,,
1988-04-13 00:00:00-04:00,,,,,,
1988-04-14 00:00:00-04:00,,,,,,
1988-04-15 00:00:00-04:00,,,,,,
1988-04-18 00:00:00-04:00,,,,,,
1988-04-19 00:00:00-04:00,,,,,,
1988-04-20 00:00:00-04:00,,,,,,
1988-04-21 00:00:00-04:00,,,,,,
1988-04-22 00:00:00-04:00,,,,,,
1988-04-25 00:00:00-04:00,,,,,,
1988-04-26 00:00:00-04:00,,,,,,
1988-04-27 00:00:00-04:00,,,,,,
1988-04-28 00:00:00-04:00,,,,,,
1988-04-29 00:00:00-04:00,,,,,,
1988-05-02 00:00:00-04:00,,,,,,
1988-05-03 00:00:00-04:00,,,,,,
1988-05-04 00:00:00-04:00,,,,,,
1988-05-05 00:00:00-04:00,,,,,,
1988-05-06 00:00:00-04:00,,,,,,
1988-05-09 00:00:00-04:00,,,,,,
1988-05-10 00:00:00-04:00,,,,,,
1988-05-11 00:00:00-04:00,,,,,,
1988-05-12 00:00:00-04:00,,,,,,
1988-05-13 00:00:00-04:00,,,,,,
1988-05-16 00:00:00-04:00,,,,,,
1988-05-17 00:00:00-04:00,,,,,,
1988-05-18 00:00:00-04:00,,,,,,
1988-05-19 00:00:00-04:00,,,,,,
1988-05-20 00:00:00-04:00,,,,,,
1988-05-23 00:00:00-04:00,,,,,,
1988-05-24 00:00:00-04:00,,,,,,
1988-05-25 00:00:00-04:00,,,,,,
1988-05-26 00:00:00-04:00,,,,,,
1988-05-27 00:00:00-04:00,,,,,,
1988-05-31 00:00:00-04:00,,,,,,
1988-06-01 00:00:00-04:00,,,,,,
1988-06-02 00:00:00-04:00,,,,,,
1988-06-03 00:00:00-04:00,,,,,,
1988-06-06 00:00:00-04:00,,,,,,
1988-06-07 00:00:00-04:00,,,,,,
1988-06-08 00:00:00-04:00,,,,,,
1988-06-09 00:00:00-04:00,,,,,,
1988-06-10 00:00:00-04:00,,,,,,
1988-06-13 00:00:00-04:00,,,,,,
1988-06-14 00:00:00-04:00,,,,,,
1988-06-15 00:00:00-04:00,,,,,,
1988-06-16 00:00:00-04:00,,,,,,
1988-06-17 00:00:00-04:00,,,,,,
1988-06-20 00:00:00-04:00,,,,,,
1988-06-21 00:00:00-04:00,,,,,,
1988-06-22 00:00:00-04:00,,,,,,
1988-06-23 00:00:00-04:00,,,,,,
1988-06-24 00:00:00-04:00,,,,,,
1988-06-27 00:00:00-04:00,,,,,,
1988-06-28 00:00:00-04:00,,,,,,
1988-06-29 00:00:00-04:00,,,,,,
1988-06-30 00:00:00-04:00,,,,,,
1988-07-01 00:00:00-04:00,,,,,,
1988-07-05 00:00:00-04:00,,,,,,
1988-07-06 00:00:00-04:00,,,,,,
1988-07-07 00:00:00-04:00,,,,,,
1988-07-08 00:00:00-04:00,,,,,,
1988-07-11 00:00:00-04:00,,,,,,
1988-07-12 00:00:00-04:00,,,,,,
1988-07-13 00:00:00-04:00,,,,,,
1988-07-14 00:00:00-04:00,,,,,,
1988-07-15 00:00:00-04:00,,,,,,
1988-07-18 00:00:00-04:00,,,,,,
1988-07-19 00:00:00-04:00,,,,,,
1988-07-20 00:00:00-04:00,,,,,,
1988-07-21 00:00:00-04:00,,,,,,
1988-07-22 00:00:00-04:00,,,,,,
1988-07-25 00:00:00-04:00,,,,,,
1988-07-26 00:00:00-04:00,,,,,,
1988-07-27 00:00:00-04:00,,,,,,
1988-07-28 00:00:00-04:00,,,,,,
1988-07-29 00:00:00-04:00,,,,,,
1988-08-01 00:00:00-04:00,,,,,,
1988-08-02 00:00:00-04:00,,,,,,
1988-08-03 00:00:00-04:00,,,,,,
1988-08-04 00:00:00-04:00,,,,,,
1988-08-05 00:00:00-04:00,,,,,,
1988-08-08 00:00:00-04:00,,,,,,
1988-08-09 00:00:00-04:00,,,,,,
1988-08-10 00:00:00-04:00,,,,,,
1988-08-11 00:00:00-04:00,,,,,,
1988-08-12 00:00:00-04:00,,,,,,
1988-08-15 00:00:00-04:00,,,,,,
1988-08-16 00:00:00-04:00,,,,,,
1988-08-17 00:00:00-04:00,,,,,,
1988-08-18 00:00:00-04:00,,,,,,
1988-08-19 00:00:00-04:00,,,,,,
1988-08-22 00:00:00-04:00,,,,,,
1988-08-23 00:00:00-04:00,,,,,,
1988-08-24 00:00:00-04:00,,,,,,
1988-08-25 00:00:00-04:00,,,,,,
1988-08-26 00:00:00-04:00,,,,,,
1988-08-29 00:00:00-04:00,,,,,,
1988-08-30 00:00:00-04:00,,,,,,
1988-08-31 00:00:00-04:00,,,,,,
1988-09-01 00:00:00-04:00,,,,,,
1988-09-02 00:00:00-04:00,,,,,,
1988-09-06 00:00:00-04:00,,,,,,
1988-09-07 00:00:00-04:00,,,,,,
1988-09-08 00:00:00-04:00,,,,,,
1988-09-09 00:00:00-04:00,,,,,,
1988-09-12 00:00:00-04:00,,,,,,
1988-09-13 00:00:00-04:00,,,,,,
1988-09-14 00:00:00-04:00,,,,,,
1988-09-15 00:00:00-04:00,,,,,,
1988-09-16 00:00:00-04:00,,,,,,
1988-09-19 00:00:00-04:00,,,,,,
1988-09-20 00:00:00-04:00,,,,,,
1988-09-21 00:00:00-04:00,,,,,,
1988-09-22 00:00:00-04:00,,,,,,
1988-09-23 00:00:00-04:00,,,,,,
1988-09-26 00:00:00-04:00,,,,,,
1988-09-27 00:00:00-04:00,,,,,,
1988-09-28 00:00:00-04:00,,,,,,
1988-09-29 00:00:00-04:00,,,,,,
1988-09-30 00:00:00-04:00,,,,,,
1988-10-03 00:00:00-04:00,,,,,,
1988-10-04 00:00:00-04:00,,,,,,
1988-10-05 00:00:00-04:00,,,,,,
1988-10-06 00:00:00-04:00,,,,,,
1988-10-07 00:00:00-04:00,,,,,,
1988-10-10 00:00:00-04:00,,,,,,
1988-10-11 00:00:00-04:00,,,,,,
1988-10-12 00:00:00-04:00,,,,,,
1988-10-13 00:00:00-04:00,,,,,,
1988-10-14 00:00:00-04:00,,,,,,
1988-10-17 00:00:00-04:00,,,,,,
1988-10-18 00:00:00-04:00,,,,,,
1988-10-19 00:00:00-04:00,,,,,,
1988-10-20 00:00:00-04:00,,,,,,
1988-10-21 00:00:00-04:00,,,,,,
1988-10-24 00:00:00-04:00,,,,,,
1988-10-25 00:00:00-04:00,,,,,,
1988-10-26 00:00:00-04:00,,,,,,
1988-10-27 00:00:00-04:00,,,,,,
1988-10-28 00:00:00-04:00,,,,,,
1988-10-31 00:00:00-05:00,,,,,,
1988-11-01 00:00:00-05:00,,,,,,
1988-11-02 00:00:00-05:00,,,,,,
1988-11-03 00:00:00-05:00,,,,,,
1988-11-04 00:00:00-05:00,,,,,,
1988-11-07 00:00:00-05:00,,,,,,
1988-11-08 00:00:00-05:00,,,,,,
1988-11-09 00:00:00-05:00,,,,,,
1988-11-10 00:00:00-05:00,,,,,,
1988-11-11 00:00:00-05:00,,,,,,
1988-11-14 00:00:00-05:00,,,,,,
1988-11-15 00:00:00-05:00,,,,,,
1988-11-16 00:00:00-05:00,,,,,,
1988-11-17 00:00:00-05:00,,,,,,
1988-11-18 00:00:00-05:00,,,,,,
1988-11-21 00:00:00-05:00,,,,,,
1988-11-22 00:00:00-05:00,,,,,,
1988-11-23 00:00:00-05:00,,,,,,
1988-11-25 00:00:00-05:00,,,,,,
1988-11-28 00:00:00-05:00,,,,,,
1988-11-29 00:00:00-05:00,,,,,,
1988-11-30 00:00:00-05:00,,,,,,
1988-12-01 00:00:00-05:00,,,,,,
1988-12-02 00:00:00-05:00,,,,,,
1988-12-05 00:00:00-05:00,,,,,,
1988-12-06 00:00:00-05:00,,,,,,
1988-12-07 00:00:00-05:00,,,,,,
1988-12-08 00:00:00-05:00,,,,,,
1988-12-09 00:00:00-05:00,,,,,,
1988-12-12 00:00:00-05:00,,,,,,
1988-12-13 00:00:00-05:00,,,,,,
1988-12-14 00:00:00-05:00,,,,,,
1988-12-15 00:00:00-05:00,,,,,,
1988-12-16 00:00:00-05:00,,,,,,
1988-12-19 00:00:00-05:00,,,,,,
1988-12-20 00:00:00-05:00,,,,,,
1988-12-21 00:00:00-05:00,,,,,,
1988-12-22 00:00:00-05:00,,,,,,
1988-12-23 00:00:00-05:00,,,,,,
1988-12-27 00:00:00-05:00,,,,,,
1988-12-28 00:00:00-05:00,,,,,,
1988-12-29 00:00:00-05:00,,,,,,
1988-12-30 00:00:00-05:00,,,,,,
1989-01-03 00:00:00-05:00,,,,,,
1989-01-04 00:00:00-05:00,,,,,,
1989-01-05 00:00:00-05:00,,,,,,
1989-01-06 00:00:00-05:00,,,,,,
1989-01-09 00:00:00-05:00,,,,,,
1989-01-10 00:00:00-05:00,,,,,,
1989-01-11 00:00:00-05:00,,,,,,
1989-01-12 00:00:00-05:00,,,,,,
1989-01-13 00:00:00-05:00,,,,,,
1989-01-16 00:00:00-05:00,,,,,,
1989-01-17 00:00:00-05:00,,,,,,
1989-01-18 00:00:00-05:00,,,,,,
1989-01-19 00:00:00-05:00,,,,,,
1989-01-20 00:00:00-05:00,,,,,,
1989-01-23 00:00:00-05:00,,,,,,
1989-01-24 00:00:00-05:00,,,,,,
1989-01-25 00:00:00-05:00,,,,,,
1989-01-26 00:00:00-05:00,,,,,,
1989-01-27 00:00:00-05:00,,,,,,
1989-01-30 00:00:00-05:00,,,,,,
1989-01-31 00:00:00-05:00,,,,,,
1989-02-01 00:00:00-05:00,,,,,,
1989-02-02 00:00:00-05:00,,,,,,
1989-02-03 00:00:00-05:00,,,,,,
1989-02-06 00:00:00-05:00,,,,,,
1989-02-07 00:00:00-05:00,,,,,,
1989-02-08 00:00:00-05:00,,,,,,
1989-02-09 00:00:00-05:00,,,,,,
1989-02-10 00:00:00-05:00,,,,,,
1989-02-13 00:00:00-05:00,,,,,,
1989-02-14 00:00:00-05:00,,,,,,
1989-02-15 00:00:00-05:00,,,,,,
1989-02-16 00:00:00-05:00,,,,,,
1989-02-17 00:00:00-05:00,,,,,,
1989-02-21 00:00:00-05:00,,,,,,
1989-02-22 00:00:00-05:00,,,,,,
1989-02-23 00:00:00-05:00,,,,,,
1989-02-24 00:00:00-05:00,,,,,,
1989-02-27 00:00:00-05:00,,,,,,
1989-02-28 00:00:00-05:00,,,,,,
1989-03-01 00:00:00-05:00,,,,,,
1989-03-02 00:00:00-05:00,,,,,,
1989-03-03 00:00:00-05:00,,,,,,
1989-03-06 00:00:00-05:00,,,,,,
1989-03-07 00:00:00-05:00,,,,,,
1989-03-08 00:00:00-05:00,,,,,,
1989-03-09 00:00:00-05:00,,,,,,
1989-03-10 00:00:00-05:00,,,,,,
1989-03-13 00:00:00-05:00,,,,,,
1989-03-14 00:00:00-05:00,,,,,,
1989-03-15 00:00:00-05:00,,,,,,
1989-03-16 00:00:00-05:00,,,,,,
1989-03-17 00:00:00-05:00,,,,,,
1989-03-20 00:00:00-05:00,,,,,,
1989-03-21 00:00:00-05:00,,,,,,
1989-03-22 00:00:00-05:00,,,,,,
1989-03-23 00:00:00-05:00,,,,,,
1989-03-27 00:00:00-05:00,,,,,,
1989-03-28 00:00:00-05:00,,,,,,
1989-03-29 00:00:00-05:00,,,,,,
1989-03-30 00:00:00-05:00,,,,,,
1989-03-31 00:00:00-05:00,,,,,,
1989-04-03 00:00:00-04:00,,,,,,
1989-04-04 00:00:00-04:00,,,,,,
1989-04-05 00:00:00-04:00,,,,,,
1989-04-06 00:00:00-04:00,,,,,,
1989-04-07 00:00:00-04:00,,,,,,
1989-04-10 00:00:00-04:00,,,,,,
1989-04-11 00:00:00-04:00,,,,,,
1989-04-12 00:00:00-04:00,,,,,,
1989-04-13 00:00:00-04:00,,,,,,
1989-04-14 00:00:00-04:00,,,,,,
1989-04-17 00:00:00-04:00,,,,,,
1989-04-18 00:00:00-04:00,,,,,,
1989-04-19 00:00:00-04:00,,,,,,
1989-04-20 00:00:00-04:00,,,,,,
1989-04-21 00:00:00-04:00,,,,,,
1989-04-24 00:00:00-04:00,,,,,,
1989-04-25 00:00:00-04:00,,,,,,
1989-04-26 00:00:00-04:00,,,,,,
1989-04-27 00:00:00-04:00,,,,,,
1989-04-28 00:00:00-04:00,,,,,,
1989-05-01 00:00:00-04:00,,,,,,
1989-05-02 00:00:00-04:00,,,,,,
1989-05-03 00:00:00-04:00,,,,,,
1989-05-04 00:00:00-04:00,,,,,,
1989-05-05 00:00:00-04:00,,,,,,
1989-05-08 00:00:00-04:00,,,,,,
1989-05-09 00:00:00-04:00,,,,,,
1989-05-10 00:00:00-04:00,,,,,,
1989-05-11 00:00:00-04:00,,,,,,
1989-05-12 00:00:00-04:00,,,,,,
1989-05-15 00:00:00-04:00,,,,,,
1989-05-16 00:00:00-04:00,,,,,,
1989-05-17 00:00:00-04:00,,,,,,
1989-05-18 00:00:00-04:00,,,,,,
1989-05-19 00:00:00-04:00,,,,,,
1989-05-22 00:00:00-04:00,,,,,,
1989-05-23 00:00:00-04:00,,,,,,
1989-05-24 00:00:00-04:00,,,,,,
1989-05-25 00:00:00-04:00,,,,,,
1989-05-26 00:00:00-04:00,,,,,,
1989-05-30 00:00:00-04:00,,,,,,
1989-05-31 00:00:00-04:00,,,,,,
1989-06-01 00:00:00-04:00,,,,,,
1989-06-02 00:00:00-04:00,,,,,,
1989-06-05 00:00:00-04:00,,,,,,
1989-06-06 00:00:00-04:00,,,,,,
1989-06-07 00:00:00-04:00,,,,,,
1989-06-08 00:00:00-04:00,,,,,,
1989-06-09 00:00:00-04:00,,,,,,
1989-06-12 00:00:00-04:00,,,,,,
1989-06-13 00:00:00-04:00,,,,,,
1989-06-14 00:00:00-04:00,,,,,,
1989-06-15 00:00:00-04:00,,,,,,
1989-06-16 00:00:00-04:00,,,,,,
1989-06-19 00:00:00-04:00,,,,,,
1989-06-20 00:00:00-04:00,,,,,,
1989-06-21 00:00:00-04:00,,,,,,
1989-06-22 00:00:00-04:00,,,,,,
1989-06-23 00:00:00-04:00,,,,,,
1989-06-26 00:00:00-04:00,,,,,,
1989-06-27 00:00:00-04:00,,,,,,
1989-06-28 00:00:00-04:00,,,,,,
1989-06-29 00:00:00-04:00,,,,,,
1989-06-30 00:00:00-04:00,,,,,,
1989-07-03 00:00:00-04:00,,,,,,
1989-07-05 00:00:00-04:00,,,,,,
1989-07-06 00:00:00-04:00,,,,,,
1989-07-07 00:00:00-04:00,,,,,,
1989-07-10 00:00:00-04:00,,,,,,
1989-07-11 00:00:00-04:00,,,,,,
1989-07-12 00:00:00-04:00,,,,,,
1989-07-13 00:00:00-04:00,,,,,,
1989-07-14 00:00:00-04:00,,,,,,
1989-07-17 00:00:00-04:00,,,,,,
1989-07-18 00:00:00-04:00,,,,,,
1989-07-19 00:00:00-04:00,,,,,,
1989-07-20 00:00:00-04:00,,,,,,
1989-07-21 00:00:00-04:00,,,,,,
1989-07-24 00:00:00-04:00,,,,,,
1989-07-25 00:00:00-04:00,,,,,,
1989-07-26 00:00:00-04:00,,,,,,
1989-07-27 00:00:00-04:00,,,,,,
1989-07-28 00:00:00-04:00,,,,,,
1989-07-31 00:00:00-04:00,,,,,,
1989-08-01 00:00:00-04:00,,,,,,
1989-08-02 00:00:00-04:00,,,,,,
1989-08-03 00:00:00-04:00,,,,,,
1989-08-04 00:00:00-04:00,,,,,,
1989-08-07 00:00:00-04:00,,,,,,
1989-08-08 00:00:00-04:00,,,,,,
1989-08-09 00:00:00-04:00,,,,,,
1989-08-10 00:00:00-04:00,,,,,,
1989-08-11 00:00:00-04:00,,,,,,
1989-08-14 00:00:00-04:00,,,,,,
1989-08-15 00:00:00-04:00,,,,,,
1989-08-16 00:00:00-04:00,,,,,,
1989-08-17 00:00:00-04:00,,,,,,
1989-08-18 00:00:00-04:00,,,,,,
1989-08-21 00:00:00-04:00,,,,,,
1989-08-22 00:00:00-04:00,,,,,,
1989-08-23 00:00:00-04:00,,,,,,
1989-08-24 00:00:00-04:00,,,,,,
1989-08-25 00:00:00-04:00,,,,,,
1989-08-28 00:00:00-04:00,,,,,,
1989-08-29 00:00:00-04:00,,,,,,
1989-08-30 00:00:00-04:00,,,,,,
1989-08-31 00:00:00-04:00,,,,,,
1989-09-01 00:00:00-04:00,,,,,,
1989-09-05 00:00:00-04:00,,,,,,
1989-09-06 00:00:00-04:00,,,,,,
1989-09-07 00:00:00-04:00,,,,,,
1989-09-08 00:00:00-04:00,,,,,,
1989-09-11 00:00:00-04:00,,,,,,
1989-09-12 00:00:00-04:00,,,,,,
1989-09-13 00:00:00-04:00,,,,,,
1989-09-14 00:00:00-04:00,,,,,,
1989-09-15 00:00:00-04:00,,,,,,
1989-09-18 00:00:00-04:00,,,,,,
1989-09-19 00:00:00-04:00,,,,,,
1989-09-20 00:00:00-04:00,,,,,,
1989-09-21 00:00:00-04:00,,,,,,
1989-09-22 00:00:00-04:00,,,,,,
1989-09-25 00:00:00-04:00,,,,,,
1989-09-26 00:00:00-04:00,,,,,,
1989-09-27 00:00:00-04:00,,,,,,
1989-09-28 00:00:00-04:00,,,,,,
1989-09-29 00:00:00-04:00,,,,,,
1989-10-02 00:00:00-04:00,,,,,,
1989-10-03 00:00:00-04:00,,,,,,
1989-10-04 00:00:00-04:00,,,,,,
1989-10-05 00:00:00-04:00,,,,,,
1989-10-06 00:00:00-04:00,,,,,,
1989-10-09 00:00:00-04:00,,,,,,
1989-10-10 00:00:00-04:00,,,,,,
1989-10-11 00:00:00-04:00,,,,,,
1989-10-12 00:00:00-04:00,,,,,,
1989-10-13 00:00:00-04:00,,,,,,
1989-10-16 00:00:00-04:00,,,,,,
1989-10-17 00:00:00-04:00,,,,,,
1989-10-18 00:00:00-04:00,,,,,,
1989-10-19 00:00:00-04:00,,,,,,
1989-10-20 00:00:00-04:00,,,,,,
1989-10-23 00:00:00-04:00,,,,,,
1989-10-24 00:00:00-04:00,,,,,,
1989-10-25 00:00:00-04:00,,,,,,
1989-10-26 00:00:00-04:00,,,,,,
1989-10-27 00:00:00-04:00,,,,,,
1989-10-30 00:00:00-05:00,,,,,,
1989-10-31 00:00:00-05:00,,,,,,
1989-11-01 00:00:00-05:00,,,,,,
1989-11-02 00:00:00-05:00,,,,,,
1989-11-03 00:00:00-05:00,,,,,,
1989-11-06 00:00:00-05:00,,,,,,
1989-11-07 00:00:00-05:00,,,,,,
1989-11-08 00:00:00-05:00,,,,,,
1989-11-09 00:00:00-05:00,,,,,,
1989-11-10 00:00:00-05:00,,,,,,
1989-11-13 00:00:00-05:00,,,,,,
1989-11-14 00:00:00-05:00,,,,,,
1989-11-15 00:00:00-05:00,,,,,,
1989-11-16 00:00:00-05:00,,,,,,
1989-11-17 00:00:00-05:00,,,,,,
1989-11-20 00:00:00-05:00,,,,,,
1989-11-21 00:00:00-05:00,,,,,,
1989-11-22 00:00:00-05:00,,,,,,
1989-11-24 00:00:00-05:00,,,,,,
1989-11-27 00:00:00-05:00,,,,,,
1989-11-28 00:00:00-05:00,,,,,,
1989-11-29 00:00:00-05:00,,,,,,
1989-11-30 00:00:00-05:00,,,,,,
1989-12-01 00:00:00-05:00,,,,,,
1989-12-04 00:00:00-05:00,,,,,,
1989-12-05 00:00:00-05:00,,,,,,
1989-12-06 00:00:00-05:00,,,,,,
1989-12-07 00:00:00-05:00,,,,,,
1989-12-08 00:00:00-05:00,,,,,,
1989-12-11 00:00:00-05:00,,,,,,
1989-12-12 00:00:00-05:00,,,,,,
1989-12-13 00:00:00-05:00,,,,,,
1989-12-14 00:00:00-05:00,,,,,,
1989-12-15 00:00:00-05:00,,,,,,
1989-12-18 00:00:00-05:00,,,,,,
1989-12-19 00:00:00-05:00,,,,,,
1989-12-20 00:00:00-05:00,,,,,,
1989-12-21 00:00:00-05:00,,,,,,
1989-12-22 00:00:00-05:00,,,,,,
1989-12-26 00:00:00-05:00,,,,,,
1989-12-27 00:00:00-05:00,,,,,,
1989-12-28 00:00:00-05:00,,,,,,
1989-12-29 00:00:00-05:00,,,,,,
1990-01-02 00:00:00-05:00,,,,,,
1990-01-03 00:00:00-05:00,,,,,,
1990-01-04 00:00:00-05:00,,,,,,
1990-01-05 00:00:00-05:00,,,,,,
1990-01-08 00:00:00-05:00,,,,,,
1990-01-09 00:00:00-05:00,,,,,,
1990-01-10 00:00:00-05:00,,,,,,
1990-01-11 00:00:00-05:00,,,,,,
1990-01-12 00:00:00-05:00,,,,,,
1990-01-15 00:00:00-05:00,,,,,,
1990-01-16 00:00:00-05:00,,,,,,
1990-01-17 00:00:00-05:00,,,,,,
1990-01-18 00:00:00-05:00,,,,,,
1990-01-19 00:00:00-05:00,,,,,,
1990-01-22 00:00:00-05:00,,,,,,
1990-01-23 00:00:00-05:00,,,,,,
1990-01-24 00:00:00-05:00,,,,,,
1990-01-25 00:00:00-05:00,,,,,,
1990-01-26 00:00:00-05:00,,,,,,
1990-01-29 00:00:00-05:00,,,,,,
1990-01-30 00:00:00-05:00,,,,,,
1990-01-31 00:00:00-05:00,,,,,,
1990-02-01 00:00:00-05:00,,,,,,
1990-02-02 00:00:00-05:00,,,,,,
1990-02-05 00:00:00-05:00,,,,,,
1990-02-06 00:00:00-05:00,,,,,,
1990-02-07 00:00:00-05:00,,,,,,
1990-02-08 00:00:00-05:00,,,,,,
1990-02-09 00:00:00-05:00,,,,,,
1990-02-12 00:00:00-05:00,,,,,,
1990-02-13 00:00:00-05:00,,,,,,
1990-02-14 00:00:00-05:00,,,,,,
1990-02-15 00:00:00-05:00,,,,,,
1990-02-16 00:00:00-05:00,,,,,,
1990-02-20 00:00:00-05:00,,,,,,
1990-02-21 00:00:00-05:00,,,,,,
1990-02-22 00:00:00-05:00,,,,,,
1990-02-23 00:00:00-05:00,,,,,,
1990-02-26 00:00:00-05:00,,,,,,
1990-02-27 00:00:00-05:00,,,,,,
1990-02-28 00:00:00-05:00,,,,,,
1990-03-01 00:00:00-05:00,,,,,,
1990-03-02 00:00:00-05:00,,,,,,
1990-03-05 00:00:00-05:00,,,,,,
1990-03-06 00:00:00-05:00,,,,,,
1990-03-07 00:00:00-05:00,,,,,,
1990-03-08 00:00:00-05:00,,,,,,
1990-03-09 00:00:00-05:00,,,,,,
1990-03-12 00:00:00-05:00,,,,,,
1990-03-13 00:00:00-05:00,,,,,,
1990-03-14 00:00:00-05:00,,,,,,
1990-03-15 00:00:00-05:00,,,,,,
1990-03-16 00:00:00-05:00,,,,,,
1990-03-19 00:00:00-05:00,,,,,,
1990-03-20 00:00:00-05:00,,,,,,
1990-03-21 00:00:00-05:00,,,,,,
1990-03-22 00:00:00-05:00,,,,,,
1990-03-23 00:00:00-05:00,,,,,,
1990-03-26 00:00:00-05:00,,,,,,
1990-03-27 00:00:00-05:00,,,,,,
1990-03-28 00:00:00-05:00,,,,,,
1990-03-29 00:00:00-05:00,,,,,,
1990-03-30 00:00:00-05:00,,,,,,
1990-04-02 00:00:00-04:00,,,,,,
1990-04-03 00:00:00-04:00,,,,,,
1990-04-04 00:00:00-04:00,,,,,,
1990-04-05 00:00:00-04:00,,,,,,
1990-04-06 00:00:00-04:00,,,,,,
1990-04-09 00:00:00-04:00,,,,,,
1990-04-10 00:00:00-04:00,,,,,,
1990-04-11 00:00:00-04:00,,,,,,
1990-04-12 00:00:00-04:00,,,,,,
1990-04-16 00:00:00-04:00,,,,,,
1990-04-17 00:00:00-04:00,,,,,,
1990-04-18 00:00:00-04:00,,,,,,
1990-04-19 00:00:00-04:00,,,,,,
1990-04-20 00:00:00-04:00,,,,,,
1990-04-23 00:00:00-04:00,,,,,,
1990-04-24 00:00:00-04:00,,,,,,
1990-04-25 00:00:00-04:00,,,,,,
1990-04-26 00:00:00-04:00,,,,,,
1990-04-27 00:00:00-04:00,,,,,,
1990-04-30 00:00:00-04:00,,,,,,
1990-05-01 00:00:00-04:00,,,,,,
1990-05-02 00:00:00-04:00,,,,,,
1990-05-03 00:00:00-04:00,,,,,,
1990-05-04 00:00:00-04:00,,,,,,
1990-05-07 00:00:00-04:00,,,,,,
1990-05-08 00:00:00-04:00,,,,,,
1990-05-09 00:00:00-04:00,,,,,,
1990-05-10 00:00:00-04:00,,,,,,
1990-05-11 00:00:00-04:00,,,,,,
1990-05-14 00:00:00-04:00,,,,,,
1990-05-15 00:00:00-04:00,,,,,,
1990-05-16 00:00:00-04:00,,,,,,
1990-05-17 00:00:00-04:00,,,,,,
1990-05-18 00:00:00-04:00,,,,,,
1990-05-21 00:00:00-04:00,,,,,,
1990-05-22 00:00:00-04:00,,,,,,
1990-05-23 00:00:00-04:00,,,,,,
1990-05-24 00:00:00-04:00,,,,,,
1990-05-25 00:00:00-04:00,,,,,,
1990-05-29 00:00:00-04:00,,,,,,
1990-05-30 00:00:00-04:00,,,,,,
1990-05-31 00:00:00-04:00,,,,,,
1990-06-01 00:00:00-04:00,,,,,,
1990-06-04 00:00:00-04:00,,,,,,
1990-06-05 00:00:00-04:00,,,,,,
1990-06-06 00:00:00-04:00,,,,,,
1990-06-07 00:00:00-04:00,,,,,,
1990-06-08 00:00:00-04:00,,,,,,
1990-06-11 00:00:00-04:00,,,,,,
1990-06-12 00:00:00-04:00,,,,,,
1990-06-13 00:00:00-04:00,,,,,,
1990-06-14 00:00:00-04:00,,,,,,
1990-06-15 00:00:00-04:00,,,,,,
1990-06-18 00:00:00-04:00,,,,,,
1990-06-19 00:00:00-04:00,,,,,,
1990-06-20 00:00:00-04:00,,,,,,
1990-06-21 00:00:00-04:00,,,,,,
1990-06-22 00:00:00-04:00,,,,,,
1990-06-25 00:00:00-04:00,,,,,,
1990-06-26 00:00:00-04:00,,,,,,
1990-06-27 00:00:00-04:00,,,,,,
1990-06-28 00:00:00-04:00,,,,,,
1990-06-29 00:00:00-04:00,,,,,,
1990-07-02 00:00:00-04:00,,,,,,
1990-07-03 00:00:00-04:00,,,,,,
1990-07-05 00:00:00-04:00,,,,,,
1990-07-06 00:00:00-04:00,,,,,,
1990-07-09 00:00:00-04:00,,,,,,
1990-07-10 00:00:00-04:00,,,,,,
1990-07-11 00:00:00-04:00,,,,,,
1990-07-12 00:00:00-04:00,,,,,,
1990-07-13 00:00:00-04:00,,,,,,
1990-07-16 00:00:00-04:00,,,,,,
1990-07-17 00:00:00-04:00,,,,,,
1990-07-18 00:00:00-04:00,,,,,,
1990-07-19 00:00:00-04:00,,,,,,
1990-07-20 00:00:00-04:00,,,,,,
1990-07-23 00:00:00-04:00,,,,,,
1990-07-24 00:00:00-04:00,,,,,,
1990-07-25 00:00:00-04:00,,,,,,
1990-07-26 00:00:00-04:00,,,,,,
1990-07-27 00:00:00-04:00,,,,,,
1990-07-30 00:00:00-04:00,,,,,,
1990-07-31 00:00:00-04:00,,,,,,
1990-08-01 00:00:00-04:00,,,,,,
1990-08-02 00:00:00-04:00,,,,,,
1990-08-03 00:00:00-04:00,,,,,,
1990-08-06 00:00:00-04:00,,,,,,
1990-08-07 00:00:00-04:00,,,,,,
1990-08-08 00:00:00-04:00,,,,,,
1990-08-09 00:00:00-04:00,,,,,,
1990-08-10 00:00:00-04:00,,,,,,
1990-08-13 00:00:00-04:00,,,,,,
1990-08-14 00:00:00-04:00,,,,,,
1990-08-15 00:00:00-04:00,,,,,,
1990-08-16 00:00:00-04:00,,,,,,
1990-08-17 00:00:00-04:00,,,,,,
1990-08-20 00:00:00-04:00,,,,,,
1990-08-21 00:00:00-04:00,,,,,,
1990-08-22 00:00:00-04:00,,,,,,
1990-08-23 00:00:00-04:00,,,,,,
1990-08-24 00:00:00-04:00,,,,,,
1990-08-27 00:00:00-04:00,,,,,,
1990-08-28 00:00:00-04:00,,,,,,
1990-08-29 00:00:00-04:00,,,,,,
1990-08-30 00:00:00-04:00,,,,,,
1990-08-31 00:00:00-04:00,,,,,,
1990-09-04 00:00:00-04:00,,,,,,
1990-09-05 00:00:00-04:00,,,,,,
1990-09-06 00:00:00-04:00,,,,,,
1990-09-07 00:00:00-04:00,,,,,,
1990-09-10 00:00:00-04:00,,,,,,
1990-09-11 00:00:00-04:00,,,,,,
1990-09-12 00:00:00-04:00,,,,,,
1990-09-13 00:00:00-04:00,,,,,,
1990-09-14 00:00:00-04:00,,,,,,
1990-09-17 00:00:00-04:00,,,,,,
1990-09-18 00:00:00-04:00,,,,,,
1990-09-19 00:00:00-04:00,,,,,,
1990-09-20 00:00:00-04:00,,,,,,
1990-09-21 00:00:00-04:00,,,,,,
1990-09-24 00:00:00-04:00,,,,,,
1990-09-25 00:00:00-04:00,,,,,,
1990-09-26 00:00:00-04:00,,,,,,
1990-09-27 00:00:00-04:00,,,,,,
1990-09-28 00:00:00-04:00,,,,,,
1990-10-01 00:00:00-04:00,,,,,,
1990-10-02 00:00:00-04:00,,,,,,
1990-10-03 00:00:00-04:00,,,,,,
1990-10-04 00:00:00-04:00,,,,,,
1990-10-05 00:00:00-04:00,,,,,,
1990-10-08 00:00:00-04:00,,,,,,
1990-10-09 00:00:00-04:00,,,,,,
1990-10-10 00:00:00-04:00,,,,,,
1990-10-11 00:00:00-04:00,,,,,,
1990-10-12 00:00:00-04:00,,,,,,
1990-10-15 00:00:00-04:00,,,,,,
1990-10-16 00:00:00-04:00,,,,,,
1990-10-17 00:00:00-04:00,,,,,,
1990-10-18 00:00:00-04:00,,,,,,
1990-10-19 00:00:00-04:00,,,,,,
1990-10-22 00:00:00-04:00,,,,,,
1990-10-23 00:00:00-04:00,,,,,,
1990-10-24 00:00:00-04:00,,,,,,
1990-10-25 00:00:00-04:00,,,,,,
1990-10-26 00:00:00-04:00,,,,,,
1990-10-29 00:00:00-05:00,,,,,,
1990-10-30 00:00:00-05:00,,,,,,
1990-10-31 00:00:00-05:00,,,,,,
1990-11-01 00:00:00-05:00,,,,,,
1990-11-02 00:00:00-05:00,,,,,,
1990-11-05 00:00:00-05:00,,,,,,
1990-11-06 00:00:00-05:00,,,,,,
1990-11-07 00:00:00-05:00,,,,,,
1990-11-08 00:00:00-05:00,,,,,,
1990-11-09 00:00:00-05:00,,,,,,
1990-11-12 00:00:00-05:00,,,,,,
1990-11-13 00:00:00-05:00,,,,,,
1990-11-14 00:00:00-05:00,,,,,,
1990-11-15 00:00:00-05:00,,,,,,
1990-11-16 00:00:00-05:00,,,,,,
1990-11-19 00:00:00-05:00,,,,,,
1990-11-20 00:00:00-05:00,,,,,,
1990-11-21 00:00:00-05:00,,,,,,
1990-11-23 00:00:00-05:00,,,,,,
1990-11-26 00:00:00-05:00,,,,,,
1990-11-27 00:00:00-05:00,,,,,,
1990-11-28 00:00:00-05:00,,,,,,
1990-11-29 00:00:00-05:00,,,,,,
1990-11-30 00:00:00-05:00,,,,,,
1990-12-03 00:00:00-05:00,,,,,,
1990-12-04 00:00:00-05:00,,,,,,
1990-12-05 00:00:00-05:00,,,,,,
1990-12-06 00:00:00-05:00,,,,,,
1990-12-07 00:00:00-05:00,,,,,,
1990-12-10 00:00:00-05:00,,,,,,
1990-12-11 00:00:00-05:00,,,,,,
1990-12-12 00:00:00-05:00,,,,,,
1990-12-13 00:00:00-05:00,,,,,,
1990-12-14 00:00:00-05:00,,,,,,
1990-12-17 00:00:00-05:00,,,,,,
1990-12-18 00:00:00-05:00,,,,,,
1990-12-19 00:00:00-05:00,,,,,,
1990-12-20 00:00:00-05:00,,,,,,
1990-12-21 00:00:00-05:00,,,,,,
1990-12-24 00:00:00-05:00,,,,,,
1990-12-26 00:00:00-05:00,,,,,,
1990-12-27 00:00:00-05:00,,,,,,
1990-12-28 00:00:00-05:00,,,,,,
1990-12-31 00:00:00-05:00,,,,,,
1991-01-02 00:00:00-05:00,,,,,,
1991-01-03 00:00:00-05:00,,,,,,
1991-01-04 00:00:00-05:00,,,,,,
1991-01-07 00:00:00-05:00,,,,,,
1991-01-08 00:00:00-05:00,,,,,,
1991-01-09 00:00:00-05:00,,,,,,
1991-01-10 00:00:00-05:00,,,,,,
1991-01-11 00:00:00-05:00,,,,,,
1991-01-14 00:00:00-05:00,,,,,,
1991-01-15 00:00:00-05:00,,,,,,
1991-01-16 00:00:00-05:00,,,,,,
1991-01-17 00:00:00-05:00,,,,,,
1991-01-18 00:00:00-05:00,,,,,,
1991-01-21 00:00:00-05:00,,,,,,
1991-01-22 00:00:00-05:00,,,,,,
1991-01-23 00:00:00-05:00,,,,,,
1991-01-24 00:00:00-05:00,,,,,,
1991-01-25 00:00:00-05:00,,,,,,
1991-01-28 00:00:00-05:00,,,,,,
1991-01-29 00:00:00-05:00,,,,,,
1991-01-30 00:00:00-05:00,,,,,,
1991-01-31 00:00:00-05:00,,,,,,
1991-02-01 00:00:00-05:00,,,,,,
1991-02-04 00:00:00-05:00,,,,,,
1991-02-05 00:00:00-05:00,,,,,,
1991-02-06 00:00:00-05:00,,,,,,
1991-02-07 00:00:00-05:00,,,,,,
1991-02-08 00:00:00-05:00,,,,,,
1991-02-11 00:00:00-05:00,,,,,,
1991-02-12 00:00:00-05:00,,,,,,
1991-02-13 00:00:00-05:00,,,,,,
1991-02-14 00:00:00-05:00,,,,,,
1991-02-15 00:00:00-05:00,,,,,,
1991-02-19 00:00:00-05:00,,,,,,
1991-02-20 00:00:00-05:00,,,,,,
1991-02-21 00:00:00-05:00,,,,,,
1991-02-22 00:00:00-05:00,,,,,,
1991-02-25 00:00:00-05:00,,,,,,
1991-02-26 00:00:00-05:00,,,,,,
1991-02-27 00:00:00-05:00,,,,,,
1991-02-28 00:00:00-05:00,,,,,,
1991-03-01 00:00:00-05:00,,,,,,
1991-03-04 00:00:00-05:00,,,,,,
1991-03-05 00:00:00-05:00,,,,,,
1991-03-06 00:00:00-05:00,,,,,,
1991-03-07 00:00:00-05:00,,,,,,
1991-03-08 00:00:00-05:00,,,,,,
1991-03-11 00:00:00-05:00,,,,,,
1991-03-12 00:00:00-05:00,,,,,,
1991-03-13 00:00:00-05:00,,,,,,
1991-03-14 00:00:00-05:00,,,,,,
1991-03-15 00:00:00-05:00,,,,,,
1991-03-18 00:00:00-05:00,,,,,,
1991-03-19 00:00:00-05:00,,,,,,
1991-03-20 00:00:00-05:00,,,,,,
1991-03-21 00:00:00-05:00,,,,,,
1991-03-22 00:00:00-05:00,,,,,,
1991-03-25 00:00:00-05:00,,,,,,
1991-03-26 00:00:00-05:00,,,,,,
1991-03-27 00:00:00-05:00,,,,,,
1991-03-28 00:00:00-05:00,,,,,,
1991-04-01 00:00:00-05:00,,,,,,
1991-04-02 00:00:00-05:00,,,,,,
1991-04-03 00:00:00-05:00,,,,,,
1991-04-04 00:00:00-05:00,,,,,,
1991-04-05 00:00:00-05:00,,,,,,
1991-04-08 00:00:00-04:00,,,,,,
1991-04-09 00:00:00-04:00,,,,,,
1991-04-10 00:00:00-04:00,,,,,,
1991-04-11 00:00:00-04:00,,,,,,
1991-04-12 00:00:00-04:00,,,,,,
1991-04-15 00:00:00-04:00,,,,,,
1991-04-16 00:00:00-04:00,,,,,,
1991-04-17 00:00:00-04:00,,,,,,
1991-04-18 00:00:00-04:00,,,,,,
1991-04-19 00:00:00-04:00,,,,,,
1991-04-22 00:00:00-04:00,,,,,,
1991-04-23 00:00:00-04:00,,,,,,
1991-04-24 00:00:00-04:00,,,,,,
1991-04-25 00:00:00-04:00,,,,,,
1991-04-26 00:00:00-04:00,,,,,,
1991-04-29 00:00:00-04:00,,,,,,
1991-04-30 00:00:00-04:00,,,,,,
1991-05-01 00:00:00-04:00,,,,,,
1991-05-02 00:00:00-04:00,,,,,,
1991-05-03 00:00:00-04:00,,,,,,
1991-05-06 00:00:00-04:00,,,,,,
1991-05-07 00:00:00-04:00,,,,,,
1991-05-08 00:00:00-04:00,,,,,,
1991-05-09 00:00:00-04:00,,,,,,
1991-05-10 00:00:00-04:00,,,,,,
1991-05-13 00:00:00-04:00,,,,,,
1991-05-14 00:00:00-04:00,,,,,,
1991-05-15 00:00:00-04:00,,,,,,
1991-05-16 00:00:00-04:00,,,,,,
1991-05-17 00:00:00-04:00,,,,,,
1991-05-20 00:00:00-04:00,,,,,,
1991-05-21 00:00:00-04:00,,,,,,
1991-05-22 00:00:00-04:00,,,,,,
1991-05-23 00:00:00-04:00,,,,,,
1991-05-24 00:00:00-04:00,,,,,,
1991-05-28 00:00:00-04:00,,,,,,
1991-05-29 00:00:00-04:00,,,,,,
1991-05-30 00:00:00-04:00,,,,,,
1991-05-31 00:00:00-04:00,,,,,,
1991-06-03 00:00:00-04:00,,,,,,
1991-06-04 00:00:00-04:00,,,,,,
1991-06-05 00:00:00-04:00,,,,,,
1991-06-06 00:00:00-04:00,,,,,,
1991-06-07 00:00:00-04:00,,,,,,
1991-06-10 00:00:00-04:00,,,,,,
1991-06-11 00:00:00-04:00,,,,,,
1991-06-12 00:00:00-04:00,,,,,,
1991-06-13 00:00:00-04:00,,,,,,
1991-06-14 00:00:00-04:00,,,,,,
1991-06-17 00:00:00-04:00,,,,,,
1991-06-18 00:00:00-04:00,,,,,,
1991-06-19 00:00:00-04:00,,,,,,
1991-06-20 00:00:00-04:00,,,,,,
1991-06-21 00:00:00-04:00,,,,,,
1991-06-24 00:00:00-04:00,,,,,,
1991-06-25 00:00:00-04:00,,,,,,
1991-06-26 00:00:00-04:00,,,,,,
1991-06-27 00:00:00-04:00,,,,,,
1991-06-28 00:00:00-04:00,,,,,,
1991-07-01 00:00:00-04:00,,,,,,
1991-07-02 00:00:00-04:00,,,,,,
1991-07-03 00:00:00-04:00,,,,,,
1991-07-05 00:00:00-04:00,,,,,,
1991-07-08 00:00:00-04:00,,,,,,
1991-07-09 00:00:00-04:00,,,,,,
1991-07-10 00:00:00-04:00,,,,,,
1991-07-11 00:00:00-04:00,,,,,,
1991-07-12 00:00:00-04:00,,,,,,
1991-07-15 00:00:00-04:00,,,,,,
1991-07-16 00:00:00-04:00,,,,,,
1991-07-17 00:00:00-04:00,,,,,,
1991-07-18 00:00:00-04:00,,,,,,
1991-07-19 00:00:00-04:00,,,,,,
1991-07-22 00:00:00-04:00,,,,,,
1991-07-23 00:00:00-04:00,,,,,,
1991-07-24 00:00:00-04:00,,,,,,
1991-07-25 00:00:00-04:00,,,,,,
1991-07-26 00:00:00-04:00,,,,,,
1991-07-29 00:00:00-04:00,,,,,,
1991-07-30 00:00:00-04:00,,,,,,
1991-07-31 00:00:00-04:00,,,,,,
1991-08-01 00:00:00-04:00,,,,,,
1991-08-02 00:00:00-04:00,,,,,,
1991-08-05 00:00:00-04:00,,,,,,
1991-08-06 00:00:00-04:00,,,,,,
1991-08-07 00:00:00-04:00,,,,,,
1991-08-08 00:00:00-04:00,,,,,,
1991-08-09 00:00:00-04:00,,,,,,
1991-08-12 00:00:00-04:00,,,,,,
1991-08-13 00:00:00-04:00,,,,,,
1991-08-14 00:00:00-04:00,,,,,,
1991-08-15 00:00:00-04:00,,,,,,
1991-08-16 00:00:00-04:00,,,,,,
1991-08-19 00:00:00-04:00,,,,,,
1991-08-20 00:00:00-04:00,,,,,,
1991-08-21 00:00:00-04:00,,,,,,
1991-08-22 00:00:00-04:00,,,,,,
1991-08-23 00:00:00-04:00,,,,,,
1991-08-26 00:00:00-04:00,,,,,,
1991-08-27 00:00:00-04:00,,,,,,
1991-08-28 00:00:00-04:00,,,,,,
1991-08-29 00:00:00-04:00,,,,,,
1991-08-30 00:00:00-04:00,,,,,,
1991-09-03 00:00:00-04:00,,,,,,
1991-09-04 00:00:00-04:00,,,,,,
1991-09-05 00:00:00-04:00,,,,,,
1991-09-06 00:00:00-04:00,,,,,,
1991-09-09 00:00:00-04:00,,,,,,
1991-09-10 00:00:00-04:00,,,,,,
1991-09-11 00:00:00-04:00,,,,,,
1991-09-12 00:00:00-04:00,,,,,,
1991-09-13 00:00:00-04:00,,,,,,
1991-09-16 00:00:00-04:00,,,,,,
1991-09-17 00:00:00-04:00,,,,,,
1991-09-18 00:00:00-04:00,,,,,,
1991-09-19 00:00:00-04:00,,,,,,
1991-09-20 00:00:00-04:00,,,,,,
1991-09-23 00:00:00-04:00,,,,,,
1991-09-24 00:00:00-04:00,,,,,,
1991-09-25 00:00:00-04:00,,,,,,
1991-09-26 00:00:00-04:00,,,,,,
1991-09-27 00:00:00-04:00,,,,,,
1991-09-30 00:00:00-04:00,,,,,,
1991-10-01 00:00:00-04:00,,,,,,
1991-10-02 00:00:00-04:00,,,,,,
1991-10-03 00:00:00-04:00,,,,,,
1991-10-04 00:00:00-04:00,,,,,,
1991-10-07 00:00:00-04:00,,,,,,
1991-10-08 00:00:00-04:00,,,,,,
1991-10-09 00:00:00-04:00,,,,,,
1991-10-10 00:00:00-04:00,,,,,,
1991-10-11 00:00:00-04:00,,,,,,
1991-10-14 00:00:00-04:00,,,,,,
1991-10-15 00:00:00-04:00,,,,,,
1991-10-16 00:00:00-04:00,,,,,,
1991-10-17 00:00:00-04:00,,,,,,
1991-10-18 00:00:00-04:00,,,,,,
1991-10-21 00:00:00-04:00,,,,,,
1991-10-22 00:00:00-04:00,,,,,,
1991-10-23 00:00:00-04:00,,,,,,
1991-10-24 00:00:00-04:00,,,,,,
1991-10-25 00:00:00-04:00,,,,,,
1991-10-28 00:00:00-05:00,,,,,,
1991-10-29 00:00:00-05:00,,,,,,
1991-10-30 00:00:00-05:00,,,,,,
1991-10-31 00:00:00-05:00,,,,,,
1991-11-01 00:00:00-05:00,,,,,,
1991-11-04 00:00:00-05:00,,,,,,
1991-11-05 00:00:00-05:00,,,,,,
1991-11-06 00:00:00-05:00,,,,,,
1991-11-07 00:00:00-05:00,,,,,,
1991-11-08 00:00:00-05:00,,,,,,
1991-11-11 00:00:00-05:00,,,,,,
1991-11-12 00:00:00-05:00,,,,,,
1991-11-13 00:00:00-05:00,,,,,,
1991-11-14 00:00:00-05:00,,,,,,
1991-11-15 00:00:00-05:00,,,,,,
1991-11-18 00:00:00-05:00,,,,,,
1991-11-19 00:00:00-05:00,,,,,,
1991-11-20 00:00:00-05:00,,,,,,
1991-11-21 00:00:00-05:00,,,,,,
1991-11-22 00:00:00-05:00,,,,,,
1991-11-25 00:00:00-05:00,,,,,,
1991-11-26 00:00:00-05:00,,,,,,
1991-11-27 00:00:00-05:00,,,,,,
1991-11-29 00:00:00-05:00,,,,,,
1991-12-02 00:00:00-05:00,,,,,,
1991-12-03 00:00:00-05:00,,,,,,
1991-12-04 00:00:00-05:00,,,,,,
1991-12-05 00:00:00-05:00,,,,,,
1991-12-06 00:00:00-05:00,,,,,,
1991-12-09 00:00:00-05:00,,,,,,
1991-12-10 00:00:00-05:00,,,,,,
1991-12-11 00:00:00-05:00,,,,,,
1991-12-12 00:00:00-05:00,,,,,,
1991-12-13 00:00:00-05:00,,,,,,
1991-12-16 00:00:00-05:00,,,,,,
1991-12-17 00:00:00-05:00,,,,,,
1991-12-18 00:00:00-05:00,,,,,,
1991-12-19 00:00:00-05:00,,,,,,
1991-12-20 00:00:00-05:00,,,,,,
1991-12-23 00:00:00-05:00,,,,,,
1991-12-24 00:00:00-05:00,,,,,,
1991-12-26 00:00:00-05:00,,,,,,
1991-12-27 00:00:00-05:00,,,,,,
1991-12-30 00:00:00-05:00,,,,,,
1991-12-31 00:00:00-05:00,,,,,,
1992-01-02 00:00:00-05:00,,,,,,
1992-01-03 00:00:00-05:00,,,,,,
1992-01-06 00:00:00-05:00,,,,,,
1992-01-07 00:00:00-05:00,,,,,,
1992-01-08 00:00:00-05:00,,,,,,
1992-01-09 00:00:00-05:00,,,,,,
1992-01-10 00:00:00-05:00,,,,,,
1992-01-13 00:00:00-05:00,,,,,,
1992-01-14 00:00:00-05:00,,,,,,
1992-01-15 00:00:00-05:00,,,,,,
1992-01-16 00:00:00-05:00,,,,,,
1992-01-17 00:00:00-05:00,,,,,,
1992-01-20 00:00:00-05:00,,,,,,
1992-01-21 00:00:00-05:00,,,,,,
1992-01-22 00:00:00-05:00,,,,,,
1992-01-23 00:00:00-05:00,,,,,,
1992-01-24 00:00:00-05:00,,,,,,
1992-01-27 00:00:00-05:00,,,,,,
1992-01-28 00:00:00-05:00,,,,,,
1992-01-29 00:00:00-05:00,,,,,,
1992-01-30 00:00:00-05:00,,,,,,
1992-01-31 00:00:00-05:00,,,,,,
1992-02-03 00:00:00-05:00,,,,,,
1992-02-04 00:00:00-05:00,,,,,,
1992-02-05 00:00:00-05:00,,,,,,
1992-02-06 00:00:00-05:00,,,,,,
1992-02-07 00:00:00-05:00,,,,,,
1992-02-10 00:00:00-05:00,,,,,,
1992-02-11 00:00:00-05:00,,,,,,
1992-02-12 00:00:00-05:00,,,,,,
1992-02-13 00:00:00-05:00,,,,,,
1992-02-14 00:00:00-05:00,,,,,,
1992-02-18 00:00:00-05:00,,,,,,
1992-02-19 00:00:00-05:00,,,,,,
1992-02-20 00:00:00-05:00,,,,,,
1992-02-21 00:00:00-05:00,,,,,,
1992-02-24 00:00:00-05:00,,,,,,
1992-02-25 00:00:00-05:00,,,,,,
1992-02-26 00:00:00-05:00,,,,,,
1992-02-27 00:00:00-05:00,,,,,,
1992-02-28 00:00:00-05:00,,,,,,
1992-03-02 00:00:00-05:00,,,,,,
1992-03-03 00:00:00-05:00,,,,,,
1992-03-04 00:00:00-05:00,,,,,,
1992-03-05 00:00:00-05:00,,,,,,
1992-03-06 00:00:00-05:00,,,,,,
1992-03-09 00:00:00-05:00,,,,,,
1992-03-10 00:00:00-05:00,,,,,,
1992-03-11 00:00:00-05:00,,,,,,
1992-03-12 00:00:00-05:00,,,,,,
1992-03-13 00:00:00-05:00,,,,,,
1992-03-16 00:00:00-05:00,,,,,,
1992-03-17 00:00:00-05:00,,,,,,
1992-03-18 00:00:00-05:00,,,,,,
1992-03-19 00:00:00-05:00,,,,,,
1992-03-20 00:00:00-05:00,,,,,,
1992-03-23 00:00:00-05:00,,,,,,
1992-03-24 00:00:00-05:00,,,,,,
1992-03-25 00:00:00-05:00,,,,,,
1992-03-26 00:00:00-05:00,,,,,,
1992-03-27 00:00:00-05:00,,,,,,
1992-03-30 00:00:00-05:00,,,,,,
1992-03-31 00:00:00-05:00,,,,,,
1992-04-01 00:00:00-05:00,,,,,,
1992-04-02 00:00:00-05:00,,,,,,
1992-04-03 00:00:00-05:00,,,,,,
1992-04-06 00:00:00-04:00,,,,,,
1992-04-07 00:00:00-04:00,,,,,,
1992-04-08 00:00:00-04:00,,,,,,
1992-04-09 00:00:00-04:00,,,,,,
1992-04-10 00:00:00-04:00,,,,,,
1992-04-13 00:00:00-04:00,,,,,,
1992-04-14 00:00:00-04:00,,,,,,
1992-04-15 00:00:00-04:00,,,,,,
1992-04-16 00:00:00-04:00,,,,,,
1992-04-20 00:00:00-04:00,,,,,,
1992-04-21 00:00:00-04:00,,,,,,
1992-04-22 00:00:00-04:00,,,,,,
1992-04-23 00:00:00-04:00,,,,,,
1992-04-24 00:00:00-04:00,,,,,,
1992-04-27 00:00:00-04:00,,,,,,
1992-04-28 00:00:00-04:00,,,,,,
1992-04-29 00:00:00-04:00,,,,,,
1992-04-30 00:00:00-04:00,,,,,,
1992-05-01 00:00:00-04:00,,,,,,
1992-05-04 00:00:00-04:00,,,,,,
1992-05-05 00:00:00-04:00,,,,,,
1992-05-06 00:00:00-04:00,,,,,,
1992-05-07 00:00:00-04:00,,,,,,
1992-05-08 00:00:00-04:00,,,,,,
1992-05-11 00:00:00-04:00,,,,,,
1992-05-12 00:00:00-04:00,,,,,,
1992-05-13 00:00:00-04:00,,,,,,
1992-05-14 00:00:00-04:00,,,,,,
1992-05-15 00:00:00-04:00,,,,,,
1992-05-18 00:00:00-04:00,,,,,,
1992-05-19 00:00:00-04:00,,,,,,
1992-05-20 00:00:00-04:00,,,,,,
1992-05-21 00:00:00-04:00,,,,,,
1992-05-22 00:00:00-04:00,,,,,,
1992-05-26 00:00:00-04:00,,,,,,
1992-05-27 00:00:00-04:00,,,,,,
1992-05-28 00:00:00-04:00,,,,,,
1992-05-29 00:00:00-04:00,,,,,,
1992-06-01 00:00:00-04:00,,,,,,
1992-06-02 00:00:00-04:00,,,,,,
1992-06-03 00:00:00-04:00,,,,,,
1992-06-04 00:00:00-04:00,,,,,,
1992-06-05 00:00:00-04:00,,,,,,
1992-06-08 00:00:00-04:00,,,,,,
1992-06-09 00:00:00-04:00,,,,,,
1992-06-10 00:00:00-04:00,,,,,,
1992-06-11 00:00:00-04:00,,,,,,
1992-06-12 00:00:00-04:00,,,,,,
1992-06-15 00:00:00-04:00,,,,,,
1992-06-16 00:00:00-04:00,,,,,,
1992-06-17 00:00:00-04:00,,,,,,
1992-06-18 00:00:00-04:00,,,,,,
1992-06-19 00:00:00-04:00,,,,,,
1992-06-22 00:00:00-04:00,,,,,,
1992-06-23 00:00:00-04:00,,,,,,
1992-06-24 00:00:00-04:00,,,,,,
1992-06-25 00:00:00-04:00,,,,,,
1992-06-26 00:00:00-04:00,,,,,,
1992-06-29 00:00:00-04:00,,,,,,
1992-06-30 00:00:00-04:00,,,,,,
1992-07-01 00:00:00-04:00,,,,,,
1992-07-02 00:00:00-04:00,,,,,,
1992-07-06 00:00:00-04:00,,,,,,
1992-07-07 00:00:00-04:00,,,,,,
1992-07-08 00:00:00-04:00,,,,,,
1992-07-09 00:00:00-04:00,,,,,,
1992-07-10 00:00:00-04:00,,,,,,
1992-07-13 00:00:00-04:00,,,,,,
1992-07-14 00:00:00-04:00,,,,,,
1992-07-15 00:00:00-04:00,,,,,,
1992-07-16 00:00:00-04:00,,,,,,
1992-07-17 00:00:00-04:00,,,,,,
1992-07-20 00:00:00-04:00,,,,,,
1992-07-21 00:00:00-04:00,,,,,,
1992-07-22 00:00:00-04:00,,,,,,
1992-07-23 00:00:00-04:00,,,,,,
1992-07-24 00:00:00-04:00,,,,,,
1992-07-27 00:00:00-04:00,,,,,,
1992-07-28 00:00:00-04:00,,,,,,
1992-07-29 00:00:00-04:00,,,,,,
1992-07-30 00:00:00-04:00,,,,,,
1992-07-31 00:00:00-04:00,,,,,,
1992-08-03 00:00:00-04:00,,,,,,
1992-08-04 00:00:00-04:00,,,,,,
1992-08-05 00:00:00-04:00,,,,,,
1992-08-06 00:00:00-04:00,,,,,,
1992-08-07 00:00:00-04:00,,,,,,
1992-08-10 00:00:00-04:00,,,,,,
1992-08-11 00:00:00-04:00,,,,,,
1992-08-12 00:00:00-04:00,,,,,,
1992-08-13 00:00:00-04:00,,,,,,
1992-08-14 00:00:00-04:00,,,,,,
1992-08-17 00:00:00-04:00,,,,,,
1992-08-18 00:00:00-04:00,,,,,,
1992-08-19 00:00:00-04:00,,,,,,
1992-08-20 00:00:00-04:00,,,,,,
1992-08-21 00:00:00-04:00,,,,,,
1992-08-24 00:00:00-04:00,,,,,,
1992-08-25 00:00:00-04:00,,,,,,
1992-08-26 00:00:00-04:00,,,,,,
1992-08-27 00:00:00-04:00,,,,,,
1992-08-28 00:00:00-04:00,,,,,,
1992-08-31 00:00:00-04:00,,,,,,
1992-09-01 00:00:00-04:00,,,,,,
1992-09-02 00:00:00-04:00,,,,,,
1992-09-03 00:00:00-04:00,,,,,,
1992-09-04 00:00:00-04:00,,,,,,
1992-09-08 00:00:00-04:00,,,,,,
1992-09-09 00:00:00-04:00,,,,,,
1992-09-10 00:00:00-04:00,,,,,,
1992-09-11 00:00:00-04:00,,,,,,
1992-09-14 00:00:00-04:00,,,,,,
1992-09-15 00:00:00-04:00,,,,,,
1992-09-16 00:00:00-04:00,,,,,,
1992-09-17 00:00:00-04:00,,,,,,
1992-09-18 00:00:00-04:00,,,,,,
1992-09-21 00:00:00-04:00,,,,,,
1992-09-22 00:00:00-04:00,,,,,,
1992-09-23 00:00:00-04:00,,,,,,
1992-09-24 00:00:00-04:00,,,,,,
1992-09-25 00:00:00-04:00,,,,,,
1992-09-28 00:00:00-04:00,,,,,,
1992-09-29 00:00:00-04:00,,,,,,
1992-09-30 00:00:00-04:00,,,,,,
1992-10-01 00:00:00-04:00,,,,,,
1992-10-02 00:00:00-04:00,,,,,,
1992-10-05 00:00:00-04:00,,,,,,
1992-10-06 00:00:00-04:00,,,,,,
1992-10-07 00:00:00-04:00,,,,,,
1992-10-08 00:00:00-04:00,,,,,,
1992-10-09 00:00:00-04:00,,,,,,
1992-10-12 00:00:00-04:00,,,,,,
1992-10-13 00:00:00-04:00,,,,,,
1992-10-14 00:00:00-04:00,,,,,,
1992-10-15 00:00:00-04:00,,,,,,
1992-10-16 00:00:00-04:00,,,,,,
1992-10-19 00:00:00-04:00,,,,,,
1992-10-20 00:00:00-04:00,,,,,,
1992-10-21 00:00:00-04:00,,,,,,
1992-10-22 00:00:00-04:00,,,,,,
1992-10-23 00:00:00-04:00,,,,,,
1992-10-26 00:00:00-05:00,,,,,,
1992-10-27 00:00:00-05:00,,,,,,
1992-10-28 00:00:00-05:00,,,,,,
1992-10-29 00:00:00-05:00,,,,,,
1992-10-30 00:00:00-05:00,,,,,,
1992-11-02 00:00:00-05:00,,,,,,
1992-11-03 00:00:00-05:00,,,,,,
1992-11-04 00:00:00-05:00,,,,,,
1992-11-05 00:00:00-05:00,,,,,,
1992-11-06 00:00:00-05:00,,,,,,
1992-11-09 00:00:00-05:00,,,,,,
1992-11-10 00:00:00-05:00,,,,,,
1992-11-11 00:00:00-05:00,,,,,,
1992-11-12 00:00:00-05:00,,,,,,
1992-11-13 00:00:00-05:00,,,,,,
1992-11-16 00:00:00-05:00,,,,,,
1992-11-17 00:00:00-05:00,,,,,,
1992-11-18 00:00:00-05:00,,,,,,
1992-11-19 00:00:00-05:00,,,,,,
1992-11-20 00:00:00-05:00,,,,,,
1992-11-23 00:00:00-05:00,,,,,,
1992-11-24 00:00:00-05:00,,,,,,
1992-11-25 00:00:00-05:00,,,,,,
1992-11-27 00:00:00-05:00,,,,,,
1992-11-30 00:00:00-05:00,,,,,,
1992-12-01 00:00:00-05:00,,,,,,
1992-12-02 00:00:00-05:00,,,,,,
1992-12-03 00:00:00-05:00,,,,,,
1992-12-04 00:00:00-05:00,,,,,,
1992-12-07 00:00:00-05:00,,,,,,
1992-12-08 00:00:00-05:00,,,,,,
1992-12-09 00:00:00-05:00,,,,,,
1992-12-10 00:00:00-05:00,,,,,,
1992-12-11 00:00:00-05:00,,,,,,
1992-12-14 00:00:00-05:00,,,,,,
1992-12-15 00:00:00-05:00,,,,,,
1992-12-16 00:00:00-05:00,,,,,,
1992-12-17 00:00:00-05:00,,,,,,
1992-12-18 00:00:00-05:00,,,,,,
1992-12-21 00:00:00-05:00,,,,,,
1992-12-22 00:00:00-05:00,,,,,,
1992-12-23 00:00:00-05:00,,,,,,
1992-12-24 00:00:00-05:00,,,,,,
1992-12-28 00:00:00-05:00,,,,,,
1992-12-29 00:00:00-05:00,,,,,,
1992-12-30 00:00:00-05:00,,,,,,
1992-12-31 00:00:00-05:00,,,,,,
1993-01-04 00:00:00-05:00,,,,,,
1993-01-05 00:00:00-05:00,,,,,,
1993-01-06 00:00:00-05:00,,,,,,
1993-01-07 00:00:00-05:00,,,,,,
1993-01-08 00:00:00-05:00,,,,,,
1993-01-11 00:00:00-05:00,,,,,,
1993-01-12 00:00:00-05:00,,,,,,
1993-01-13 00:00:00-05:00,,,,,,
1993-01-14 00:00:00-05:00,,,,,,
1993-01-15 00:00:00-05:00,,,,,,
1993-01-18 00:00:00-05:00,,,,,,
1993-01-19 00:00:00-05:00,,,,,,
1993-01-20 00:00:00-05:00,,,,,,
1993-01-21 00:00:00-05:00,,,,,,
1993-01-22 00:00:00-05:00,,,,,,
1993-01-25 00:00:00-05:00,,,,,,
1993-01-26 00:00:00-05:00,,,,,,
1993-01-27 00:00:00-05:00,,,,,,
1993-01-28 00:00:00-05:00,,,,,,
1993-01-29 00:00:00-05:00,,,,,,
1993-02-01 00:00:00-05:00,,,,,,
1993-02-02 00:00:00-05:00,,,,,,
1993-02-03 00:00:00-05:00,,,,,,
1993-02-04 00:00:00-05:00,,,,,,
1993-02-05 00:00:00-05:00,,,,,,
1993-02-08 00:00:00-05:00,,,,,,
1993-02-09 00:00:00-05:00,,,,,,
1993-02-10 00:00:00-05:00,,,,,,
1993-02-11 00:00:00-05:00,,,,,,
1993-02-12 00:00:00-05:00,,,,,,
1993-02-16 00:00:00-05:00,,,,,,
1993-02-17 00:00:00-05:00,,,,,,
1993-02-18 00:00:00-05:00,,,,,,
1993-02-19 00:00:00-05:00,,,,,,
1993-02-22 00:00:00-05:00,,,,,,
1993-02-23 00:00:00-05:00,,,,,,
1993-02-24 00:00:00-05:00,,,,,,
1993-02-25 00:00:00-05:00,,,,,,
1993-02-26 00:00:00-05:00,,,,,,
1993-03-01 00:00:00-05:00,,,,,,
1993-03-02 00:00:00-05:00,,,,,,
1993-03-03 00:00:00-05:00,,,,,,
1993-03-04 00:00:00-05:00,,,,,,
1993-03-05 00:00:00-05:00,,,,,,
1993-03-08 00:00:00-05:00,,,,,,
1993-03-09 00:00:00-05:00,,,,,,
1993-03-10 00:00:00-05:00,,,,,,
1993-03-11 00:00:00-05:00,,,,,,
1993-03-12 00:00:00-05:00,,,,,,
1993-03-15 00:00:00-05:00,,,,,,
1993-03-16 00:00:00-05:00,,,,,,
1993-03-17 00:00:00-05:00,,,,,,
1993-03-18 00:00:00-05:00,,,,,,
1993-03-19 00:00:00-05:00,,,,,,
1993-03-22 00:00:00-05:00,,,,,,
1993-03-23 00:00:00-05:00,,,,,,
1993-03-24 00:00:00-05:00,,,,,,
1993-03-25 00:00:00-05:00,,,,,,
1993-03-26 00:00:00-05:00,,,,,,
1993-03-29 00:00:00-05:00,,,,,,
1993-03-30 00:00:00-05:00,,,,,,
1993-03-31 00:00:00-05:00,,,,,,
1993-04-01 00:00:00-05:00,,,,,,
1993-04-02 00:00:00-05:00,,,,,,
1993-04-05 00:00:00-04:00,,,,,,
1993-04-06 00:00:00-04:00,,,,,,
1993-04-07 00:00:00-04:00,,,,,,
1993-04-08 00:00:00-04:00,,,,,,
1993-04-12 00:00:00-04:00,,,,,,
1993-04-13 00:00:00-04:00,,,,,,
1993-04-14 00:00:00-04:00,,,,,,
1993-04-15 00:00:00-04:00,,,,,,
1993-04-16 00:00:00-04:00,,,,,,
1993-04-19 00:00:00-04:00,,,,,,
1993-04-20 00:00:00-04:00,,,,,,
1993-04-21 00:00:00-04:00,,,,,,
1993-04-22 00:00:00-04:00,,,,,,
1993-04-23 00:00:00-04:00,,,,,,
1993-04-26 00:00:00-04:00,,,,,,
1993-04-27 00:00:00-04:00,,,,,,
1993-04-28 00:00:00-04:00,,,,,,
1993-04-29 00:00:00-04:00,,,,,,
1993-04-30 00:00:00-04:00,,,,,,
1993-05-03 00:00:00-04:00,,,,,,
1993-05-04 00:00:00-04:00,,,,,,
1993-05-05 00:00:00-04:00,,,,,,
1993-05-06 00:00:00-04:00,,,,,,
1993-05-07 00:00:00-04:00,,,,,,
1993-05-10 00:00:00-04:00,,,,,,
1993-05-11 00:00:00-04:00,,,,,,
1993-05-12 00:00:00-04:00,,,,,,
1993-05-13 00:00:00-04:00,,,,,,
1993-05-14 00:00:00-04:00,,,,,,
1993-05-17 00:00:00-04:00,,,,,,
1993-05-18 00:00:00-04:00,,,,,,
1993-05-19 00:00:00-04:00,,,,,,
1993-05-20 00:00:00-04:00,,,,,,
1993-05-21 00:00:00-04:00,,,,,,
1993-05-24 00:00:00-04:00,,,,,,
1993-05-25 00:00:00-04:00,,,,,,
1993-05-26 00:00:00-04:00,,,,,,
1993-05-27 00:00:00-04:00,,,,,,
1993-05-28 00:00:00-04:00,,,,,,
1993-06-01 00:00:00-04:00,,,,,,
1993-06-02 00:00:00-04:00,,,,,,
1993-06-03 00:00:00-04:00,,,,,,
1993-06-04 00:00:00-04:00,,,,,,
1993-06-07 00:00:00-04:00,,,,,,
1993-06-08 00:00:00-04:00,,,,,,
1993-06-09 00:00:00-04:00,,,,,,
1993-06-10 00:00:00-04:00,,,,,,
1993-06-11 00:00:00-04:00,,,,,,
1993-06-14 00:00:00-04:00,,,,,,
1993-06-15 00:00:00-04:00,,,,,,
1993-06-16 00:00:00-04:00,,,,,,
1993-06-17 00:00:00-04:00,,,,,,
1993-06-18 00:00:00-04:00,,,,,,
1993-06-21 00:00:00-04:00,,,,,,
1993-06-22 00:00:00-04:00,,,,,,
1993-06-23 00:00:00-04:00,,,,,,
1993-06-24 00:00:00-04:00,,,,,,
1993-06-25 00:00:00-04:00,,,,,,
1993-06-28 00:00:00-04:00,,,,,,
1993-06-29 00:00:00-04:00,,,,,,
1993-06-30 00:00:00-04:00,,,,,,
1993-07-01 00:00:00-04:00,,,,,,
1993-07-02 00:00:00-04:00,,,,,,
1993-07-06 00:00:00-04:00,,,,,,
1993-07-07 00:00:00-04:00,,,,,,
1993-07-08 00:00:00-04:00,,,,,,
1993-07-09 00:00:00-04:00,,,,,,
1993-07-12 00:00:00-04:00,,,,,,
1993-07-13 00:00:00-04:00,,,,,,
1993-07-14 00:00:00-04:00,,,,,,
1993-07-15 00:00:00-04:00,,,,,,
1993-07-16 00:00:00-04:00,,,,,,
1993-07-19 00:00:00-04:00,,,,,,
1993-07-20 00:00:00-04:00,,,,,,
1993-07-21 00:00:00-04:00,,,,,,
1993-07-22 00:00:00-04:00,,,,,,
1993-07-23 00:00:00-04:00,,,,,,
1993-07-26 00:00:00-04:00,,,,,,
1993-07-27 00:00:00-04:00,,,,,,
1993-07-28 00:00:00-04:00,,,,,,
1993-07-29 00:00:00-04:00,,,,,,
1993-07-30 00:00:00-04:00,,,,,,
1993-08-02 00:00:00-04:00,,,,,,
1993-08-03 00:00:00-04:00,,,,,,
1993-08-04 00:00:00-04:00,,,,,,
1993-08-05 00:00:00-04:00,,,,,,
1993-08-06 00:00:00-04:00,,,,,,
1993-08-09 00:00:00-04:00,,,,,,
1993-08-10 00:00:00-04:00,,,,,,
1993-08-11 00:00:00-04:00,,,,,,
1993-08-12 00:00:00-04:00,,,,,,
1993-08-13 00:00:00-04:00,,,,,,
1993-08-16 00:00:00-04:00,,,,,,
1993-08-17 00:00:00-04:00,,,,,,
1993-08-18 00:00:00-04:00,,,,,,
1993-08-19 00:00:00-04:00,,,,,,
1993-08-20 00:00:00-04:00,,,,,,
1993-08-23 00:00:00-04:00,,,,,,
1993-08-24 00:00:00-04:00,,,,,,
1993-08-25 00:00:00-04:00,,,,,,
1993-08-26 00:00:00-04:00,,,,,,
1993-08-27 00:00:00-04:00,,,,,,
1993-08-30 00:00:00-04:00,,,,,,
1993-08-31 00:00:00-04:00,,,,,,
1993-09-01 00:00:00-04:00,,,,,,
1993-09-02 00:00:00-04:00,,,,,,
1993-09-03 00:00:00-04:00,,,,,,
1993-09-07 00:00:00-04:00,,,,,,
1993-09-08 00:00:00-04:00,,,,,,
1993-09-09 00:00:00-04:00,,,,,,
1993-09-10 00:00:00-04:00,,,,,,
1993-09-13 00:00:00-04:00,,,,,,
1993-09-14 00:00:00-04:00,,,,,,
1993-09-15 00:00:00-04:00,,,,,,
1993-09-16 00:00:00-04:00,,,,,,
1993-09-17 00:00:00-04:00,,,,,,
1993-09-20 00:00:00-04:00,,,,,,
1993-09-21 00:00:00-04:00,,,,,,
1993-09-22 00:00:00-04:00,,,,,,
1993-09-23 00:00:00-04:00,,,,,,
1993-09-24 00:00:00-04:00,,,,,,
1993-09-27 00:00:00-04:00,,,,,,
1993-09-28 00:00:00-04:00,,,,,,
1993-09-29 00:00:00-04:00,,,,,,
1993-09-30 00:00:00-04:00,,,,,,
1993-10-01 00:00:00-04:00,,,,,,
1993-10-04 00:00:00-04:00,,,,,,
1993-10-05 00:00:00-04:00,,,,,,
1993-10-06 00:00:00-04:00,,,,,,
1993-10-07 00:00:00-04:00,,,,,,
1993-10-08 00:00:00-04:00,,,,,,
1993-10-11 00:00:00-04:00,,,,,,
1993-10-12 00:00:00-04:00,,,,,,
1993-10-13 00:00:00-04:00,,,,,,
1993-10-14 00:00:00-04:00,,,,,,
1993-10-15 00:00:00-04:00,,,,,,
1993-10-18 00:00:00-04:00,,,,,,
1993-10-19 00:00:00-04:00,,,,,,
1993-10-20 00:00:00-04:00,,,,,,
1993-10-21 00:00:00-04:00,,,,,,
1993-10-22 00:00:00-04:00,,,,,,
1993-10-25 00:00:00-04:00,,,,,,
1993-10-26 00:00:00-04:00,,,,,,
1993-10-27 00:00:00-04:00,,,,,,
1993-10-28 00:00:00-04:00,,,,,,
1993-10-29 00:00:00-04:00,,,,,,
1993-11-01 00:00:00-05:00,,,,,,
1993-11-02 00:00:00-05:00,,,,,,
1993-11-03 00:00:00-05:00,,,,,,
1993-11-04 00:00:00-05:00,,,,,,
1993-11-05 00:00:00-05:00,,,,,,
1993-11-08 00:00:00-05:00,,,,,,
1993-11-09 00:00:00-05:00,,,,,,
1993-11-10 00:00:00-05:00,,,,,,
1993-11-11 00:00:00-05:00,,,,,,
1993-11-12 00:00:00-05:00,,,,,,
1993-11-15 00:00:00-05:00,,,,,,
1993-11-16 00:00:00-05:00,,,,,,
1993-11-17 00:00:00-05:00,,,,,,
1993-11-18 00:00:00-05:00,,,,,,
1993-11-19 00:00:00-05:00,,,,,,
1993-11-22 00:00:00-05:00,,,,,,
1993-11-23 00:00:00-05:00,,,,,,
1993-11-24 00:00:00-05:00,,,,,,
1993-11-26 00:00:00-05:00,,,,,,
1993-11-29 00:00:00-05:00,,,,,,
1993-11-30 00:00:00-05:00,,,,,,
1993-12-01 00:00:00-05:00,,,,,,
1993-12-02 00:00:00-05:00,,,,,,
1993-12-03 00:00:00-05:00,,,,,,
1993-12-06 00:00:00-05:00,,,,,,
1993-12-07 00:00:00-05:00,,,,,,
1993-12-08 00:00:00-05:00,,,,,,
1993-12-09 00:00:00-05:00,,,,,,
1993-12-10 00:00:00-05:00,,,,,,
1993-12-13 00:00:00-05:00,,,,,,
1993-12-14 00:00:00-05:00,,,,,,
1993-12-15 00:00:00-05:00,,,,,,
1993-12-16 00:00:00-05:00,,,,,,
1993-12-17 00:00:00-05:00,,,,,,
1993-12-20 00:00:00-05:00,,,,,,
1993-12-21 00:00:00-05:00,,,,,,
1993-12-22 00:00:00-05:00,,,,,,
1993-12-23 00:00:00-05:00,,,,,,
1993-12-27 00:00:00-05:00,,,,,,
1993-12-28 00:00:00-05:00,,,,,,
1993-12-29 00:00:00-05:00,,,,,,
1993-12-30 00:00:00-05:00,,,,,,
1993-12-31 00:00:00-05:00,,,,,,
1994-01-03 00:00:00-05:00,,,,,,
1994-01-04 00:00:00-05:00,,,,,,
1994-01-05 00:00:00-05:00,,,,,,
1994-01-06 00:00:00-05:00,,,,,,
1994-01-07 00:00:00-05:00,,,,,,
1994-01-10 00:00:00-05:00,,,,,,
1994-01-11 00:00:00-05:00,,,,,,
1994-01-12 00:00:00-05:00,,,,,,
1994-01-13 00:00:00-05:00,,,,,,
1994-01-14 00:00:00-05:00,,,,,,
1994-01-17 00:00:00-05:00,,,,,,
1994-01-18 00:00:00-05:00,,,,,,
1994-01-19 00:00:00-05:00,,,,,,
1994-01-20 00:00:00-05:00,,,,,,
1994-01-21 00:00:00-05:00,,,,,,
1994-01-24 00:00:00-05:00,,,,,,
1994-01-25 00:00:00-05:00,,,,,,
1994-01-26 00:00:00-05:00,,,,,,
1994-01-27 00:00:00-05:00,,,,,,
1994-01-28 00:00:00-05:00,,,,,,
1994-01-31 00:00:00-05:00,,,,,,
1994-02-01 00:00:00-05:00,,,,,,
1994-02-02 00:00:00-05:00,,,,,,
1994-02-03 00:00:00-05:00,,,,,,
1994-02-04 00:00:00-05:00,,,,,,
1994-02-07 00:00:00-05:00,,,,,,
1994-02-08 00:00:00-05:00,,,,,,
1994-02-09 00:00:00-05:00,,,,,,
1994-02-10 00:00:00-05:00,,,,,,
1994-02-11 00:00:00-05:00,,,,,,
1994-02-14 00:00:00-05:00,,,,,,
1994-02-15 00:00:00-05:00,,,,,,
1994-02-16 00:00:00-05:00,,,,,,
1994-02-17 00:00:00-05:00,,,,,,
1994-02-18 00:00:00-05:00,,,,,,
1994-02-22 00:00:00-05:00,,,,,,
1994-02-23 00:00:00-05:00,,,,,,
1994-02-24 00:00:00-05:00,,,,,,
1994-02-25 00:00:00-05:00,,,,,,
1994-02-28 00:00:00-05:00,,,,,,
1994-03-01 00:00:00-05:00,,,,,,
1994-03-02 00:00:00-05:00,,,,,,
1994-03-03 00:00:00-05:00,,,,,,
1994-03-04 00:00:00-05:00,,,,,,
1994-03-07 00:00:00-05:00,,,,,,
1994-03-08 00:00:00-05:00,,,,,,
1994-03-09 00:00:00-05:00,,,,,,
1994-03-10 00:00:00-05:00,,,,,,
1994-03-11 00:00:00-05:00,,,,,,
1994-03-14 00:00:00-05:00,,,,,,
1994-03-15 00:00:00-05:00,,,,,,
1994-03-16 00:00:00-05:00,,,,,,
1994-03-17 00:00:00-05:00,,,,,,
1994-03-18 00:00:00-05:00,,,,,,
1994-03-21 00:00:00-05:00,,,,,,
1994-03-22 00:00:00-05:00,,,,,,
1994-03-23 00:00:00-05:00,,,,,,
1994-03-24 00:00:00-05:00,,,,,,
1994-03-25 00:00:00-05:00,,,,,,
1994-03-28 00:00:00-05:00,,,,,,
1994-03-29 00:00:00-05:00,,,,,,
1994-03-30 00:00:00-05:00,,,,,,
1994-03-31 00:00:00-05:00,,,,,,
1994-04-04 00:00:00-04:00,,,,,,
1994-04-05 00:00:00-04:00,,,,,,
1994-04-06 00:00:00-04:00,,,,,,
1994-04-07 00:00:00-04:00,,,,,,
1994-04-08 00:00:00-04:00,,,,,,
1994-04-11 00:00:00-04:00,,,,,,
1994-04-12 00:00:00-04:00,,,,,,
1994-04-13 00:00:00-04:00,,,,,,
1994-04-14 00:00:00-04:00,,,,,,
1994-04-15 00:00:00-04:00,,,,,,
1994-04-18 00:00:00-04:00,,,,,,
1994-04-19 00:00:00-04:00,,,,,,
1994-04-20 00:00:00-04:00,,,,,,
1994-04-21 00:00:00-04:00,,,,,,
1994-04-22 00:00:00-04:00,,,,,,
1994-04-25 00:00:00-04:00,,,,,,
1994-04-26 00:00:00-04:00,,,,,,
1994-04-28 00:00:00-04:00,,,,,,
1994-04-29 00:00:00-04:00,,,,,,
1994-05-02 00:00:00-04:00,,,,,,
1994-05-03 00:00:00-04:00,,,,,,
1994-05-04 00:00:00-04:00,,,,,,
1994-05-05 00:00:00-04:00,,,,,,
1994-05-06 00:00:00-04:00,,,,,,
1994-05-09 00:00:00-04:00,,,,,,
1994-05-10 00:00:00-04:00,,,,,,
1994-05-11 00:00:00-04:00,,,,,,
1994-05-12 00:00:00-04:00,,,,,,
1994-05-13 00:00:00-04:00,,,,,,
1994-05-16 00:00:00-04:00,,,,,,
1994-05-17 00:00:00-04:00,,,,,,
1994-05-18 00:00:00-04:00,,,,,,
1994-05-19 00:00:00-04:00,,,,,,
1994-05-20 00:00:00-04:00,,,,,,
1994-05-23 00:00:00-04:00,,,,,,
1994-05-24 00:00:00-04:00,,,,,,
1994-05-25 00:00:00-04:00,,,,,,
1994-05-26 00:00:00-04:00,,,,,,
1994-05-27 00:00:00-04:00,,,,,,
1994-05-31 00:00:00-04:00,,,,,,
1994-06-01 00:00:00-04:00,,,,,,
1994-06-02 00:00:00-04:00,,,,,,
1994-06-03 00:00:00-04:00,,,,,,
1994-06-06 00:00:00-04:00,,,,,,
1994-06-07 00:00:00-04:00,,,,,,
1994-06-08 00:00:00-04:00,,,,,,
1994-06-09 00:00:00-04:00,,,,,,
1994-06-10 00:00:00-04:00,,,,,,
1994-06-13 00:00:00-04:00,,,,,,
1994-06-14 00:00:00-04:00,,,,,,
1994-06-15 00:00:00-04:00,,,,,,
1994-06-16 00:00:00-04:00,,,,,,
1994-06-17 00:00:00-04:00,,,,,,
1994-06-20 00:00:00-04:00,,,,,,
1994-06-21 00:00:00-04:00,,,,,,
1994-06-22 00:00:00-04:00,,,,,,
1994-06-23 00:00:00-04:00,,,,,,
1994-06-24 00:00:00-04:00,,,,,,
1994-06-27 00:00:00-04:00,,,,,,
1994-06-28 00:00:00-04:00,,,,,,
1994-06-29 00:00:00-04:00,,,,,,
1994-06-30 00:00:00-04:00,,,,,,
1994-07-01 00:00:00-04:00,,,,,,
1994-07-05 00:00:00-04:00,,,,,,
1994-07-06 00:00:00-04:00,,,,,,
1994-07-07 00:00:00-04:00,,,,,,
1994-07-08 00:00:00-04:00,,,,,,
1994-07-11 00:00:00-04:00,,,,,,
1994-07-12 00:00:00-04:00,,,,,,
1994-07-13 00:00:00-04:00,,,,,,
1994-07-14 00:00:00-04:00,,,,,,
1994-07-15 00:00:00-04:00,,,,,,
1994-07-18 00:00:00-04:00,,,,,,
1994-07-19 00:00:00-04:00,,,,,,
1994-07-20 00:00:00-04:00,,,,,,
1994-07-21 00:00:00-04:00,,,,,,
1994-07-22 00:00:00-04:00,,,,,,
1994-07-25 00:00:00-04:00,,,,,,
1994-07-26 00:00:00-04:00,,,,,,
1994-07-27 00:00:00-04:00,,,,,,
1994-07-28 00:00:00-04:00,,,,,,
1994-07-29 00:00:00-04:00,,,,,,
1994-08-01 00:00:00-04:00,,,,,,
1994-08-02 00:00:00-04:00,,,,,,
1994-08-03 00:00:00-04:00,,,,,,
1994-08-04 00:00:00-04:00,,,,,,
1994-08-05 00:00:00-04:00,,,,,,
1994-08-08 00:00:00-04:00,,,,,,
1994-08-09 00:00:00-04:00,,,,,,
1994-08-10 00:00:00-04:00,,,,,,
1994-08-11 00:00:00-04:00,,,,,,
1994-08-12 00:00:00-04:00,,,,,,
1994-08-15 00:00:00-04:00,,,,,,
1994-08-16 00:00:00-04:00,,,,,,
1994-08-17 00:00:00-04:00,,,,,,
1994-08-18 00:00:00-04:00,,,,,,
1994-08-19 00:00:00-04:00,,,,,,
1994-08-22 00:00:00-04:00,,,,,,
1994-08-23 00:00:00-04:00,,,,,,
1994-08-24 00:00:00-04:00,,,,,,
1994-08-25 00:00:00-04:00,,,,,,
1994-08-26 00:00:00-04:00,,,,,,
1994-08-29 00:00:00-04:00,,,,,,
1994-08-30 00:00:00-04:00,,,,,,
1994-08-31 00:00:00-04:00,,,,,,
1994-09-01 00:00:00-04:00,,,,,,
1994-09-02 00:00:00-04:00,,,,,,
1994-09-06 00:00:00-04:00,,,,,,
1994-09-07 00:00:00-04:00,,,,,,
1994-09-08 00:00:00-04:00,,,,,,
1994-09-09 00:00:00-04:00,,,,,,
1994-09-12 00:00:00-04:00,,,,,,
1994-09-13 00:00:00-04:00,,,,,,
1994-09-14 00:00:00-04:00,,,,,,
1994-09-15 00:00:00-04:00,,,,,,
1994-09-16 00:00:00-04:00,,,,,,
1994-09-19 00:00:00-04:00,,,,,,
1994-09-20 00:00:00-04:00,,,,,,
1994-09-21 00:00:00-04:00,,,,,,
1994-09-22 00:00:00-04:00,,,,,,
1994-09-23 00:00:00-04:00,,,,,,
1994-09-26 00:00:00-04:00,,,,,,
1994-09-27 00:00:00-04:00,,,,,,
1994-09-28 00:00:00-04:00,,,,,,
1994-09-29 00:00:00-04:00,,,,,,
1994-09-30 00:00:00-04:00,,,,,,
1994-10-03 00:00:00-04:00,,,,,,
1994-10-04 00:00:00-04:00,,,,,,
1994-10-05 00:00:00-04:00,,,,,,
1994-10-06 00:00:00-04:00,,,,,,
1994-10-07 00:00:00-04:00,,,,,,
1994-10-10 00:00:00-04:00,,,,,,
1994-10-11 00:00:00-04:00,,,,,,
1994-10-12 00:00:00-04:00,,,,,,
1994-10-13 00:00:00-04:00,,,,,,
1994-10-14 00:00:00-04:00,,,,,,
1994-10-17 00:00:00-04:00,,,,,,
1994-10-18 00:00:00-04:00,,,,,,
1994-10-19 00:00:00-04:00,,,,,,
1994-10-20 00:00:00-04:00,,,,,,
1994-10-21 00:00:00-04:00,,,,,,
1994-10-24 00:00:00-04:00,,,,,,
1994-10-25 00:00:00-04:00,,,,,,
1994-10-26 00:00:00-04:00,,,,,,
1994-10-27 00:00:00-04:00,,,,,,
1994-10-28 00:00:00-04:00,,,,,,
1994-10-31 00:00:00-05:00,,,,,,
1994-11-01 00:00:00-05:00,,,,,,
1994-11-02 00:00:00-05:00,,,,,,
1994-11-03 00:00:00-05:00,,,,,,
1994-11-04 00:00:00-05:00,,,,,,
1994-11-07 00:00:00-05:00,,,,,,
1994-11-08 00:00:00-05:00,,,,,,
1994-11-09 00:00:00-05:00,,,,,,
1994-11-10 00:00:00-05:00,,,,,,
1994-11-11 00:00:00-05:00,,,,,,
1994-11-14 00:00:00-05:00,,,,,,
1994-11-15 00:00:00-05:00,,,,,,
1994-11-16 00:00:00-05:00,,,,,,
1994-11-17 00:00:00-05:00,,,,,,
1994-11-18 00:00:00-05:00,,,,,,
1994-11-21 00:00:00-05:00,,,,,,
1994-11-22 00:00:00-05:00,,,,,,
1994-11-23 00:00:00-05:00,,,,,,
1994-11-25 00:00:00-05:00,,,,,,
1994-11-28 00:00:00-05:00,,,,,,
1994-11-29 00:00:00-05:00,,,,,,
1994-11-30 00:00:00-05:00,,,,,,
1994-12-01 00:00:00-05:00,,,,,,
1994-12-02 00:00:00-05:00,,,,,,
1994-12-05 00:00:00-05:00,,,,,,
1994-12-06 00:00:00-05:00,,,,,,
1994-12-07 00:00:00-05:00,,,,,,
1994-12-08 00:00:00-05:00,,,,,,
1994-12-09 00:00:00-05:00,,,,,,
1994-12-12 00:00:00-05:00,,,,,,
1994-12-13 00:00:00-05:00,,,,,,
1994-12-14 00:00:00-05:00,,,,,,
1994-12-15 00:00:00-05:00,,,,,,
1994-12-16 00:00:00-05:00,,,,,,
1994-12-19 00:00:00-05:00,,,,,,
1994-12-20 00:00:00-05:00,,,,,,
1994-12-21 00:00:00-05:00,,,,,,
1994-12-22 00:00:00-05:00,,,,,,
1994-12-23 00:00:00-05:00,,,,,,
1994-12-27 00:00:00-05:00,,,,,,
1994-12-28 00:00:00-05:00,,,,,,
1994-12-29 00:00:00-05:00,,,,,,
1994-12-30 00:00:00-05:00,,,,,,
1995-01-03 00:00:00-05:00,,,,,,
1995-01-04 00:00:00-05:00,,,,,,
1995-01-05 00:00:00-05:00,,,,,,
1995-01-06 00:00:00-05:00,,,,,,
1995-01-09 00:00:00-05:00,,,,,,
1995-01-10 00:00:00-05:00,,,,,,
1995-01-11 00:00:00-05:00,,,,,,
1995-01-12 00:00:00-05:00,,,,,,
1995-01-13 00:00:00-05:00,,,,,,
1995-01-16 00:00:00-05:00,,,,,,
1995-01-17 00:00:00-05:00,,,,,,
1995-01-18 00:00:00-05:00,,,,,,
1995-01-19 00:00:00-05:00,,,,,,
1995-01-20 00:00:00-05:00,,,,,,
1995-01-23 00:00:00-05:00,,,,,,
1995-01-24 00:00:00-05:00,,,,,,
1995-01-25 00:00:00-05:00,,,,,,
1995-01-26 00:00:00-05:00,,,,,,
1995-01-27 00:00:00-05:00,,,,,,
1995-01-30 00:00:00-05:00,,,,,,
1995-01-31 00:00:00-05:00,,,,,,
1995-02-01 00:00:00-05:00,,,,,,
1995-02-02 00:00:00-05:00,,,,,,
1995-02-03 00:00:00-05:00,,,,,,
1995-02-06 00:00:00-05:00,,,,,,
1995-02-07 00:00:00-05:00,,,,,,
1995-02-08 00:00:00-05:00,,,,,,
1995-02-09 00:00:00-05:00,,,,,,
1995-02-10 00:00:00-05:00,,,,,,
1995-02-13 00:00:00-05:00,,,,,,
1995-02-14 00:00:00-05:00,,,,,,
1995-02-15 00:00:00-05:00,,,,,,
1995-02-16 00:00:00-05:00,,,,,,
1995-02-17 00:00:00-05:00,,,,,,
1995-02-21 00:00:00-05:00,,,,,,
1995-02-22 00:00:00-05:00,,,,,,
1995-02-23 00:00:00-05:00,,,,,,
1995-02-24 00:00:00-05:00,,,,,,
1995-02-27 00:00:00-05:00,,,,,,
1995-02-28 00:00:00-05:00,,,,,,
1995-03-01 00:00:00-05:00,,,,,,
1995-03-02 00:00:00-05:00,,,,,,
1995-03-03 00:00:00-05:00,,,,,,
1995-03-06 00:00:00-05:00,,,,,,
1995-03-07 00:00:00-05:00,,,,,,
1995-03-08 00:00:00-05:00,,,,,,
1995-03-09 00:00:00-05:00,,,,,,
1995-03-10 00:00:00-05:00,,,,,,
1995-03-13 00:00:00-05:00,,,,,,
1995-03-14 00:00:00-05:00,,,,,,
1995-03-15 00:00:00-05:00,,,,,,
1995-03-16 00:00:00-05:00,,,,,,
1995-03-17 00:00:00-05:00,,,,,,
1995-03-20 00:00:00-05:00,,,,,,
1995-03-21 00:00:00-05:00,,,,,,
1995-03-22 00:00:00-05:00,,,,,,
1995-03-23 00:00:00-05:00,,,,,,
1995-03-24 00:00:00-05:00,,,,,,
1995-03-27 00:00:00-05:00,,,,,,
1995-03-28 00:00:00-05:00,,,,,,
1995-03-29 00:00:00-05:00,,,,,,
1995-03-30 00:00:00-05:00,,,,,,
1995-03-31 00:00:00-05:00,,,,,,
1995-04-03 00:00:00-04:00,,,,,,
1995-04-04 00:00:00-04:00,,,,,,
1995-04-05 00:00:00-04:00,,,,,,
1995-04-06 00:00:00-04:00,,,,,,
1995-04-07 00:00:00-04:00,,,,,,
1995-04-10 00:00:00-04:00,,,,,,
1995-04-11 00:00:00-04:00,,,,,,
1995-04-12 00:00:00-04:00,,,,,,
1995-04-13 00:00:00-04:00,,,,,,
1995-04-17 00:00:00-04:00,,,,,,
1995-04-18 00:00:00-04:00,,,,,,
1995-04-19 00:00:00-04:00,,,,,,
1995-04-20 00:00:00-04:00,,,,,,
1995-04-21 00:00:00-04:00,,,,,,
1995-04-24 00:00:00-04:00,,,,,,
1995-04-25 00:00:00-04:00,,,,,,
1995-04-26 00:00:00-04:00,,,,,,
1995-04-27 00:00:00-04:00,,,,,,
1995-04-28 00:00:00-04:00,,,,,,
1995-05-01 00:00:00-04:00,,,,,,
1995-05-02 00:00:00-04:00,,,,,,
1995-05-03 00:00:00-04:00,,,,,,
1995-05-04 00:00:00-04:00,,,,,,
1995-05-05 00:00:00-04:00,,,,,,
1995-05-08 00:00:00-04:00,,,,,,
1995-05-09 00:00:00-04:00,,,,,,
1995-05-10 00:00:00-04:00,,,,,,
1995-05-11 00:00:00-04:00,,,,,,
1995-05-12 00:00:00-04:00,,,,,,
1995-05-15 00:00:00-04:00,,,,,,
1995-05-16 00:00:00-04:00,,,,,,
1995-05-17 00:00:00-04:00,,,,,,
1995-05-18 00:00:00-04:00,,,,,,
1995-05-19 00:00:00-04:00,,,,,,
1995-05-22 00:00:00-04:00,,,,,,
1995-05-23 00:00:00-04:00,,,,,,
1995-05-24 00:00:00-04:00,,,,,,
1995-05-25 00:00:00-04:00,,,,,,
1995-05-26 00:00:00-04:00,,,,,,
1995-05-30 00:00:00-04:00,,,,,,
1995-05-31 00:00:00-04:00,,,,,,
1995-06-01 00:00:00-04:00,,,,,,
1995-06-02 00:00:00-04:00,,,,,,
1995-06-05 00:00:00-04:00,,,,,,
1995-06-06 00:00:00-04:00,,,,,,
1995-06-07 00:00:00-04:00,,,,,,
1995-06-08 00:00:00-04:00,,,,,,
1995-06-09 00:00:00-04:00,,,,,,
1995-06-12 00:00:00-04:00,,,,,,
1995-06-13 00:00:00-04:00,,,,,,
1995-06-14 00:00:00-04:00,,,,,,
1995-06-15 00:00:00-04:00,,,,,,
1995-06-16 00:00:00-04:00,,,,,,
1995-06-19 00:00:00-04:00,,,,,,
1995-06-20 00:00:00-04:00,,,,,,
1995-06-21 00:00:00-04:00,,,,,,
1995-06-22 00:00:00-04:00,,,,,,
1995-06-23 00:00:00-04:00,,,,,,
1995-06-26 00:00:00-04:00,,,,,,
1995-06-27 00:00:00-04:00,,,,,,
1995-06-28 00:00:00-04:00,,,,,,
1995-06-29 00:00:00-04:00,,,,,,
1995-06-30 00:00:00-04:00,,,,,,
1995-07-03 00:00:00-04:00,,,,,,
1995-07-05 00:00:00-04:00,,,,,,
1995-07-06 00:00:00-04:00,,,,,,
1995-07-07 00:00:00-04:00,,,,,,
1995-07-10 00:00:00-04:00,,,,,,
1995-07-11 00:00:00-04:00,,,,,,
1995-07-12 00:00:00-04:00,,,,,,
1995-07-13 00:00:00-04:00,,,,,,
1995-07-14 00:00:00-04:00,,,,,,
1995-07-17 00:00:00-04:00,,,,,,
1995-07-18 00:00:00-04:00,,,,,,
1995-07-19 00:00:00-04:00,,,,,,
1995-07-20 00:00:00-04:00,,,,,,
1995-07-21 00:00:00-04:00,,,,,,
1995-07-24 00:00:00-04:00,,,,,,
1995-07-25 00:00:00-04:00,,,,,,
1995-07-26 00:00:00-04:00,,,,,,
1995-07-27 00:00:00-04:00,,,,,,
1995-07-28 00:00:00-04:00,,,,,,
1995-07-31 00:00:00-04:00,,,,,,
1995-08-01 00:00:00-04:00,,,,,,
1995-08-02 00:00:00-04:00,,,,,,
1995-08-03 00:00:00-04:00,,,,,,
1995-08-04 00:00:00-04:00,,,,,,
1995-08-07 00:00:00-04:00,,,,,,
1995-08-08 00:00:00-04:00,,,,,,
1995-08-09 00:00:00-04:00,,,,,,
1995-08-10 00:00:00-04:00,,,,,,
1995-08-11 00:00:00-04:00,,,,,,
1995-08-14 00:00:00-04:00,,,,,,
1995-08-15 00:00:00-04:00,,,,,,
1995-08-16 00:00:00-04:00,,,,,,
1995-08-17 00:00:00-04:00,,,,,,
1995-08-18 00:00:00-04:00,,,,,,
1995-08-21 00:00:00-04:00,,,,,,
1995-08-22 00:00:00-04:00,,,,,,
1995-08-23 00:00:00-04:00,,,,,,
1995-08-24 00:00:00-04:00,,,,,,
1995-08-25 00:00:00-04:00,,,,,,
1995-08-28 00:00:00-04:00,,,,,,
1995-08-29 00:00:00-04:00,,,,,,
1995-08-30 00:00:00-04:00,,,,,,
1995-08-31 00:00:00-04:00,,,,,,
1995-09-01 00:00:00-04:00,,,,,,
1995-09-05 00:00:00-04:00,,,,,,
1995-09-06 00:00:00-04:00,,,,,,
1995-09-07 00:00:00-04:00,,,,,,
1995-09-08 00:00:00-04:00,,,,,,
1995-09-11 00:00:00-04:00,,,,,,
1995-09-12 00:00:00-04:00,,,,,,
1995-09-13 00:00:00-04:00,,,,,,
1995-09-14 00:00:00-04:00,,,,,,
1995-09-15 00:00:00-04:00,,,,,,
1995-09-18 00:00:00-04:00,,,,,,
1995-09-19 00:00:00-04:00,,,,,,
1995-09-20 00:00:00-04:00,,,,,,
1995-09-21 00:00:00-04:00,,,,,,
1995-09-22 00:00:00-04:00,,,,,,
1995-09-25 00:00:00-04:00,,,,,,
1995-09-26 00:00:00-04:00,,,,,,
1995-09-27 00:00:00-04:00,,,,,,
1995-09-28 00:00:00-04:00,,,,,,
1995-09-29 00:00:00-04:00,,,,,,
1995-10-02 00:00:00-04:00,,,,,,
1995-10-03 00:00:00-04:00,,,,,,
1995-10-04 00:00:00-04:00,,,,,,
1995-10-05 00:00:00-04:00,,,,,,
1995-10-06 00:00:00-04:00,,,,,,
1995-10-09 00:00:00-04:00,,,,,,
1995-10-10 00:00:00-04:00,,,,,,
1995-10-11 00:00:00-04:00,,,,,,
1995-10-12 00:00:00-04:00,,,,,,
1995-10-13 00:00:00-04:00,,,,,,
1995-10-16 00:00:00-04:00,,,,,,
1995-10-17 00:00:00-04:00,,,,,,
1995-10-18 00:00:00-04:00,,,,,,
1995-10-19 00:00:00-04:00,,,,,,
1995-10-20 00:00:00-04:00,,,,,,
1995-10-23 00:00:00-04:00,,,,,,
1995-10-24 00:00:00-04:00,,,,,,
1995-10-25 00:00:00-04:00,,,,,,
1995-10-26 00:00:00-04:00,,,,,,
1995-10-27 00:00:00-04:00,,,,,,
1995-10-30 00:00:00-05:00,,,,,,
1995-10-31 00:00:00-05:00,,,,,,
1995-11-01 00:00:00-05:00,,,,,,
1995-11-02 00:00:00-05:00,,,,,,
1995-11-03 00:00:00-05:00,,,,,,
1995-11-06 00:00:00-05:00,,,,,,
1995-11-07 00:00:00-05:00,,,,,,
1995-11-08 00:00:00-05:00,,,,,,
1995-11-09 00:00:00-05:00,,,,,,
1995-11-10 00:00:00-05:00,,,,,,
1995-11-13 00:00:00-05:00,,,,,,
1995-11-14 00:00:00-05:00,,,,,,
1995-11-15 00:00:00-05:00,,,,,,
1995-11-16 00:00:00-05:00,,,,,,
1995-11-17 00:00:00-05:00,,,,,,
1995-11-20 00:00:00-05:00,,,,,,
1995-11-21 00:00:00-05:00,,,,,,
1995-11-22 00:00:00-05:00,,,,,,
1995-11-24 00:00:00-05:00,,,,,,
1995-11-27 00:00:00-05:00,,,,,,
1995-11-28 00:00:00-05:00,,,,,,
1995-11-29 00:00:00-05:00,,,,,,
1995-11-30 00:00:00-05:00,,,,,,
1995-12-01 00:00:00-05:00,,,,,,
1995-12-04 00:00:00-05:00,,,,,,
1995-12-05 00:00:00-05:00,,,,,,
1995-12-06 00:00:00-05:00,,,,,,
1995-12-07 00:00:00-05:00,,,,,,
1995-12-08 00:00:00-05:00,,,,,,
1995-12-11 00:00:00-05:00,,,,,,
1995-12-12 00:00:00-05:00,,,,,,
1995-12-13 00:00:00-05:00,,,,,,
1995-12-14 00:00:00-05:00,,,,,,
1995-12-15 00:00:00-05:00,,,,,,
1995-12-18 00:00:00-05:00,,,,,,
1995-12-19 00:00:00-05:00,,,,,,
1995-12-20 00:00:00-05:00,,,,,,
1995-12-21 00:00:00-05:00,,,,,,
1995-12-22 00:00:00-05:00,,,,,,
1995-12-26 00:00:00-05:00,,,,,,
1995-12-27 00:00:00-05:00,,,,,,
1995-12-28 00:00:00-05:00,,,,,,
1995-12-29 00:00:00-05:00,,,,,,
1996-01-02 00:00:00-05:00,,,,,,
1996-01-03 00:00:00-05:00,,,,,,
1996-01-04 00:00:00-05:00,,,,,,
1996-01-05 00:00:00-05:00,,,,,,
1996-01-08 00:00:00-05:00,,,,,,
1996-01-09 00:00:00-05:00,,,,,,
1996-01-10 00:00:00-05:00,,,,,,
1996-01-11 00:00:00-05:00,,,,,,
1996-01-12 00:00:00-05:00,,,,,,
1996-01-15 00:00:00-05:00,,,,,,
1996-01-16 00:00:00-05:00,,,,,,
1996-01-17 00:00:00-05:00,,,,,,
1996-01-18 00:00:00-05:00,,,,,,
1996-01-19 00:00:00-05:00,,,,,,
1996-01-22 00:00:00-05:00,,,,,,
1996-01-23 00:00:00-05:00,,,,,,
1996-01-24 00:00:00-05:00,,,,,,
1996-01-25 00:00:00-05:00,,,,,,
1996-01-26 00:00:00-05:00,,,,,,
1996-01-29 00:00:00-05:00,,,,,,
1996-01-30 00:00:00-05:00,,,,,,
1996-01-31 00:00:00-05:00,,,,,,
1996-02-01 00:00:00-05:00,,,,,,
1996-02-02 00:00:00-05:00,,,,,,
1996-02-05 00:00:00-05:00,,,,,,
1996-02-06 00:00:00-05:00,,,,,,
1996-02-07 00:00:00-05:00,,,,,,
1996-02-08 00:00:00-05:00,,,,,,
1996-02-09 00:00:00-05:00,,,,,,
1996-02-12 00:00:00-05:00,,,,,,
1996-02-13 00:00:00-05:00,,,,,,
1996-02-14 00:00:00-05:00,,,,,,
1996-02-15 00:00:00-05:00,,,,,,
1996-02-16 00:00:00-05:00,,,,,,
1996-02-20 00:00:00-05:00,,,,,,
1996-02-21 00:00:00-05:00,,,,,,
1996-02-22 00:00:00-05:00,,,,,,
1996-02-23 00:00:00-05:00,,,,,,
1996-02-26 00:00:00-05:00,,,,,,
1996-02-27 00:00:00-05:00,,,,,,
1996-02-28 00:00:00-05:00,,,,,,
1996-02-29 00:00:00-05:00,,,,,,
1996-03-01 00:00:00-05:00,,,,,,
1996-03-04 00:00:00-05:00,,,,,,
1996-03-05 00:00:00-05:00,,,,,,
1996-03-06 00:00:00-05:00,,,,,,
1996-03-07 00:00:00-05:00,,,,,,
1996-03-08 00:00:00-05:00,,,,,,
1996-03-11 00:00:00-05:00,,,,,,
1996-03-12 00:00:00-05:00,,,,,,
1996-03-13 00:00:00-05:00,,,,,,
1996-03-14 00:00:00-05:00,,,,,,
1996-03-15 00:00:00-05:00,,,,,,
1996-03-18 00:00:00-05:00,,,,,,
1996-03-19 00:00:00-05:00,,,,,,
1996-03-20 00:00:00-05:00,,,,,,
1996-03-21 00:00:00-05:00,,,,,,
1996-03-22 00:00:00-05:00,,,,,,
1996-03-25 00:00:00-05:00,,,,,,
1996-03-26 00:00:00-05:00,,,,,,
1996-03-27 00:00:00-05:00,,,,,,
1996-03-28 00:00:00-05:00,,,,,,
1996-03-29 00:00:00-05:00,,,,,,
1996-04-01 00:00:00-05:00,,,,,,
1996-04-02 00:00:00-05:00,,,,,,
1996-04-03 00:00:00-05:00,,,,,,
1996-04-04 00:00:00-05:00,,,,,,
1996-04-08 00:00:00-04:00,,,,,,
1996-04-09 00:00:00-04:00,,,,,,
1996-04-10 00:00:00-04:00,,,,,,
1996-04-11 00:00:00-04:00,,,,,,
1996-04-12 00:00:00-04:00,,,,,,
1996-04-15 00:00:00-04:00,,,,,,
1996-04-16 00:00:00-04:00,,,,,,
1996-04-17 00:00:00-04:00,,,,,,
1996-04-18 00:00:00-04:00,,,,,,
1996-04-19 00:00:00-04:00,,,,,,
1996-04-22 00:00:00-04:00,,,,,,
1996-04-23 00:00:00-04:00,,,,,,
1996-04-24 00:00:00-04:00,,,,,,
1996-04-25 00:00:00-04:00,,,,,,
1996-04-26 00:00:00-04:00,,,,,,
1996-04-29 00:00:00-04:00,,,,,,
1996-04-30 00:00:00-04:00,,,,,,
1996-05-01 00:00:00-04:00,,,,,,
1996-05-02 00:00:00-04:00,,,,,,
1996-05-03 00:00:00-04:00,,,,,,
1996-05-06 00:00:00-04:00,,,,,,
1996-05-07 00:00:00-04:00,,,,,,
1996-05-08 00:00:00-04:00,,,,,,
1996-05-09 00:00:00-04:00,,,,,,
1996-05-10 00:00:00-04:00,,,,,,
1996-05-13 00:00:00-04:00,,,,,,
1996-05-14 00:00:00-04:00,,,,,,
1996-05-15 00:00:00-04:00,,,,,,
1996-05-16 00:00:00-04:00,,,,,,
1996-05-17 00:00:00-04:00,,,,,,
1996-05-20 00:00:00-04:00,,,,,,
1996-05-21 00:00:00-04:00,,,,,,
1996-05-22 00:00:00-04:00,,,,,,
1996-05-23 00:00:00-04:00,,,,,,
1996-05-24 00:00:00-04:00,,,,,,
1996-05-28 00:00:00-04:00,,,,,,
1996-05-29 00:00:00-04:00,,,,,,
1996-05-30 00:00:00-04:00,,,,,,
1996-05-31 00:00:00-04:00,,,,,,
1996-06-03 00:00:00-04:00,,,,,,
1996-06-04 00:00:00-04:00,,,,,,
1996-06-05 00:00:00-04:00,,,,,,
1996-06-06 00:00:00-04:00,,,,,,
1996-06-07 00:00:00-04:00,,,,,,
1996-06-10 00:00:00-04:00,,,,,,
1996-06-11 00:00:00-04:00,,,,,,
1996-06-12 00:00:00-04:00,,,,,,
1996-06-13 00:00:00-04:00,,,,,,
1996-06-14 00:00:00-04:00,,,,,,
1996-06-17 00:00:00-04:00,,,,,,
1996-06-18 00:00:00-04:00,,,,,,
1996-06-19 00:00:00-04:00,,,,,,
1996-06-20 00:00:00-04:00,,,,,,
1996-06-21 00:00:00-04:00,,,,,,
1996-06-24 00:00:00-04:00,,,,,,
1996-06-25 00:00:00-04:00,,,,,,
1996-06-26 00:00:00-04:00,,,,,,
1996-06-27 00:00:00-04:00,,,,,,
1996-06-28 00:00:00-04:00,,,,,,
1996-07-01 00:00:00-04:00,,,,,,
1996-07-02 00:00:00-04:00,,,,,,
1996-07-03 00:00:00-04:00,,,,,,
1996-07-05 00:00:00-04:00,,,,,,
1996-07-08 00:00:00-04:00,,,,,,
1996-07-09 00:00:00-04:00,,,,,,
1996-07-10 00:00:00-04:00,,,,,,
1996-07-11 00:00:00-04:00,,,,,,
1996-07-12 00:00:00-04:00,,,,,,
1996-07-15 00:00:00-04:00,,,,,,
1996-07-16 00:00:00-04:00,,,,,,
1996-07-17 00:00:00-04:00,,,,,,
1996-07-18 00:00:00-04:00,,,,,,
1996-07-19 00:00:00-04:00,,,,,,
1996-07-22 00:00:00-04:00,,,,,,
1996-07-23 00:00:00-04:00,,,,,,
1996-07-24 00:00:00-04:00,,,,,,
1996-07-25 00:00:00-04:00,,,,,,
1996-07-26 00:00:00-04:00,,,,,,
1996-07-29 00:00:00-04:00,,,,,,
1996-07-30 00:00:00-04:00,,,,,,
1996-07-31 00:00:00-04:00,,,,,,
1996-08-01 00:00:00-04:00,,,,,,
1996-08-02 00:00:00-04:00,,,,,,
1996-08-05 00:00:00-04:00,,,,,,
1996-08-06 00:00:00-04:00,,,,,,
1996-08-07 00:00:00-04:00,,,,,,
1996-08-08 00:00:00-04:00,,,,,,
1996-08-09 00:00:00-04:00,,,,,,
1996-08-12 00:00:00-04:00,,,,,,
1996-08-13 00:00:00-04:00,,,,,,
1996-08-14 00:00:00-04:00,,,,,,
1996-08-15 00:00:00-04:00,,,,,,
1996-08-16 00:00:00-04:00,,,,,,
1996-08-19 00:00:00-04:00,,,,,,
1996-08-20 00:00:00-04:00,,,,,,
1996-08-21 00:00:00-04:00,,,,,,
1996-08-22 00:00:00-04:00,,,,,,
1996-08-23 00:00:00-04:00,,,,,,
1996-08-26 00:00:00-04:00,,,,,,
1996-08-27 00:00:00-04:00,,,,,,
1996-08-28 00:00:00-04:00,,,,,,
1996-08-29 00:00:00-04:00,,,,,,
1996-08-30 00:00:00-04:00,,,,,,
1996-09-03 00:00:00-04:00,,,,,,
1996-09-04 00:00:00-04:00,,,,,,
1996-09-05 00:00:00-04:00,,,,,,
1996-09-06 00:00:00-04:00,,,,,,
1996-09-09 00:00:00-04:00,,,,,,
1996-09-10 00:00:00-04:00,,,,,,
1996-09-11 00:00:00-04:00,,,,,,
1996-09-12 00:00:00-04:00,,,,,,
1996-09-13 00:00:00-04:00,,,,,,
1996-09-16 00:00:00-04:00,,,,,,
1996-09-17 00:00:00-04:00,,,,,,
1996-09-18 00:00:00-04:00,,,,,,
1996-09-19 00:00:00-04:00,,,,,,
1996-09-20 00:00:00-04:00,,,,,,
1996-09-23 00:00:00-04:00,,,,,,
1996-09-24 00:00:00-04:00,,,,,,
1996-09-25 00:00:00-04:00,,,,,,
1996-09-26 00:00:00-04:00,,,,,,
1996-09-27 00:00:00-04:00,,,,,,
1996-09-30 00:00:00-04:00,,,,,,
1996-10-01 00:00:00-04:00,,,,,,
1996-10-02 00:00:00-04:00,,,,,,
1996-10-03 00:00:00-04:00,,,,,,
1996-10-04 00:00:00-04:00,,,,,,
1996-10-07 00:00:00-04:00,,,,,,
1996-10-08 00:00:00-04:00,,,,,,
1996-10-09 00:00:00-04:00,,,,,,
1996-10-10 00:00:00-04:00,,,,,,
1996-10-11 00:00:00-04:00,,,,,,
1996-10-14 00:00:00-04:00,,,,,,
1996-10-15 00:00:00-04:00,,,,,,
1996-10-16 00:00:00-04:00,,,,,,
1996-10-17 00:00:00-04:00,,,,,,
1996-10-18 00:00:00-04:00,,,,,,
1996-10-21 00:00:00-04:00,,,,,,
1996-10-22 00:00:00-04:00,,,,,,
1996-10-23 00:00:00-04:00,,,,,,
1996-10-24 00:00:00-04:00,,,,,,
1996-10-25 00:00:00-04:00,,,,,,
1996-10-28 00:00:00-05:00,,,,,,
1996-10-29 00:00:00-05:00,,,,,,
1996-10-30 00:00:00-05:00,,,,,,
1996-10-31 00:00:00-05:00,,,,,,
1996-11-01 00:00:00-05:00,,,,,,
1996-11-04 00:00:00-05:00,,,,,,
1996-11-05 00:00:00-05:00,,,,,,
1996-11-06 00:00:00-05:00,,,,,,
1996-11-07 00:00:00-05:00,,,,,,
1996-11-08 00:00:00-05:00,,,,,,
1996-11-11 00:00:00-05:00,,,,,,
1996-11-12 00:00:00-05:00,,,,,,
1996-11-13 00:00:00-05:00,,,,,,
1996-11-14 00:00:00-05:00,,,,,,
1996-11-15 00:00:00-05:00,,,,,,
1996-11-18 00:00:00-05:00,,,,,,
1996-11-19 00:00:00-05:00,,,,,,
1996-11-20 00:00:00-05:00,,,,,,
1996-11-21 00:00:00-05:00,,,,,,
1996-11-22 00:00:00-05:00,,,,,,
1996-11-25 00:00:00-05:00,,,,,,
1996-11-26 00:00:00-05:00,,,,,,
1996-11-27 00:00:00-05:00,,,,,,
1996-11-29 00:00:00-05:00,,,,,,
1996-12-02 00:00:00-05:00,,,,,,
1996-12-03 00:00:00-05:00,,,,,,
1996-12-04 00:00:00-05:00,,,,,,
1996-12-05 00:00:00-05:00,,,,,,
1996-12-06 00:00:00-05:00,,,,,,
1996-12-09 00:00:00-05:00,,,,,,
1996-12-10 00:00:00-05:00,,,,,,
1996-12-11 00:00:00-05:00,,,,,,
1996-12-12 00:00:00-05:00,,,,,,
1996-12-13 00:00:00-05:00,,,,,,
1996-12-16 00:00:00-05:00,,,,,,
1996-12-17 00:00:00-05:00,,,,,,
1996-12-18 00:00:00-05:00,,,,,,
1996-12-19 00:00:00-05:00,,,,,,
1996-12-20 00:00:00-05:00,,,,,,
1996-12-23 00:00:00-05:00,,,,,,
1996-12-24 00:00:00-05:00,,,,,,
1996-12-26 00:00:00-05:00,,,,,,
1996-12-27 00:00:00-05:00,,,,,,
1996-12-30 00:00:00-05:00,,,,,,
1996-12-31 00:00:00-05:00,,,,,,
1997-01-02 00:00:00-05:00,,,,,,
1997-01-03 00:00:00-05:00,,,,,,
1997-01-06 00:00:00-05:00,,,,,,
1997-01-07 00:00:00-05:00,,,,,,
1997-01-08 00:00:00-05:00,,,,,,
1997-01-09 00:00:00-05:00,,,,,,
1997-01-10 00:00:00-05:00,,,,,,
1997-01-13 00:00:00-05:00,,,,,,
1997-01-14 00:00:00-05:00,,,,,,
1997-01-15 00:00:00-05:00,,,,,,
1997-01-16 00:00:00-05:00,,,,,,
1997-01-17 00:00:00-05:00,,,,,,
1997-01-20 00:00:00-05:00,,,,,,
1997-01-21 00:00:00-05:00,,,,,,
1997-01-22 00:00:00-05:00,,,,,,
1997-01-23 00:00:00-05:00,,,,,,
1997-01-24 00:00:00-05:00,,,,,,
1997-01-27 00:00:00-05:00,,,,,,
1997-01-28 00:00:00-05:00,,,,,,
1997-01-29 00:00:00-05:00,,,,,,
1997-01-30 00:00:00-05:00,,,,,,
1997-01-31 00:00:00-05:00,,,,,,
1997-02-03 00:00:00-05:00,,,,,,
1997-02-04 00:00:00-05:00,,,,,,
1997-02-05 00:00:00-05:00,,,,,,
1997-02-06 00:00:00-05:00,,,,,,
1997-02-07 00:00:00-05:00,,,,,,
1997-02-10 00:00:00-05:00,,,,,,
1997-02-11 00:00:00-05:00,,,,,,
1997-02-12 00:00:00-05:00,,,,,,
1997-02-13 00:00:00-05:00,,,,,,
1997-02-14 00:00:00-05:00,,,,,,
1997-02-18 00:00:00-05:00,,,,,,
1997-02-19 00:00:00-05:00,,,,,,
1997-02-20 00:00:00-05:00,,,,,,
1997-02-21 00:00:00-05:00,,,,,,
1997-02-24 00:00:00-05:00,,,,,,
1997-02-25 00:00:00-05:00,,,,,,
1997-02-26 00:00:00-05:00,,,,,,
1997-02-27 00:00:00-05:00,,,,,,
1997-02-28 00:00:00-05:00,,,,,,
1997-03-03 00:00:00-05:00,,,,,,
1997-03-04 00:00:00-05:00,,,,,,
1997-03-05 00:00:00-05:00,,,,,,
1997-03-06 00:00:00-05:00,,,,,,
1997-03-07 00:00:00-05:00,,,,,,
1997-03-10 00:00:00-05:00,,,,,,
1997-03-11 00:00:00-05:00,,,,,,
1997-03-12 00:00:00-05:00,,,,,,
1997-03-13 00:00:00-05:00,,,,,,
1997-03-14 00:00:00-05:00,,,,,,
1997-03-17 00:00:00-05:00,,,,,,
1997-03-18 00:00:00-05:00,,,,,,
1997-03-19 00:00:00-05:00,,,,,,
1997-03-20 00:00:00-05:00,,,,,,
1997-03-21 00:00:00-05:00,,,,,,
1997-03-24 00:00:00-05:00,,,,,,
1997-03-25 00:00:00-05:00,,,,,,
1997-03-26 00:00:00-05:00,,,,,,
1997-03-27 00:00:00-05:00,,,,,,
1997-03-31 00:00:00-05:00,,,,,,
1997-04-01 00:00:00-05:00,,,,,,
1997-04-02 00:00:00-05:00,,,,,,
1997-04-03 00:00:00-05:00,,,,,,
1997-04-04 00:00:00-05:00,,,,,,
1997-04-07 00:00:00-04:00,,,,,,
1997-04-08 00:00:00-04:00,,,,,,
1997-04-09 00:00:00-04:00,,,,,,
1997-04-10 00:00:00-04:00,,,,,,
1997-04-11 00:00:00-04:00,,,,,,
1997-04-14 00:00:00-04:00,,,,,,
1997-04-15 00:00:00-04:00,,,,,,
1997-04-16 00:00:00-04:00,,,,,,
1997-04-17 00:00:00-04:00,,,,,,
1997-04-18 00:00:00-04:00,,,,,,
1997-04-21 00:00:00-04:00,,,,,,
1997-04-22 00:00:00-04:00,,,,,,
1997-04-23 00:00:00-04:00,,,,,,
1997-04-24 00:00:00-04:00,,,,,,
1997-04-25 00:00:00-04:00,,,,,,
1997-04-28 00:00:00-04:00,,,,,,
1997-04-29 00:00:00-04:00,,,,,,
1997-04-30 00:00:00-04:00,,,,,,
1997-05-01 00:00:00-04:00,,,,,,
1997-05-02 00:00:00-04:00,,,,,,
1997-05-05 00:00:00-04:00,,,,,,
1997-05-06 00:00:00-04:00,,,,,,
1997-05-07 00:00:00-04:00,,,,,,
1997-05-08 00:00:00-04:00,,,,,,
1997-05-09 00:00:00-04:00,,,,,,
1997-05-12 00:00:00-04:00,,,,,,
1997-05-13 00:00:00-04:00,,,,,,
1997-05-14 00:00:00-04:00,,,,,,
1997-05-15 00:00:00-04:00,,,,,,
1997-05-16 00:00:00-04:00,,,,,,
1997-05-19 00:00:00-04:00,,,,,,
1997-05-20 00:00:00-04:00,,,,,,
1997-05-21 00:00:00-04:00,,,,,,
1997-05-22 00:00:00-04:00,,,,,,
1997-05-23 00:00:00-04:00,,,,,,
1997-05-27 00:00:00-04:00,,,,,,
1997-05-28 00:00:00-04:00,,,,,,
1997-05-29 00:00:00-04:00,,,,,,
1997-05-30 00:00:00-04:00,,,,,,
1997-06-02 00:00:00-04:00,,,,,,
1997-06-03 00:00:00-04:00,,,,,,
1997-06-04 00:00:00-04:00,,,,,,
1997-06-05 00:00:00-04:00,,,,,,
1997-06-06 00:00:00-04:00,,,,,,
1997-06-09 00:00:00-04:00,,,,,,
1997-06-10 00:00:00-04:00,,,,,,
1997-06-11 00:00:00-04:00,,,,,,
1997-06-12 00:00:00-04:00,,,,,,
1997-06-13 00:00:00-04:00,,,,,,
1997-06-16 00:00:00-04:00,,,,,,
1997-06-17 00:00:00-04:00,,,,,,
1997-06-18 00:00:00-04:00,,,,,,
1997-06-19 00:00:00-04:00,,,,,,
1997-06-20 00:00:00-04:00,,,,,,
1997-06-23 00:00:00-04:00,,,,,,
1997-06-24 00:00:00-04:00,,,,,,
1997-06-25 00:00:00-04:00,,,,,,
1997-06-26 00:00:00-04:00,,,,,,
1997-06-27 00:00:00-04:00,,,,,,
1997-06-30 00:00:00-04:00,,,,,,
1997-07-01 00:00:00-04:00,,,,,,
1997-07-02 00:00:00-04:00,,,,,,
1997-07-03 00:00:00-04:00,,,,,,
1997-07-07 00:00:00-04:00,,,,,,
1997-07-08 00:00:00-04:00,,,,,,
1997-07-09 00:00:00-04:00,,,,,,
1997-07-10 00:00:00-04:00,,,,,,
1997-07-11 00:00:00-04:00,,,,,,
1997-07-14 00:00:00-04:00,,,,,,
1997-07-15 00:00:00-04:00,,,,,,
1997-07-16 00:00:00-04:00,,,,,,
1997-07-17 00:00:00-04:00,,,,,,
1997-07-18 00:00:00-04:00,,,,,,
1997-07-21 00:00:00-04:00,,,,,,
1997-07-22 00:00:00-04:00,,,,,,
1997-07-23 00:00:00-04:00,,,,,,
1997-07-24 00:00:00-04:00,,,,,,
1997-07-25 00:00:00-04:00,,,,,,
1997-07-28 00:00:00-04:00,,,,,,
1997-07-29 00:00:00-04:00,,,,,,
1997-07-30 00:00:00-04:00,,,,,,
1997-07-31 00:00:00-04:00,,,,,,
1997-08-01 00:00:00-04:00,,,,,,
1997-08-04 00:00:00-04:00,,,,,,
1997-08-05 00:00:00-04:00,,,,,,
1997-08-06 00:00:00-04:00,,,,,,
1997-08-07 00:00:00-04:00,,,,,,
1997-08-08 00:00:00-04:00,,,,,,
1997-08-11 00:00:00-04:00,,,,,,
1997-08-12 00:00:00-04:00,,,,,,
1997-08-13 00:00:00-04:00,,,,,,
1997-08-14 00:00:00-04:00,,,,,,
1997-08-15 00:00:00-04:00,,,,,,
1997-08-18 00:00:00-04:00,,,,,,
1997-08-19 00:00:00-04:00,,,,,,
1997-08-20 00:00:00-04:00,,,,,,
1997-08-21 00:00:00-04:00,,,,,,
1997-08-22 00:00:00-04:00,,,,,,
1997-08-25 00:00:00-04:00,,,,,,
1997-08-26 00:00:00-04:00,,,,,,
1997-08-27 00:00:00-04:00,,,,,,
1997-08-28 00:00:00-04:00,,,,,,
1997-08-29 00:00:00-04:00,,,,,,
1997-09-02 00:00:00-04:00,,,,,,
1997-09-03 00:00:00-04:00,,,,,,
1997-09-04 00:00:00-04:00,,,,,,
1997-09-05 00:00:00-04:00,,,,,,
1997-09-08 00:00:00-04:00,,,,,,
1997-09-09 00:00:00-04:00,,,,,,
1997-09-10 00:00:00-04:00,,,,,,
1997-09-11 00:00:00-04:00,,,,,,
1997-09-12 00:00:00-04:00,,,,,,
1997-09-15 00:00:00-04:00,,,,,,
1997-09-16 00:00:00-04:00,,,,,,
1997-09-17 00:00:00-04:00,,,,,,
1997-09-18 00:00:00-04:00,,,,,,
1997-09-19 00:00:00-04:00,,,,,,
1997-09-22 00:00:00-04:00,,,,,,
1997-09-23 00:00:00-04:00,,,,,,
1997-09-24 00:00:00-04:00,,,,,,
1997-09-25 00:00:00-04:00,,,,,,
1997-09-26 00:00:00-04:00,,,,,,
1997-09-29 00:00:00-04:00,,,,,,
1997-09-30 00:00:00-04:00,,,,,,
1997-10-01 00:00:00-04:00,,,,,,
1997-10-02 00:00:00-04:00,,,,,,
1997-10-03 00:00:00-04:00,,,,,,
1997-10-06 00:00:00-04:00,,,,,,
1997-10-07 00:00:00-04:00,,,,,,
1997-10-08 00:00:00-04:00,,,,,,
1997-10-09 00:00:00-04:00,,,,,,
1997-10-10 00:00:00-04:00,,,,,,
1997-10-13 00:00:00-04:00,,,,,,
1997-10-14 00:00:00-04:00,,,,,,
1997-10-15 00:00:00-04:00,,,,,,
1997-10-16 00:00:00-04:00,,,,,,
1997-10-17 00:00:00-04:00,,,,,,
1997-10-20 00:00:00-04:00,,,,,,
1997-10-21 00:00:00-04:00,,,,,,
1997-10-22 00:00:00-04:00,,,,,,
1997-10-23 00:00:00-04:00,,,,,,
1997-10-24 00:00:00-04:00,,,,,,
1997-10-27 00:00:00-05:00,,,,,,
1997-10-28 00:00:00-05:00,,,,,,
1997-10-29 00:00:00-05:00,,,,,,
1997-10-30 00:00:00-05:00,,,,,,
1997-10-31 00:00:00-05:00,,,,,,
1997-11-03 00:00:00-05:00,,,,,,
1997-11-04 00:00:00-05:00,,,,,,
1997-11-05 00:00:00-05:00,,,,,,
1997-11-06 00:00:00-05:00,,,,,,
1997-11-07 00:00:00-05:00,,,,,,
1997-11-10 00:00:00-05:00,,,,,,
1997-11-11 00:00:00-05:00,,,,,,
1997-11-12 00:00:00-05:00,,,,,,
1997-11-13 00:00:00-05:00,,,,,,
1997-11-14 00:00:00-05:00,,,,,,
1997-11-17 00:00:00-05:00,,,,,,
1997-11-18 00:00:00-05:00,,,,,,
1997-11-19 00:00:00-05:00,,,,,,
1997-11-20 00:00:00-05:00,,,,,,
1997-11-21 00:00:00-05:00,,,,,,
1997-11-24 00:00:00-05:00,,,,,,
1997-11-25 00:00:00-05:00,,,,,,
1997-11-26 00:00:00-05:00,,,,,,
1997-11-28 00:00:00-05:00,,,,,,
1997-12-01 00:00:00-05:00,,,,,,
1997-12-02 00:00:00-05:00,,,,,,
1997-12-03 00:00:00-05:00,,,,,,
1997-12-04 00:00:00-05:00,,,,,,
1997-12-05 00:00:00-05:00,,,,,,
1997-12-08 00:00:00-05:00,,,,,,
1997-12-09 00:00:00-05:00,,,,,,
1997-12-10 00:00:00-05:00,,,,,,
1997-12-11 00:00:00-05:00,,,,,,
1997-12-12 00:00:00-05:00,,,,,,
1997-12-15 00:00:00-05:00,,,,,,
1997-12-16 00:00:00-05:00,,,,,,
1997-12-17 00:00:00-05:00,,,,,,
1997-12-18 00:00:00-05:00,,,,,,
1997-12-19 00:00:00-05:00,,,,,,
1997-12-22 00:00:00-05:00,,,,,,
1997-12-23 00:00:00-05:00,,,,,,
1997-12-24 00:00:00-05:00,,,,,,
1997-12-26 00:00:00-05:00,,,,,,
1997-12-29 00:00:00-05:00,,,,,,
1997-12-30 00:00:00-05:00,,,,,,
1997-12-31 00:00:00-05:00,,,,,,
1998-01-02 00:00:00-05:00,,,,,,
1998-01-05 00:00:00-05:00,,,,,,
1998-01-06 00:00:00-05:00,,,,,,
1998-01-07 00:00:00-05:00,,,,,,
1998-01-08 00:00:00-05:00,,,,,,
1998-01-09 00:00:00-05:00,,,,,,
1998-01-12 00:00:00-05:00,,,,,,
1998-01-13 00:00:00-05:00,,,,,,
1998-01-14 00:00:00-05:00,,,,,,
1998-01-15 00:00:00-05:00,,,,,,
1998-01-16 00:00:00-05:00,,,,,,
1998-01-20 00:00:00-05:00,,,,,,
1998-01-21 00:00:00-05:00,,,,,,
1998-01-22 00:00:00-05:00,,,,,,
1998-01-23 00:00:00-05:00,,,,,,
1998-01-26 00:00:00-05:00,,,,,,
1998-01-27 00:00:00-05:00,,,,,,
1998-01-28 00:00:00-05:00,,,,,,
1998-01-29 00:00:00-05:00,,,,,,
1998-01-30 00:00:00-05:00,,,,,,
1998-02-02 00:00:00-05:00,,,,,,
1998-02-03 00:00:00-05:00,,,,,,
1998-02-04 00:00:00-05:00,,,,,,
1998-02-05 00:00:00-05:00,,,,,,
1998-02-06 00:00:00-05:00,,,,,,
1998-02-09 00:00:00-05:00,,,,,,
1998-02-10 00:00:00-05:00,,,,,,
1998-02-11 00:00:00-05:00,,,,,,
1998-02-12 00:00:00-05:00,,,,,,
1998-02-13 00:00:00-05:00,,,,,,
1998-02-17 00:00:00-05:00,,,,,,
1998-02-18 00:00:00-05:00,,,,,,
1998-02-19 00:00:00-05:00,,,,,,
1998-02-20 00:00:00-05:00,,,,,,
1998-02-23 00:00:00-05:00,,,,,,
1998-02-24 00:00:00-05:00,,,,,,
1998-02-25 00:00:00-05:00,,,,,,
1998-02-26 00:00:00-05:00,,,,,,
1998-02-27 00:00:00-05:00,,,,,,
1998-03-02 00:00:00-05:00,,,,,,
1998-03-03 00:00:00-05:00,,,,,,
1998-03-04 00:00:00-05:00,,,,,,
1998-03-05 00:00:00-05:00,,,,,,
1998-03-06 00:00:00-05:00,,,,,,
1998-03-09 00:00:00-05:00,,,,,,
1998-03-10 00:00:00-05:00,,,,,,
1998-03-11 00:00:00-05:00,,,,,,
1998-03-12 00:00:00-05:00,,,,,,
1998-03-13 00:00:00-05:00,,,,,,
1998-03-16 00:00:00-05:00,,,,,,
1998-03-17 00:00:00-05:00,,,,,,
1998-03-18 00:00:00-05:00,,,,,,
1998-03-19 00:00:00-05:00,,,,,,
1998-03-20 00:00:00-05:00,,,,,,
1998-03-23 00:00:00-05:00,,,,,,
1998-03-24 00:00:00-05:00,,,,,,
1998-03-25 00:00:00-05:00,,,,,,
1998-03-26 00:00:00-05:00,,,,,,
1998-03-27 00:00:00-05:00,,,,,,
1998-03-30 00:00:00-05:00,,,,,,
1998-03-31 00:00:00-05:00,,,,,,
1998-04-01 00:00:00-05:00,,,,,,
1998-04-02 00:00:00-05:00,,,,,,
1998-04-03 00:00:00-05:00,,,,,,
1998-04-06 00:00:00-04:00,,,,,,
1998-04-07 00:00:00-04:00,,,,,,
1998-04-08 00:00:00-04:00,,,,,,
1998-04-09 00:00:00-04:00,,,,,,
1998-04-13 00:00:00-04:00,,,,,,
1998-04-14 00:00:00-04:00,,,,,,
1998-04-15 00:00:00-04:00,,,,,,
1998-04-16 00:00:00-04:00,,,,,,
1998-04-17 00:00:00-04:00,,,,,,
1998-04-20 00:00:00-04:00,,,,,,
1998-04-21 00:00:00-04:00,,,,,,
1998-04-22 00:00:00-04:00,,,,,,
1998-04-23 00:00:00-04:00,,,,,,
1998-04-24 00:00:00-04:00,,,,,,
1998-04-27 00:00:00-04:00,,,,,,
1998-04-28 00:00:00-04:00,,,,,,
1998-04-29 00:00:00-04:00,,,,,,
1998-04-30 00:00:00-04:00,,,,,,
1998-05-01 00:00:00-04:00,,,,,,
1998-05-04 00:00:00-04:00,,,,,,
1998-05-05 00:00:00-04:00,,,,,,
1998-05-06 00:00:00-04:00,,,,,,
1998-05-07 00:00:00-04:00,,,,,,
1998-05-08 00:00:00-04:00,,,,,,
1998-05-11 00:00:00-04:00,,,,,,
1998-05-12 00:00:00-04:00,,,,,,
1998-05-13 00:00:00-04:00,,,,,,
1998-05-14 00:00:00-04:00,,,,,,
1998-05-15 00:00:00-04:00,,,,,,
1998-05-18 00:00:00-04:00,,,,,,
1998-05-19 00:00:00-04:00,,,,,,
1998-05-20 00:00:00-04:00,,,,,,
1998-05-21 00:00:00-04:00,,,,,,
1998-05-22 00:00:00-04:00,,,,,,
1998-05-26 00:00:00-04:00,,,,,,
1998-05-27 00:00:00-04:00,,,,,,
1998-05-28 00:00:00-04:00,,,,,,
1998-05-29 00:00:00-04:00,,,,,,
1998-06-01 00:00:00-04:00,,,,,,
1998-06-02 00:00:00-04:00,,,,,,
1998-06-03 00:00:00-04:00,,,,,,
1998-06-04 00:00:00-04:00,,,,,,
1998-06-05 00:00:00-04:00,,,,,,
1998-06-08 00:00:00-04:00,,,,,,
1998-06-09 00:00:00-04:00,,,,,,
1998-06-10 00:00:00-04:00,,,,,,
1998-06-11 00:00:00-04:00,,,,,,
1998-06-12 00:00:00-04:00,,,,,,
1998-06-15 00:00:00-04:00,,,,,,
1998-06-16 00:00:00-04:00,,,,,,
1998-06-17 00:00:00-04:00,,,,,,
1998-06-18 00:00:00-04:00,,,,,,
1998-06-19 00:00:00-04:00,,,,,,
1998-06-22 00:00:00-04:00,,,,,,
1998-06-23 00:00:00-04:00,,,,,,
1998-06-24 00:00:00-04:00,,,,,,
1998-06-25 00:00:00-04:00,,,,,,
1998-06-26 00:00:00-04:00,,,,,,
1998-06-29 00:00:00-04:00,,,,,,
1998-06-30 00:00:00-04:00,,,,,,
1998-07-01 00:00:00-04:00,,,,,,
1998-07-02 00:00:00-04:00,,,,,,
1998-07-06 00:00:00-04:00,,,,,,
1998-07-07 00:00:00-04:00,,,,,,
1998-07-08 00:00:00-04:00,,,,,,
1998-07-09 00:00:00-04:00,,,,,,
1998-07-10 00:00:00-04:00,,,,,,
1998-07-13 00:00:00-04:00,,,,,,
1998-07-14 00:00:00-04:00,,,,,,
1998-07-15 00:00:00-04:00,,,,,,
1998-07-16 00:00:00-04:00,,,,,,
1998-07-17 00:00:00-04:00,,,,,,
1998-07-20 00:00:00-04:00,,,,,,
1998-07-21 00:00:00-04:00,,,,,,
1998-07-22 00:00:00-04:00,,,,,,
1998-07-23 00:00:00-04:00,,,,,,
1998-07-24 00:00:00-04:00,,,,,,
1998-07-27 00:00:00-04:00,,,,,,
1998-07-28 00:00:00-04:00,,,,,,
1998-07-29 00:00:00-04:00,,,,,,
1998-07-30 00:00:00-04:00,,,,,,
1998-07-31 00:00:00-04:00,,,,,,
1998-08-03 00:00:00-04:00,,,,,,
1998-08-04 00:00:00-04:00,,,,,,
1998-08-05 00:00:00-04:00,,,,,,
1998-08-06 00:00:00-04:00,,,,,,
1998-08-07 00:00:00-04:00,,,,,,
1998-08-10 00:00:00-04:00,,,,,,
1998-08-11 00:00:00-04:00,,,,,,
1998-08-12 00:00:00-04:00,,,,,,
1998-08-13 00:00:00-04:00,,,,,,
1998-08-14 00:00:00-04:00,,,,,,
1998-08-17 00:00:00-04:00,,,,,,
1998-08-18 00:00:00-04:00,,,,,,
1998-08-19 00:00:00-04:00,,,,,,
1998-08-20 00:00:00-04:00,,,,,,
1998-08-21 00:00:00-04:00,,,,,,
1998-08-24 00:00:00-04:00,,,,,,
1998-08-25 00:00:00-04:00,,,,,,
1998-08-26 00:00:00-04:00,,,,,,
1998-08-27 00:00:00-04:00,,,,,,
1998-08-28 00:00:00-04:00,,,,,,
1998-08-31 00:00:00-04:00,,,,,,
1998-09-01 00:00:00-04:00,,,,,,
1998-09-02 00:00:00-04:00,,,,,,
1998-09-03 00:00:00-04:00,,,,,,
1998-09-04 00:00:00-04:00,,,,,,
1998-09-08 00:00:00-04:00,,,,,,
1998-09-09 00:00:00-04:00,,,,,,
1998-09-10 00:00:00-04:00,,,,,,
1998-09-11 00:00:00-04:00,,,,,,
1998-09-14 00:00:00-04:00,,,,,,
1998-09-15 00:00:00-04:00,,,,,,
1998-09-16 00:00:00-04:00,,,,,,
1998-09-17 00:00:00-04:00,,,,,,
1998-09-18 00:00:00-04:00,,,,,,
1998-09-21 00:00:00-04:00,,,,,,
1998-09-22 00:00:00-04:00,,,,,,
1998-09-23 00:00:00-04:00,,,,,,
1998-09-24 00:00:00-04:00,,,,,,
1998-09-25 00:00:00-04:00,,,,,,
1998-09-28 00:00:00-04:00,,,,,,
1998-09-29 00:00:00-04:00,,,,,,
1998-09-30 00:00:00-04:00,,,,,,
1998-10-01 00:00:00-04:00,,,,,,
1998-10-02 00:00:00-04:00,,,,,,
1998-10-05 00:00:00-04:00,,,,,,
1998-10-06 00:00:00-04:00,,,,,,
1998-10-07 00:00:00-04:00,,,,,,
1998-10-08 00:00:00-04:00,,,,,,
1998-10-09 00:00:00-04:00,,,,,,
1998-10-12 00:00:00-04:00,,,,,,
1998-10-13 00:00:00-04:00,,,,,,
1998-10-14 00:00:00-04:00,,,,,,
1998-10-15 00:00:00-04:00,,,,,,
1998-10-16 00:00:00-04:00,,,,,,
1998-10-19 00:00:00-04:00,,,,,,
1998-10-20 00:00:00-04:00,,,,,,
1998-10-21 00:00:00-04:00,,,,,,
1998-10-22 00:00:00-04:00,,,,,,
1998-10-23 00:00:00-04:00,,,,,,
1998-10-26 00:00:00-05:00,,,,,,
1998-10-27 00:00:00-05:00,,,,,,
1998-10-28 00:00:00-05:00,,,,,,
1998-10-29 00:00:00-05:00,,,,,,
1998-10-30 00:00:00-05:00,,,,,,
1998-11-02 00:00:00-05:00,,,,,,
1998-11-03 00:00:00-05:00,,,,,,
1998-11-04 00:00:00-05:00,,,,,,
1998-11-05 00:00:00-05:00,,,,,,
1998-11-06 00:00:00-05:00,,,,,,
1998-11-09 00:00:00-05:00,,,,,,
1998-11-10 00:00:00-05:00,,,,,,
1998-11-11 00:00:00-05:00,,,,,,
1998-11-12 00:00:00-05:00,,,,,,
1998-11-13 00:00:00-05:00,,,,,,
1998-11-16 00:00:00-05:00,,,,,,
1998-11-17 00:00:00-05:00,,,,,,
1998-11-18 00:00:00-05:00,,,,,,
1998-11-19 00:00:00-05:00,,,,,,
1998-11-20 00:00:00-05:00,,,,,,
1998-11-23 00:00:00-05:00,,,,,,
1998-11-24 00:00:00-05:00,,,,,,
1998-11-25 00:00:00-05:00,,,,,,
1998-11-27 00:00:00-05:00,,,,,,
1998-11-30 00:00:00-05:00,,,,,,
1998-12-01 00:00:00-05:00,,,,,,
1998-12-02 00:00:00-05:00,,,,,,
1998-12-03 00:00:00-05:00,,,,,,
1998-12-04 00:00:00-05:00,,,,,,
1998-12-07 00:00:00-05:00,,,,,,
1998-12-08 00:00:00-05:00,,,,,,
1998-12-09 00:00:00-05:00,,,,,,
1998-12-10 00:00:00-05:00,,,,,,
1998-12-11 00:00:00-05:00,,,,,,
1998-12-14 00:00:00-05:00,,,,,,
1998-12-15 00:00:00-05:00,,,,,,
1998-12-16 00:00:00-05:00,,,,,,
1998-12-17 00:00:00-05:00,,,,,,
1998-12-18 00:00:00-05:00,,,,,,
1998-12-21 00:00:00-05:00,,,,,,
1998-12-22 00:00:00-05:00,,,,,,
1998-12-23 00:00:00-05:00,,,,,,
1998-12-24 00:00:00-05:00,,,,,,
1998-12-28 00:00:00-05:00,,,,,,
1998-12-29 00:00:00-05:00,,,,,,
1998-12-30 00:00:00-05:00,,,,,,
1998-12-31 00:00:00-05:00,,,,,,
1999-01-04 00:00:00-05:00,,,,,,
1999-01-05 00:00:00-05:00,,,,,,
1999-01-06 00:00:00-05:00,,,,,,
1999-01-07 00:00:00-05:00,,,,,,
1999-01-08 00:00:00-05:00,,,,,,
1999-01-11 00:00:00-05:00,,,,,,
1999-01-12 00:00:00-05:00,,,,,,
1999-01-13 00:00:00-05:00,,,,,,
1999-01-14 00:00:00-05:00,,,,,,
1999-01-15 00:00:00-05:00,,,,,,
1999-01-19 00:00:00-05:00,,,,,,
1999-01-20 00:00:00-05:00,,,,,,
1999-01-21 00:00:00-05:00,,,,,,
1999-01-22 00:00:00-05:00,,,,,,
1999-01-25 00:00:00-05:00,,,,,,
1999-01-26 00:00:00-05:00,,,,,,
1999-01-27 00:00:00-05:00,,,,,,
1999-01-28 00:00:00-05:00,,,,,,
1999-01-29 00:00:00-05:00,,,,,,
1999-02-01 00:00:00-05:00,,,,,,
1999-02-02 00:00:00-05:00,,,,,,
1999-02-03 00:00:00-05:00,,,,,,
1999-02-04 00:00:00-05:00,,,,,,
1999-02-05 00:00:00-05:00,,,,,,
1999-02-08 00:00:00-05:00,,,,,,
1999-02-09 00:00:00-05:00,,,,,,
1999-02-10 00:00:00-05:00,,,,,,
1999-02-11 00:00:00-05:00,,,,,,
1999-02-12 00:00:00-05:00,,,,,,
1999-02-16 00:00:00-05:00,,,,,,
1999-02-17 00:00:00-05:00,,,,,,
1999-02-18 00:00:00-05:00,,,,,,
1999-02-19 00:00:00-05:00,,,,,,
1999-02-22 00:00:00-05:00,,,,,,
1999-02-23 00:00:00-05:00,,,,,,
1999-02-24 00:00:00-05:00,,,,,,
1999-02-25 00:00:00-05:00,,,,,,
1999-02-26 00:00:00-05:00,,,,,,
1999-03-01 00:00:00-05:00,,,,,,
1999-03-02 00:00:00-05:00,,,,,,
1999-03-03 00:00:00-05:00,,,,,,
1999-03-04 00:00:00-05:00,,,,,,
1999-03-05 00:00:00-05:00,,,,,,
1999-03-08 00:00:00-05:00,,,,,,
1999-03-09 00:00:00-05:00,,,,,,
1999-03-10 00:00:00-05:00,,,,,,
1999-03-11 00:00:00-05:00,,,,,,
1999-03-12 00:00:00-05:00,,,,,,
1999-03-15 00:00:00-05:00,,,,,,
1999-03-16 00:00:00-05:00,,,,,,
1999-03-17 00:00:00-05:00,,,,,,
1999-03-18 00:00:00-05:00,,,,,,
1999-03-19 00:00:00-05:00,,,,,,
1999-03-22 00:00:00-05:00,,,,,,
1999-03-23 00:00:00-05:00,,,,,,
1999-03-24 00:00:00-05:00,,,,,,
1999-03-25 00:00:00-05:00,,,,,,
1999-03-26 00:00:00-05:00,,,,,,
1999-03-29 00:00:00-05:00,,,,,,
1999-03-30 00:00:00-05:00,,,,,,
1999-03-31 00:00:00-05:00,,,,,,
1999-04-01 00:00:00-05:00,,,,,,
1999-04-05 00:00:00-04:00,,,,,,
1999-04-06 00:00:00-04:00,,,,,,
1999-04-07 00:00:00-04:00,,,,,,
1999-04-08 00:00:00-04:00,,,,,,
1999-04-09 00:00:00-04:00,,,,,,
1999-04-12 00:00:00-04:00,,,,,,
1999-04-13 00:00:00-04:00,,,,,,
1999-04-14 00:00:00-04:00,,,,,,
1999-04-15 00:00:00-04:00,,,,,,
1999-04-16 00:00:00-04:00,,,,,,
1999-04-19 00:00:00-04:00,,,,,,
1999-04-20 00:00:00-04:00,,,,,,
1999-04-21 00:00:00-04:00,,,,,,
1999-04-22 00:00:00-04:00,,,,,,
1999-04-23 00:00:00-04:00,,,,,,
1999-04-26 00:00:00-04:00,,,,,,
1999-04-27 00:00:00-04:00,,,,,,
1999-04-28 00:00:00-04:00,,,,,,
1999-04-29 00:00:00-04:00,,,,,,
1999-04-30 00:00:00-04:00,,,,,,
1999-05-03 00:00:00-04:00,,,,,,
1999-05-04 00:00:00-04:00,,,,,,
1999-05-05 00:00:00-04:00,,,,,,
1999-05-06 00:00:00-04:00,,,,,,
1999-05-07 00:00:00-04:00,,,,,,
1999-05-10 00:00:00-04:00,,,,,,
1999-05-11 00:00:00-04:00,,,,,,
1999-05-12 00:00:00-04:00,,,,,,
1999-05-13 00:00:00-04:00,,,,,,
1999-05-14 00:00:00-04:00,,,,,,
1999-05-17 00:00:00-04:00,,,,,,
1999-05-18 00:00:00-04:00,,,,,,
1999-05-19 00:00:00-04:00,,,,,,
1999-05-20 00:00:00-04:00,,,,,,
1999-05-21 00:00:00-04:00,,,,,,
1999-05-24 00:00:00-04:00,,,,,,
1999-05-25 00:00:00-04:00,,,,,,
1999-05-26 00:00:00-04:00,,,,,,
1999-05-27 00:00:00-04:00,,,,,,
1999-05-28 00:00:00-04:00,,,,,,
1999-06-01 00:00:00-04:00,,,,,,
1999-06-02 00:00:00-04:00,,,,,,
1999-06-03 00:00:00-04:00,,,,,,
1999-06-04 00:00:00-04:00,,,,,,
1999-06-07 00:00:00-04:00,,,,,,
1999-06-08 00:00:00-04:00,,,,,,
1999-06-09 00:00:00-04:00,,,,,,
1999-06-10 00:00:00-04:00,,,,,,
1999-06-11 00:00:00-04:00,,,,,,
1999-06-14 00:00:00-04:00,,,,,,
1999-06-15 00:00:00-04:00,,,,,,
1999-06-16 00:00:00-04:00,,,,,,
1999-06-17 00:00:00-04:00,,,,,,
1999-06-18 00:00:00-04:00,,,,,,
1999-06-21 00:00:00-04:00,,,,,,
1999-06-22 00:00:00-04:00,,,,,,
1999-06-23 00:00:00-04:00,,,,,,
1999-06-24 00:00:00-04:00,,,,,,
1999-06-25 00:00:00-04:00,,,,,,
1999-06-28 00:00:00-04:00,,,,,,
1999-06-29 00:00:00-04:00,,,,,,
1999-06-30 00:00:00-04:00,,,,,,
1999-07-01 00:00:00-04:00,,,,,,
1999-07-02 00:00:00-04:00,,,,,,
1999-07-06 00:00:00-04:00,,,,,,
1999-07-07 00:00:00-04:00,,,,,,
1999-07-08 00:00:00-04:00,,,,,,
1999-07-09 00:00:00-04:00,,,,,,
1999-07-12 00:00:00-04:00,,,,,,
1999-07-13 00:00:00-04:00,,,,,,
1999-07-14 00:00:00-04:00,,,,,,
1999-07-15 00:00:00-04:00,,,,,,
1999-07-16 00:00:00-04:00,,,,,,
1999-07-19 00:00:00-04:00,,,,,,
1999-07-20 00:00:00-04:00,,,,,,
1999-07-21 00:00:00-04:00,,,,,,
1999-07-22 00:00:00-04:00,,,,,,
1999-07-23 00:00:00-04:00,,,,,,
1999-07-26 00:00:00-04:00,,,,,,
1999-07-27 00:00:00-04:00,,,,,,
1999-07-28 00:00:00-04:00,,,,,,
1999-07-29 00:00:00-04:00,,,,,,
1999-07-30 00:00:00-04:00,,,,,,
1999-08-02 00:00:00-04:00,,,,,,
1999-08-03 00:00:00-04:00,,,,,,
1999-08-04 00:00:00-04:00,,,,,,
1999-08-05 00:00:00-04:00,,,,,,
1999-08-06 00:00:00-04:00,,,,,,
1999-08-09 00:00:00-04:00,,,,,,
1999-08-10 00:00:00-04:00,,,,,,
1999-08-11 00:00:00-04:00,,,,,,
1999-08-12 00:00:00-04:00,,,,,,
1999-08-13 00:00:00-04:00,,,,,,
1999-08-16 00:00:00-04:00,,,,,,
1999-08-17 00:00:00-04:00,,,,,,
1999-08-18 00:00:00-04:00,,,,,,
1999-08-19 00:00:00-04:00,,,,,,
1999-08-20 00:00:00-04:00,,,,,,
1999-08-23 00:00:00-04:00,,,,,,
1999-08-24 00:00:00-04:00,,,,,,
1999-08-25 00:00:00-04:00,,,,,,
1999-08-26 00:00:00-04:00,,,,,,
1999-08-27 00:00:00-04:00,,,,,,
1999-08-30 00:00:00-04:00,,,,,,
1999-08-31 00:00:00-04:00,,,,,,
1999-09-01 00:00:00-04:00,,,,,,
1999-09-02 00:00:00-04:00,,,,,,
1999-09-03 00:00:00-04:00,,,,,,
1999-09-07 00:00:00-04:00,,,,,,
1999-09-08 00:00:00-04:00,,,,,,
1999-09-09 00:00:00-04:00,,,,,,
1999-09-10 00:00:00-04:00,,,,,,
1999-09-13 00:00:00-04:00,,,,,,
1999-09-14 00:00:00-04:00,,,,,,
1999-09-15 00:00:00-04:00,,,,,,
1999-09-16 00:00:00-04:00,,,,,,
1999-09-17 00:00:00-04:00,,,,,,
1999-09-20 00:00:00-04:00,,,,,,
1999-09-21 00:00:00-04:00,,,,,,
1999-09-22 00:00:00-04:00,,,,,,
1999-09-23 00:00:00-04:00,,,,,,
1999-09-24 00:00:00-04:00,,,,,,
1999-09-27 00:00:00-04:00,,,,,,
1999-09-28 00:00:00-04:00,,,,,,
1999-09-29 00:00:00-04:00,,,,,,
1999-09-30 00:00:00-04:00,,,,,,
1999-10-01 00:00:00-04:00,,,,,,
1999-10-04 00:00:00-04:00,,,,,,
1999-10-05 00:00:00-04:00,,,,,,
1999-10-06 00:00:00-04:00,,,,,,
1999-10-07 00:00:00-04:00,,,,,,
1999-10-08 00:00:00-04:00,,,,,,
1999-10-11 00:00:00-04:00,,,,,,
1999-10-12 00:00:00-04:00,,,,,,
1999-10-13 00:00:00-04:00,,,,,,
1999-10-14 00:00:00-04:00,,,,,,
1999-10-15 00:00:00-04:00,,,,,,
1999-10-18 00:00:00-04:00,,,,,,
1999-10-19 00:00:00-04:00,,,,,,
1999-10-20 00:00:00-04:00,,,,,,
1999-10-21 00:00:00-04:00,,,,,,
1999-10-22 00:00:00-04:00,,,,,,
1999-10-25 00:00:00-04:00,,,,,,
1999-10-26 00:00:00-04:00,,,,,,
1999-10-27 00:00:00-04:00,,,,,,
1999-10-28 00:00:00-04:00,,,,,,
1999-10-29 00:00:00-04:00,,,,,,
1999-11-01 00:00:00-05:00,,,,,,
1999-11-02 00:00:00-05:00,,,,,,
1999-11-03 00:00:00-05:00,,,,,,
1999-11-04 00:00:00-05:00,,,,,,
1999-11-05 00:00:00-05:00,,,,,,
1999-11-08 00:00:00-05:00,,,,,,
1999-11-09 00:00:00-05:00,,,,,,
1999-11-10 00:00:00-05:00,,,,,,
1999-11-11 00:00:00-05:00,,,,,,
1999-11-12 00:00:00-05:00,,,,,,
1999-11-15 00:00:00-05:00,,,,,,
1999-11-16 00:00:00-05:00,,,,,,
1999-11-17 00:00:00-05:00,,,,,,
1999-11-18 00:00:00-05:00,,,,,,
1999-11-19 00:00:00-05:00,,,,,,
1999-11-22 00:00:00-05:00,,,,,,
1999-11-23 00:00:00-05:00,,,,,,
1999-11-24 00:00:00-05:00,,,,,,
1999-11-26 00:00:00-05:00,,,,,,
1999-11-29 00:00:00-05:00,,,,,,
1999-11-30 00:00:00-05:00,,,,,,
1999-12-01 00:00:00-05:00,,,,,,
1999-12-02 00:00:00-05:00,,,,,,
1999-12-03 00:00:00-05:00,,,,,,
1999-12-06 00:00:00-05:00,,,,,,
1999-12-07 00:00:00-05:00,,,,,,
1999-12-08 00:00:00-05:00,,,,,,
1999-12-09 00:00:00-05:00,,,,,,
1999-12-10 00:00:00-05:00,,,,,,
1999-12-13 00:00:00-05:00,,,,,,
1999-12-14 00:00:00-05:00,,,,,,
1999-12-15 00:00:00-05:00,,,,,,
1999-12-16 00:00:00-05:00,,,,,,
1999-12-17 00:00:00-05:00,,,,,,
1999-12-20 00:00:00-05:00,,,,,,
1999-12-21 00:00:00-05:00,,,,,,
1999-12-22 00:00:00-05:00,,,,,,
1999-12-23 00:00:00-05:00,,,,,,
1999-12-27 00:00:00-05:00,,,,,,
1999-12-28 00:00:00-05:00,,,,,,
1999-12-29 00:00:00-05:00,,,,,,
1999-12-30 00:00:00-05:00,,,,,,
1999-12-31 00:00:00-05:00,,,,,,
2000-01-03 00:00:00-05:00,,,,,,
2000-01-04 00:00:00-05:00,,,,,,
2000-01-05 00:00:00-05:00,,,,,,
2000-01-06 00:00:00-05:00,,,,,,
2000-01-07 00:00:00-05:00,,,,,,
2000-01-10 00:00:00-05:00,,,,,,
2000-01-11 00:00:00-05:00,,,,,,
2000-01-12 00:00:00-05:00,,,,,,
2000-01-13 00:00:00-05:00,,,,,,
2000-01-14 00:00:00-05:00,,,,,,
2000-01-18 00:00:00-05:00,,,,,,
2000-01-19 00:00:00-05:00,,,,,,
2000-01-20 00:00:00-05:00,,,,,,
2000-01-21 00:00:00-05:00,,,,,,
2000-01-24 00:00:00-05:00,,,,,,
2000-01-25 00:00:00-05:00,,,,,,
2000-01-26 00:00:00-05:00,,,,,,
2000-01-27 00:00:00-05:00,,,,,,
2000-01-28 00:00:00-05:00,,,,,,
2000-01-31 00:00:00-05:00,,,,,,
2000-02-01 00:00:00-05:00,,,,,,
2000-02-02 00:00:00-05:00,,,,,,
2000-02-03 00:00:00-05:00,,,,,,
2000-02-04 00:00:00-05:00,,,,,,
2000-02-07 00:00:00-05:00,,,,,,
2000-02-08 00:00:00-05:00,,,,,,
2000-02-09 00:00:00-05:00,,,,,,
2000-02-10 00:00:00-05:00,,,,,,
2000-02-11 00:00:00-05:00,,,,,,
2000-02-14 00:00:00-05:00,,,,,,
2000-02-15 00:00:00-05:00,,,,,,
2000-02-16 00:00:00-05:00,,,,,,
2000-02-17 00:00:00-05:00,,,,,,
2000-02-18 00:00:00-05:00,,,,,,
2000-02-22 00:00:00-05:00,,,,,,
2000-02-23 00:00:00-05:00,,,,,,
2000-02-24 00:00:00-05:00,,,,,,
2000-02-25 00:00:00-05:00,,,,,,
2000-02-28 00:00:00-05:00,,,,,,
2000-02-29 00:00:00-05:00,,,,,,
2000-03-01 00:00:00-05:00,,,,,,
2000-03-02 00:00:00-05:00,,,,,,
2000-03-03 00:00:00-05:00,,,,,,
2000-03-06 00:00:00-05:00,,,,,,
2000-03-07 00:00:00-05:00,,,,,,
2000-03-08 00:00:00-05:00,,,,,,
2000-03-09 00:00:00-05:00,,,,,,
2000-03-10 00:00:00-05:00,,,,,,
2000-03-13 00:00:00-05:00,,,,,,
2000-03-14 00:00:00-05:00,,,,,,
2000-03-15 00:00:00-05:00,,,,,,
2000-03-16 00:00:00-05:00,,,,,,
2000-03-17 00:00:00-05:00,,,,,,
2000-03-20 00:00:00-05:00,,,,,,
2000-03-21 00:00:00-05:00,,,,,,
2000-03-22 00:00:00-05:00,,,,,,
2000-03-23 00:00:00-05:00,,,,,,
2000-03-24 00:00:00-05:00,,,,,,
2000-03-27 00:00:00-05:00,,,,,,
2000-03-28 00:00:00-05:00,,,,,,
2000-03-29 00:00:00-05:00,,,,,,
2000-03-30 00:00:00-05:00,,,,,,
2000-03-31 00:00:00-05:00,,,,,,
2000-04-03 00:00:00-04:00,,,,,,
2000-04-04 00:00:00-04:00,,,,,,
2000-04-05 00:00:00-04:00,,,,,,
2000-04-06 00:00:00-04:00,,,,,,
2000-04-07 00:00:00-04:00,,,,,,
2000-04-10 00:00:00-04:00,,,,,,
2000-04-11 00:00:00-04:00,,,,,,
2000-04-12 00:00:00-04:00,,,,,,
2000-04-13 00:00:00-04:00,,,,,,
2000-04-14 00:00:00-04:00,,,,,,
2000-04-17 00:00:00-04:00,,,,,,
2000-04-18 00:00:00-04:00,,,,,,
2000-04-19 00:00:00-04:00,,,,,,
2000-04-20 00:00:00-04:00,,,,,,
2000-04-24 00:00:00-04:00,,,,,,
2000-04-25 00:00:00-04:00,,,,,,
2000-04-26 00:00:00-04:00,,,,,,
2000-04-27 00:00:00-04:00,,,,,,
2000-04-28 00:00:00-04:00,,,,,,
2000-05-01 00:00:00-04:00,,,,,,
2000-05-02 00:00:00-04:00,,,,,,
2000-05-03 00:00:00-04:00,,,,,,
2000-05-04 00:00:00-04:00,,,,,,
2000-05-05 00:00:00-04:00,,,,,,
2000-05-08 00:00:00-04:00,,,,,,
2000-05-09 00:00:00-04:00,,,,,,
2000-05-10 00:00:00-04:00,,,,,,
2000-05-11 00:00:00-04:00,,,,,,
2000-05-12 00:00:00-04:00,,,,,,
2000-05-15 00:00:00-04:00,,,,,,
2000-05-16 00:00:00-04:00,,,,,,
2000-05-17 00:00:00-04:00,,,,,,
2000-05-18 00:00:00-04:00,,,,,,
2000-05-19 00:00:00-04:00,,,,,,
2000-05-22 00:00:00-04:00,,,,,,
2000-05-23 00:00:00-04:00,,,,,,
2000-05-24 00:00:00-04:00,,,,,,
2000-05-25 00:00:00-04:00,,,,,,
2000-05-26 00:00:00-04:00,,,,,,
2000-05-30 00:00:00-04:00,,,,,,
2000-05-31 00:00:00-04:00,,,,,,
2000-06-01 00:00:00-04:00,,,,,,
2000-06-02 00:00:00-04:00,,,,,,
2000-06-05 00:00:00-04:00,,,,,,
2000-06-06 00:00:00-04:00,,,,,,
2000-06-07 00:00:00-04:00,,,,,,
2000-06-08 00:00:00-04:00,,,,,,
2000-06-09 00:00:00-04:00,,,,,,
2000-06-12 00:00:00-04:00,,,,,,
2000-06-13 00:00:00-04:00,,,,,,
2000-06-14 00:00:00-04:00,,,,,,
2000-06-15 00:00:00-04:00,,,,,,
2000-06-16 00:00:00-04:00,,,,,,
2000-06-19 00:00:00-04:00,,,,,,
2000-06-20 00:00:00-04:00,,,,,,
2000-06-21 00:00:00-04:00,,,,,,
2000-06-22 00:00:00-04:00,,,,,,
2000-06-23 00:00:00-04:00,,,,,,
2000-06-26 00:00:00-04:00,,,,,,
2000-06-27 00:00:00-04:00,,,,,,
2000-06-28 00:00:00-04:00,,,,,,
2000-06-29 00:00:00-04:00,,,,,,
2000-06-30 00:00:00-04:00,,,,,,
2000-07-03 00:00:00-04:00,,,,,,
2000-07-05 00:00:00-04:00,,,,,,
2000-07-06 00:00:00-04:00,,,,,,
2000-07-07 00:00:00-04:00,,,,,,
2000-07-10 00:00:00-04:00,,,,,,
2000-07-11 00:00:00-04:00,,,,,,
2000-07-12 00:00:00-04:00,,,,,,
2000-07-13 00:00:00-04:00,,,,,,
2000-07-14 00:00:00-04:00,,,,,,
2000-07-17 00:00:00-04:00,,,,,,
2000-07-18 00:00:00-04:00,,,,,,
2000-07-19 00:00:00-04:00,,,,,,
2000-07-20 00:00:00-04:00,,,,,,
2000-07-21 00:00:00-04:00,,,,,,
2000-07-24 00:00:00-04:00,,,,,,
2000-07-25 00:00:00-04:00,,,,,,
2000-07-26 00:00:00-04:00,,,,,,
2000-07-27 00:00:00-04:00,,,,,,
2000-07-28 00:00:00-04:00,,,,,,
2000-07-31 00:00:00-04:00,,,,,,
2000-08-01 00:00:00-04:00,,,,,,
2000-08-02 00:00:00-04:00,,,,,,
2000-08-03 00:00:00-04:00,,,,,,
2000-08-04 00:00:00-04:00,,,,,,
2000-08-07 00:00:00-04:00,,,,,,
2000-08-08 00:00:00-04:00,,,,,,
2000-08-09 00:00:00-04:00,,,,,,
2000-08-10 00:00:00-04:00,,,,,,
2000-08-11 00:00:00-04:00,,,,,,
2000-08-14 00:00:00-04:00,,,,,,
2000-08-15 00:00:00-04:00,,,,,,
2000-08-16 00:00:00-04:00,,,,,,
2000-08-17 00:00:00-04:00,,,,,,
2000-08-18 00:00:00-04:00,,,,,,
2000-08-21 00:00:00-04:00,,,,,,
2000-08-22 00:00:00-04:00,,,,,,
2000-08-23 00:00:00-04:00,,,,,,
2000-08-24 00:00:00-04:00,,,,,,
2000-08-25 00:00:00-04:00,,,,,,
2000-08-28 00:00:00-04:00,,,,,,
2000-08-29 00:00:00-04:00,,,,,,
2000-08-30 00:00:00-04:00,,,,,,
2000-08-31 00:00:00-04:00,,,,,,
2000-09-01 00:00:00-04:00,,,,,,
2000-09-05 00:00:00-04:00,,,,,,
2000-09-06 00:00:00-04:00,,,,,,
2000-09-07 00:00:00-04:00,,,,,,
2000-09-08 00:00:00-04:00,,,,,,
2000-09-11 00:00:00-04:00,,,,,,
2000-09-12 00:00:00-04:00,,,,,,
2000-09-13 00:00:00-04:00,,,,,,
2000-09-14 00:00:00-04:00,,,,,,
2000-09-15 00:00:00-04:00,,,,,,
2000-09-18 00:00:00-04:00,,,,,,
2000-09-19 00:00:00-04:00,,,,,,
2000-09-20 00:00:00-04:00,,,,,,
2000-09-21 00:00:00-04:00,,,,,,
2000-09-22 00:00:00-04:00,,,,,,
2000-09-25 00:00:00-04:00,,,,,,
2000-09-26 00:00:00-04:00,,,,,,
2000-09-27 00:00:00-04:00,,,,,,
2000-09-28 00:00:00-04:00,,,,,,
2000-09-29 00:00:00-04:00,,,,,,
2000-10-02 00:00:00-04:00,,,,,,
2000-10-03 00:00:00-04:00,,,,,,
2000-10-04 00:00:00-04:00,,,,,,
2000-10-05 00:00:00-04:00,,,,,,
2000-10-06 00:00:00-04:00,,,,,,
2000-10-09 00:00:00-04:00,,,,,,
2000-10-10 00:00:00-04:00,,,,,,
2000-10-11 00:00:00-04:00,,,,,,
2000-10-12 00:00:00-04:00,,,,,,
2000-10-13 00:00:00-04:00,,,,,,
2000-10-16 00:00:00-04:00,,,,,,
2000-10-17 00:00:00-04:00,,,,,,
2000-10-18 00:00:00-04:00,,,,,,
2000-10-19 00:00:00-04:00,,,,,,
2000-10-20 00:00:00-04:00,,,,,,
2000-10-23 00:00:00-04:00,,,,,,
2000-10-24 00:00:00-04:00,,,,,,
2000-10-25 00:00:00-04:00,,,,,,
2000-10-26 00:00:00-04:00,,,,,,
2000-10-27 00:00:00-04:00,,,,,,
2000-10-30 00:00:00-05:00,,,,,,
2000-10-31 00:00:00-05:00,,,,,,
2000-11-01 00:00:00-05:00,,,,,,
2000-11-02 00:00:00-05:00,,,,,,
2000-11-03 00:00:00-05:00,,,,,,
2000-11-06 00:00:00-05:00,,,,,,
2000-11-07 00:00:00-05:00,,,,,,
2000-11-08 00:00:00-05:00,,,,,,
2000-11-09 00:00:00-05:00,,,,,,
2000-11-10 00:00:00-05:00,,,,,,
2000-11-13 00:00:00-05:00,,,,,,
2000-11-14 00:00:00-05:00,,,,,,
2000-11-15 00:00:00-05:00,,,,,,
2000-11-16 00:00:00-05:00,,,,,,
2000-11-17 00:00:00-05:00,,,,,,
2000-11-20 00:00:00-05:00,,,,,,
2000-11-21 00:00:00-05:00,,,,,,
2000-11-22 00:00:00-05:00,,,,,,
2000-11-24 00:00:00-05:00,,,,,,
2000-11-27 00:00:00-05:00,,,,,,
2000-11-28 00:00:00-05:00,,,,,,
2000-11-29 00:00:00-05:00,,,,,,
2000-11-30 00:00:00-05:00,,,,,,
2000-12-01 00:00:00-05:00,,,,,,
2000-12-04 00:00:00-05:00,,,,,,
2000-12-05 00:00:00-05:00,,,,,,
2000-12-06 00:00:00-05:00,,,,,,
2000-12-07 00:00:00-05:00,,,,,,
2000-12-08 00:00:00-05:00,,,,,,
2000-12-11 00:00:00-05:00,,,,,,
2000-12-12 00:00:00-05:00,,,,,,
2000-12-13 00:00:00-05:00,,,,,,
2000-12-14 00:00:00-05:00,,,,,,
2000-12-15 00:00:00-05:00,,,,,,
2000-12-18 00:00:00-05:00,,,,,,
2000-12-19 00:00:00-05:00,,,,,,
2000-12-20 00:00:00-05:00,,,,,,
2000-12-21 00:00:00-05:00,,,,,,
2000-12-22 00:00:00-05:00,,,,,,
2000-12-26 00:00:00-05:00,,,,,,
2000-12-27 00:00:00-05:00,,,,,,
2000-12-28 00:00:00-05:00,,,,,,
2000-12-29 00:00:00-05:00,,,,,,
2001-01-02 00:00:00-05:00,,,,,,
2001-01-03 00:00:00-05:00,,,,,,
2001-01-04 00:00:00-05:00,,,,,,
2001-01-05 00:00:00-05:00,,,,,,
2001-01-08 00:00:00-05:00,,,,,,
2001-01-09 00:00:00-05:00,,,,,,
2001-01-10 00:00:00-05:00,,,,,,
2001-01-11 00:00:00-05:00,,,,,,
2001-01-12 00:00:00-05:00,,,,,,
2001-01-16 00:00:00-05:00,,,,,,
2001-01-17 00:00:00-05:00,,,,,,
2001-01-18 00:00:00-05:00,,,,,,
2001-01-19 00:00:00-05:00,,,,,,
2001-01-22 00:00:00-05:00,,,,,,
2001-01-23 00:00:00-05:00,,,,,,
2001-01-24 00:00:00-05:00,,,,,,
2001-01-25 00:00:00-05:00,,,,,,
2001-01-26 00:00:00-05:00,,,,,,
2001-01-29 00:00:00-05:00,,,,,,
2001-01-30 00:00:00-05:00,,,,,,
2001-01-31 00:00:00-05:00,,,,,,
2001-02-01 00:00:00-05:00,,,,,,
2001-02-02 00:00:00-05:00,,,,,,
2001-02-05 00:00:00-05:00,,,,,,
2001-02-06 00:00:00-05:00,,,,,,
2001-02-07 00:00:00-05:00,,,,,,
2001-02-08 00:00:00-05:00,,,,,,
2001-02-09 00:00:00-05:00,,,,,,
2001-02-12 00:00:00-05:00,,,,,,
2001-02-13 00:00:00-05:00,,,,,,
2001-02-14 00:00:00-05:00,,,,,,
2001-02-15 00:00:00-05:00,,,,,,
2001-02-16 00:00:00-05:00,,,,,,
2001-02-20 00:00:00-05:00,,,,,,
2001-02-21 00:00:00-05:00,,,,,,
2001-02-22 00:00:00-05:00,,,,,,
2001-02-23 00:00:00-05:00,,,,,,
2001-02-26 00:00:00-05:00,,,,,,
2001-02-27 00:00:00-05:00,,,,,,
2001-02-28 00:00:00-05:00,,,,,,
2001-03-01 00:00:00-05:00,,,,,,
2001-03-02 00:00:00-05:00,,,,,,
2001-03-05 00:00:00-05:00,,,,,,
2001-03-06 00:00:00-05:00,,,,,,
2001-03-07 00:00:00-05:00,,,,,,
2001-03-08 00:00:00-05:00,,,,,,
2001-03-09 00:00:00-05:00,,,,,,
2001-03-12 00:00:00-05:00,,,,,,
2001-03-13 00:00:00-05:00,,,,,,
2001-03-14 00:00:00-05:00,,,,,,
2001-03-15 00:00:00-05:00,,,,,,
2001-03-16 00:00:00-05:00,,,,,,
2001-03-19 00:00:00-05:00,,,,,,
2001-03-20 00:00:00-05:00,,,,,,
2001-03-21 00:00:00-05:00,,,,,,
2001-03-22 00:00:00-05:00,,,,,,
2001-03-23 00:00:00-05:00,,,,,,
2001-03-26 00:00:00-05:00,,,,,,
2001-03-27 00:00:00-05:00,,,,,,
2001-03-28 00:00:00-05:00,,,,,,
2001-03-29 00:00:00-05:00,,,,,,
2001-03-30 00:00:00-05:00,,,,,,
2001-04-02 00:00:00-04:00,,,,,,
2001-04-03 00:00:00-04:00,,,,,,
2001-04-04 00:00:00-04:00,,,,,,
2001-04-05 00:00:00-04:00,,,,,,
2001-04-06 00:00:00-04:00,,,,,,
2001-04-09 00:00:00-04:00,,,,,,
2001-04-10 00:00:00-04:00,,,,,,
2001-04-11 00:00:00-04:00,,,,,,
2001-04-12 00:00:00-04:00,,,,,,
2001-04-16 00:00:00-04:00,,,,,,
2001-04-17 00:00:00-04:00,,,,,,
2001-04-18 00:00:00-04:00,,,,,,
2001-04-19 00:00:00-04:00,,,,,,
2001-04-20 00:00:00-04:00,,,,,,
2001-04-23 00:00:00-04:00,,,,,,
2001-04-24 00:00:00-04:00,,,,,,
2001-04-25 00:00:00-04:00,,,,,,
2001-04-26 00:00:00-04:00,,,,,,
2001-04-27 00:00:00-04:00,,,,,,
2001-04-30 00:00:00-04:00,,,,,,
2001-05-01 00:00:00-04:00,,,,,,
2001-05-02 00:00:00-04:00,,,,,,
2001-05-03 00:00:00-04:00,,,,,,
2001-05-04 00:00:00-04:00,,,,,,
2001-05-07 00:00:00-04:00,,,,,,
2001-05-08 00:00:00-04:00,,,,,,
2001-05-09 00:00:00-04:00,,,,,,
2001-05-10 00:00:00-04:00,,,,,,
2001-05-11 00:00:00-04:00,,,,,,
2001-05-14 00:00:00-04:00,,,,,,
2001-05-15 00:00:00-04:00,,,,,,
2001-05-16 00:00:00-04:00,,,,,,
2001-05-17 00:00:00-04:00,,,,,,
2001-05-18 00:00:00-04:00,,,,,,
2001-05-21 00:00:00-04:00,,,,,,
2001-05-22 00:00:00-04:00,,,,,,
2001-05-23 00:00:00-04:00,,,,,,
2001-05-24 00:00:00-04:00,,,,,,
2001-05-25 00:00:00-04:00,,,,,,
2001-05-29 00:00:00-04:00,,,,,,
2001-05-30 00:00:00-04:00,,,,,,
2001-05-31 00:00:00-04:00,,,,,,
2001-06-01 00:00:00-04:00,,,,,,
2001-06-04 00:00:00-04:00,,,,,,
2001-06-05 00:00:00-04:00,,,,,,
2001-06-06 00:00:00-04:00,,,,,,
2001-06-07 00:00:00-04:00,,,,,,
2001-06-08 00:00:00-04:00,,,,,,
2001-06-11 00:00:00-04:00,,,,,,
2001-06-12 00:00:00-04:00,,,,,,
2001-06-13 00:00:00-04:00,,,,,,
2001-06-14 00:00:00-04:00,,,,,,
2001-06-15 00:00:00-04:00,,,,,,
2001-06-18 00:00:00-04:00,,,,,,
2001-06-19 00:00:00-04:00,,,,,,
2001-06-20 00:00:00-04:00,,,,,,
2001-06-21 00:00:00-04:00,,,,,,
2001-06-22 00:00:00-04:00,,,,,,
2001-06-25 00:00:00-04:00,,,,,,
2001-06-26 00:00:00-04:00,,,,,,
2001-06-27 00:00:00-04:00,,,,,,
2001-06-28 00:00:00-04:00,,,,,,
2001-06-29 00:00:00-04:00,,,,,,
2001-07-02 00:00:00-04:00,,,,,,
2001-07-03 00:00:00-04:00,,,,,,
2001-07-05 00:00:00-04:00,,,,,,
2001-07-06 00:00:00-04:00,,,,,,
2001-07-09 00:00:00-04:00,,,,,,
2001-07-10 00:00:00-04:00,,,,,,
2001-07-11 00:00:00-04:00,,,,,,
2001-07-12 00:00:00-04:00,,,,,,
2001-07-13 00:00:00-04:00,,,,,,
2001-07-16 00:00:00-04:00,,,,,,
2001-07-17 00:00:00-04:00,,,,,,
2001-07-18 00:00:00-04:00,,,,,,
2001-07-19 00:00:00-04:00,,,,,,
2001-07-20 00:00:00-04:00,,,,,,
2001-07-23 00:00:00-04:00,,,,,,
2001-07-24 00:00:00-04:00,,,,,,
2001-07-25 00:00:00-04:00,,,,,,
2001-07-26 00:00:00-04:00,,,,,,
2001-07-27 00:00:00-04:00,,,,,,
2001-07-30 00:00:00-04:00,,,,,,
2001-07-31 00:00:00-04:00,,,,,,
2001-08-01 00:00:00-04:00,,,,,,
2001-08-02 00:00:00-04:00,,,,,,
2001-08-03 00:00:00-04:00,,,,,,
2001-08-06 00:00:00-04:00,,,,,,
2001-08-07 00:00:00-04:00,,,,,,
2001-08-08 00:00:00-04:00,,,,,,
2001-08-09 00:00:00-04:00,,,,,,
2001-08-10 00:00:00-04:00,,,,,,
2001-08-13 00:00:00-04:00,,,,,,
2001-08-14 00:00:00-04:00,,,,,,
2001-08-15 00:00:00-04:00,,,,,,
2001-08-16 00:00:00-04:00,,,,,,
2001-08-17 00:00:00-04:00,,,,,,
2001-08-20 00:00:00-04:00,,,,,,
2001-08-21 00:00:00-04:00,,,,,,
2001-08-22 00:00:00-04:00,,,,,,
2001-08-23 00:00:00-04:00,,,,,,
2001-08-24 00:00:00-04:00,,,,,,
2001-08-27 00:00:00-04:00,,,,,,
2001-08-28 00:00:00-04:00,,,,,,
2001-08-29 00:00:00-04:00,,,,,,
2001-08-30 00:00:00-04:00,,,,,,
2001-08-31 00:00:00-04:00,,,,,,
2001-09-04 00:00:00-04:00,,,,,,
2001-09-05 00:00:00-04:00,,,,,,
2001-09-06 00:00:00-04:00,,,,,,
2001-09-07 00:00:00-04:00,,,,,,
2001-09-10 00:00:00-04:00,,,,,,
2001-09-17 00:00:00-04:00,,,,,,
2001-09-18 00:00:00-04:00,,,,,,
2001-09-19 00:00:00-04:00,,,,,,
2001-09-20 00:00:00-04:00,,,,,,
2001-09-21 00:00:00-04:00,,,,,,
2001-09-24 00:00:00-04:00,,,,,,
2001-09-25 00:00:00-04:00,,,,,,
2001-09-26 00:00:00-04:00,,,,,,
2001-09-27 00:00:00-04:00,,,,,,
2001-09-28 00:00:00-04:00,,,,,,
2001-10-01 00:00:00-04:00,,,,,,
2001-10-02 00:00:00-04:00,,,,,,
2001-10-03 00:00:00-04:00,,,,,,
2001-10-04 00:00:00-04:00,,,,,,
2001-10-05 00:00:00-04:00,,,,,,
2001-10-08 00:00:00-04:00,,,,,,
2001-10-09 00:00:00-04:00,,,,,,
2001-10-10 00:00:00-04:00,,,,,,
2001-10-11 00:00:00-04:00,,,,,,
2001-10-12 00:00:00-04:00,,,,,,
2001-10-15 00:00:00-04:00,,,,,,
2001-10-16 00:00:00-04:00,,,,,,
2001-10-17 00:00:00-04:00,,,,,,
2001-10-18 00:00:00-04:00,,,,,,
2001-10-19 00:00:00-04:00,,,,,,
2001-10-22 00:00:00-04:00,,,,,,
2001-10-23 00:00:00-04:00,,,,,,
2001-10-24 00:00:00-04:00,,,,,,
2001-10-25 00:00:00-04:00,,,,,,
2001-10-26 00:00:00-04:00,,,,,,
2001-10-29 00:00:00-05:00,,,,,,
2001-10-30 00:00:00-05:00,,,,,,
2001-10-31 00:00:00-05:00,,,,,,
2001-11-01 00:00:00-05:00,,,,,,
2001-11-02 00:00:00-05:00,,,,,,
2001-11-05 00:00:00-05:00,,,,,,
2001-11-06 00:00:00-05:00,,,,,,
2001-11-07 00:00:00-05:00,,,,,,
2001-11-08 00:00:00-05:00,,,,,,
2001-11-09 00:00:00-05:00,,,,,,
2001-11-12 00:00:00-05:00,,,,,,
2001-11-13 00:00:00-05:00,,,,,,
2001-11-14 00:00:00-05:00,,,,,,
2001-11-15 00:00:00-05:00,,,,,,
2001-11-16 00:00:00-05:00,,,,,,
2001-11-19 00:00:00-05:00,,,,,,
2001-11-20 00:00:00-05:00,,,,,,
2001-11-21 00:00:00-05:00,,,,,,
2001-11-23 00:00:00-05:00,,,,,,
2001-11-26 00:00:00-05:00,,,,,,
2001-11-27 00:00:00-05:00,,,,,,
2001-11-28 00:00:00-05:00,,,,,,
2001-11-29 00:00:00-05:00,,,,,,
2001-11-30 00:00:00-05:00,,,,,,
2001-12-03 00:00:00-05:00,,,,,,
2001-12-04 00:00:00-05:00,,,,,,
2001-12-05 00:00:00-05:00,,,,,,
2001-12-06 00:00:00-05:00,,,,,,
2001-12-07 00:00:00-05:00,,,,,,
2001-12-10 00:00:00-05:00,,,,,,
2001-12-11 00:00:00-05:00,,,,,,
2001-12-12 00:00:00-05:00,,,,,,
2001-12-13 00:00:00-05:00,,,,,,
2001-12-14 00:00:00-05:00,,,,,,
2001-12-17 00:00:00-05:00,,,,,,
2001-12-18 00:00:00-05:00,,,,,,
2001-12-19 00:00:00-05:00,,,,,,
2001-12-20 00:00:00-05:00,,,,,,
2001-12-21 00:00:00-05:00,,,,,,
2001-12-24 00:00:00-05:00,,,,,,
2001-12-26 00:00:00-05:00,,,,,,
2001-12-27 00:00:00-05:00,,,,,,
2001-12-28 00:00:00-05:00,,,,,,
2001-12-31 00:00:00-05:00,,,,,,
2002-01-02 00:00:00-05:00,,,,,,
2002-01-03 00:00:00-05:00,,,,,,
2002-01-04 00:00:00-05:00,,,,,,
2002-01-07 00:00:00-05:00,,,,,,
2002-01-08 00:00:00-05:00,,,,,,
2002-01-09 00:00:00-05:00,,,,,,
2002-01-10 00:00:00-05:00,,,,,,
2002-01-11 00:00:00-05:00,,,,,,
2002-01-14 00:00:00-05:00,,,,,,
2002-01-15 00:00:00-05:00,,,,,,
2002-01-16 00:00:00-05:00,,,,,,
2002-01-17 00:00:00-05:00,,,,,,
2002-01-18 00:00:00-05:00,,,,,,
2002-01-22 00:00:00-05:00,,,,,,
2002-01-23 00:00:00-05:00,,,,,,
2002-01-24 00:00:00-05:00,,,,,,
2002-01-25 00:00:00-05:00,,,,,,
2002-01-28 00:00:00-05:00,,,,,,
2002-01-29 00:00:00-05:00,,,,,,
2002-01-30 00:00:00-05:00,,,,,,
2002-01-31 00:00:00-05:00,,,,,,
2002-02-01 00:00:00-05:00,,,,,,
2002-02-04 00:00:00-05:00,,,,,,
2002-02-05 00:00:00-05:00,,,,,,
2002-02-06 00:00:00-05:00,,,,,,
2002-02-07 00:00:00-05:00,,,,,,
2002-02-08 00:00:00-05:00,,,,,,
2002-02-11 00:00:00-05:00,,,,,,
2002-02-12 00:00:00-05:00,,,,,,
2002-02-13 00:00:00-05:00,,,,,,
2002-02-14 00:00:00-05:00,,,,,,
2002-02-15 00:00:00-05:00,,,,,,
2002-02-19 00:00:00-05:00,,,,,,
2002-02-20 00:00:00-05:00,,,,,,
2002-02-21 00:00:00-05:00,,,,,,
2002-02-22 00:00:00-05:00,,,,,,
2002-02-25 00:00:00-05:00,,,,,,
2002-02-26 00:00:00-05:00,,,,,,
2002-02-27 00:00:00-05:00,,,,,,
2002-02-28 00:00:00-05:00,,,,,,
2002-03-01 00:00:00-05:00,,,,,,
2002-03-04 00:00:00-05:00,,,,,,
2002-03-05 00:00:00-05:00,,,,,,
2002-03-06 00:00:00-05:00,,,,,,
2002-03-07 00:00:00-05:00,,,,,,
2002-03-08 00:00:00-05:00,,,,,,
2002-03-11 00:00:00-05:00,,,,,,
2002-03-12 00:00:00-05:00,,,,,,
2002-03-13 00:00:00-05:00,,,,,,
2002-03-14 00:00:00-05:00,,,,,,
2002-03-15 00:00:00-05:00,,,,,,
2002-03-18 00:00:00-05:00,,,,,,
2002-03-19 00:00:00-05:00,,,,,,
2002-03-20 00:00:00-05:00,,,,,,
2002-03-21 00:00:00-05:00,,,,,,
2002-03-22 00:00:00-05:00,,,,,,
2002-03-25 00:00:00-05:00,,,,,,
2002-03-26 00:00:00-05:00,,,,,,
2002-03-27 00:00:00-05:00,,,,,,
2002-03-28 00:00:00-05:00,,,,,,
2002-04-01 00:00:00-05:00,,,,,,
2002-04-02 00:00:00-05:00,,,,,,
2002-04-03 00:00:00-05:00,,,,,,
2002-04-04 00:00:00-05:00,,,,,,
2002-04-05 00:00:00-05:00,,,,,,
2002-04-08 00:00:00-04:00,,,,,,
2002-04-09 00:00:00-04:00,,,,,,
2002-04-10 00:00:00-04:00,,,,,,
2002-04-11 00:00:00-04:00,,,,,,
2002-04-12 00:00:00-04:00,,,,,,
2002-04-15 00:00:00-04:00,,,,,,
2002-04-16 00:00:00-04:00,,,,,,
2002-04-17 00:00:00-04:00,,,,,,
2002-04-18 00:00:00-04:00,,,,,,
2002-04-19 00:00:00-04:00,,,,,,
2002-04-22 00:00:00-04:00,,,,,,
2002-04-23 00:00:00-04:00,,,,,,
2002-04-24 00:00:00-04:00,,,,,,
2002-04-25 00:00:00-04:00,,,,,,
2002-04-26 00:00:00-04:00,,,,,,
2002-04-29 00:00:00-04:00,,,,,,
2002-04-30 00:00:00-04:00,,,,,,
2002-05-01 00:00:00-04:00,,,,,,
2002-05-02 00:00:00-04:00,,,,,,
2002-05-03 00:00:00-04:00,,,,,,
2002-05-06 00:00:00-04:00,,,,,,
2002-05-07 00:00:00-04:00,,,,,,
2002-05-08 00:00:00-04:00,,,,,,
2002-05-09 00:00:00-04:00,,,,,,
2002-05-10 00:00:00-04:00,,,,,,
2002-05-13 00:00:00-04:00,,,,,,
2002-05-14 00:00:00-04:00,,,,,,
2002-05-15 00:00:00-04:00,,,,,,
2002-05-16 00:00:00-04:00,,,,,,
2002-05-17 00:00:00-04:00,,,,,,
2002-05-20 00:00:00-04:00,,,,,,
2002-05-21 00:00:00-04:00,,,,,,
2002-05-22 00:00:00-04:00,,,,,,
2002-05-23 00:00:00-04:00,,,,,,
2002-05-24 00:00:00-04:00,,,,,,
2002-05-28 00:00:00-04:00,,,,,,
2002-05-29 00:00:00-04:00,,,,,,
2002-05-30 00:00:00-04:00,,,,,,
2002-05-31 00:00:00-04:00,,,,,,
2002-06-03 00:00:00-04:00,,,,,,
2002-06-04 00:00:00-04:00,,,,,,
2002-06-05 00:00:00-04:00,,,,,,
2002-06-06 00:00:00-04:00,,,,,,
2002-06-07 00:00:00-04:00,,,,,,
2002-06-10 00:00:00-04:00,,,,,,
2002-06-11 00:00:00-04:00,,,,,,
2002-06-12 00:00:00-04:00,,,,,,
2002-06-13 00:00:00-04:00,,,,,,
2002-06-14 00:00:00-04:00,,,,,,
2002-06-17 00:00:00-04:00,,,,,,
2002-06-18 00:00:00-04:00,,,,,,
2002-06-19 00:00:00-04:00,,,,,,
2002-06-20 00:00:00-04:00,,,,,,
2002-06-21 00:00:00-04:00,,,,,,
2002-06-24 00:00:00-04:00,,,,,,
2002-06-25 00:00:00-04:00,,,,,,
2002-06-26 00:00:00-04:00,,,,,,
2002-06-27 00:00:00-04:00,,,,,,
2002-06-28 00:00:00-04:00,,,,,,
2002-07-01 00:00:00-04:00,,,,,,
2002-07-02 00:00:00-04:00,,,,,,
2002-07-03 00:00:00-04:00,,,,,,
2002-07-05 00:00:00-04:00,,,,,,
2002-07-08 00:00:00-04:00,,,,,,
2002-07-09 00:00:00-04:00,,,,,,
2002-07-10 00:00:00-04:00,,,,,,
2002-07-11 00:00:00-04:00,,,,,,
2002-07-12 00:00:00-04:00,,,,,,
2002-07-15 00:00:00-04:00,,,,,,
2002-07-16 00:00:00-04:00,,,,,,
2002-07-17 00:00:00-04:00,,,,,,
2002-07-18 00:00:00-04:00,,,,,,
2002-07-19 00:00:00-04:00,,,,,,
2002-07-22 00:00:00-04:00,,,,,,
2002-07-23 00:00:00-04:00,,,,,,
2002-07-24 00:00:00-04:00,,,,,,
2002-07-25 00:00:00-04:00,,,,,,
2002-07-26 00:00:00-04:00,,,,,,
2002-07-29 00:00:00-04:00,,,,,,
2002-07-30 00:00:00-04:00,,,,,,
2002-07-31 00:00:00-04:00,,,,,,
2002-08-01 00:00:00-04:00,,,,,,
2002-08-02 00:00:00-04:00,,,,,,
2002-08-05 00:00:00-04:00,,,,,,
2002-08-06 00:00:00-04:00,,,,,,
2002-08-07 00:00:00-04:00,,,,,,
2002-08-08 00:00:00-04:00,,,,,,
2002-08-09 00:00:00-04:00,,,,,,
2002-08-12 00:00:00-04:00,,,,,,
2002-08-13 00:00:00-04:00,,,,,,
2002-08-14 00:00:00-04:00,,,,,,
2002-08-15 00:00:00-04:00,,,,,,
2002-08-16 00:00:00-04:00,,,,,,
2002-08-19 00:00:00-04:00,,,,,,
2002-08-20 00:00:00-04:00,,,,,,
2002-08-21 00:00:00-04:00,,,,,,
2002-08-22 00:00:00-04:00,,,,,,
2002-08-23 00:00:00-04:00,,,,,,
2002-08-26 00:00:00-04:00,,,,,,
2002-08-27 00:00:00-04:00,,,,,,
2002-08-28 00:00:00-04:00,,,,,,
2002-08-29 00:00:00-04:00,,,,,,
2002-08-30 00:00:00-04:00,,,,,,
2002-09-03 00:00:00-04:00,,,,,,
2002-09-04 00:00:00-04:00,,,,,,
2002-09-05 00:00:00-04:00,,,,,,
2002-09-06 00:00:00-04:00,,,,,,
2002-09-09 00:00:00-04:00,,,,,,
2002-09-10 00:00:00-04:00,,,,,,
2002-09-11 00:00:00-04:00,,,,,,
2002-09-12 00:00:00-04:00,,,,,,
2002-09-13 00:00:00-04:00,,,,,,
2002-09-16 00:00:00-04:00,,,,,,
2002-09-17 00:00:00-04:00,,,,,,
2002-09-18 00:00:00-04:00,,,,,,
2002-09-19 00:00:00-04:00,,,,,,
2002-09-20 00:00:00-04:00,,,,,,
2002-09-23 00:00:00-04:00,,,,,,
2002-09-24 00:00:00-04:00,,,,,,
2002-09-25 00:00:00-04:00,,,,,,
2002-09-26 00:00:00-04:00,,,,,,
2002-09-27 00:00:00-04:00,,,,,,
2002-09-30 00:00:00-04:00,,,,,,
2002-10-01 00:00:00-04:00,,,,,,
2002-10-02 00:00:00-04:00,,,,,,
2002-10-03 00:00:00-04:00,,,,,,
2002-10-04 00:00:00-04:00,,,,,,
2002-10-07 00:00:00-04:00,,,,,,
2002-10-08 00:00:00-04:00,,,,,,
2002-10-09 00:00:00-04:00,,,,,,
2002-10-10 00:00:00-04:00,,,,,,
2002-10-11 00:00:00-04:00,,,,,,
2002-10-14 00:00:00-04:00,,,,,,
2002-10-15 00:00:00-04:00,,,,,,
2002-10-16 00:00:00-04:00,,,,,,
2002-10-17 00:00:00-04:00,,,,,,
2002-10-18 00:00:00-04:00,,,,,,
2002-10-21 00:00:00-04:00,,,,,,
2002-10-22 00:00:00-04:00,,,,,,
2002-10-23 00:00:00-04:00,,,,,,
2002-10-24 00:00:00-04:00,,,,,,
2002-10-25 00:00:00-04:00,,,,,,
2002-10-28 00:00:00-05:00,,,,,,
2002-10-29 00:00:00-05:00,,,,,,
2002-10-30 00:00:00-05:00,,,,,,
2002-10-31 00:00:00-05:00,,,,,,
2002-11-01 00:00:00-05:00,,,,,,
2002-11-04 00:00:00-05:00,,,,,,
2002-11-05 00:00:00-05:00,,,,,,
2002-11-06 00:00:00-05:00,,,,,,
2002-11-07 00:00:00-05:00,,,,,,
2002-11-08 00:00:00-05:00,,,,,,
2002-11-11 00:00:00-05:00,,,,,,
2002-11-12 00:00:00-05:00,,,,,,
2002-11-13 00:00:00-05:00,,,,,,
2002-11-14 00:00:00-05:00,,,,,,
2002-11-15 00:00:00-05:00,,,,,,
2002-11-18 00:00:00-05:00,,,,,,
2002-11-19 00:00:00-05:00,,,,,,
2002-11-20 00:00:00-05:00,,,,,,
2002-11-21 00:00:00-05:00,,,,,,
2002-11-22 00:00:00-05:00,,,,,,
2002-11-25 00:00:00-05:00,,,,,,
2002-11-26 00:00:00-05:00,,,,,,
2002-11-27 00:00:00-05:00,,,,,,
2002-11-29 00:00:00-05:00,,,,,,
2002-12-02 00:00:00-05:00,,,,,,
2002-12-03 00:00:00-05:00,,,,,,
2002-12-04 00:00:00-05:00,,,,,,
2002-12-05 00:00:00-05:00,,,,,,
2002-12-06 00:00:00-05:00,,,,,,
2002-12-09 00:00:00-05:00,,,,,,
2002-12-10 00:00:00-05:00,,,,,,
2002-12-11 00:00:00-05:00,,,,,,
2002-12-12 00:00:00-05:00,,,,,,
2002-12-13 00:00:00-05:00,,,,,,
2002-12-16 00:00:00-05:00,,,,,,
2002-12-17 00:00:00-05:00,,,,,,
2002-12-18 00:00:00-05:00,,,,,,
2002-12-19 00:00:00-05:00,,,,,,
2002-12-20 00:00:00-05:00,,,,,,
2002-12-23 00:00:00-05:00,,,,,,
2002-12-24 00:00:00-05:00,,,,,,
2002-12-26 00:00:00-05:00,,,,,,
2002-12-27 00:00:00-05:00,,,,,,
2002-12-30 00:00:00-05:00,,,,,,
2002-12-31 00:00:00-05:00,,,,,,
2003-01-02 00:00:00-05:00,,,,,,
2003-01-03 00:00:00-05:00,,,,,,
2003-01-06 00:00:00-05:00,,,,,,
2003-01-07 00:00:00-05:00,,,,,,
2003-01-08 00:00:00-05:00,,,,,,
2003-01-09 00:00:00-05:00,,,,,,
2003-01-10 00:00:00-05:00,,,,,,
2003-01-13 00:00:00-05:00,,,,,,
2003-01-14 00:00:00-05:00,,,,,,
2003-01-15 00:00:00-05:00,,,,,,
2003-01-16 00:00:00-05:00,,,,,,
2003-01-17 00:00:00-05:00,,,,,,
2003-01-21 00:00:00-05:00,,,,,,
2003-01-22 00:00:00-05:00,,,,,,
2003-01-23 00:00:00-05:00,,,,,,
2003-01-24 00:00:00-05:00,,,,,,
2003-01-27 00:00:00-05:00,,,,,,
2003-01-28 00:00:00-05:00,,,,,,
2003-01-29 00:00:00-05:00,,,,,,
2003-01-30 00:00:00-05:00,,,,,,
2003-01-31 00:00:00-05:00,,,,,,
2003-02-03 00:00:00-05:00,,,,,,
2003-02-04 00:00:00-05:00,,,,,,
2003-02-05 00:00:00-05:00,,,,,,
2003-02-06 00:00:00-05:00,,,,,,
2003-02-07 00:00:00-05:00,,,,,,
2003-02-10 00:00:00-05:00,,,,,,
2003-02-11 00:00:00-05:00,,,,,,
2003-02-12 00:00:00-05:00,,,,,,
2003-02-13 00:00:00-05:00,,,,,,
2003-02-14 00:00:00-05:00,,,,,,
2003-02-18 00:00:00-05:00,,,,,,
2003-02-19 00:00:00-05:00,,,,,,
2003-02-20 00:00:00-05:00,,,,,,
2003-02-21 00:00:00-05:00,,,,,,
2003-02-24 00:00:00-05:00,,,,,,
2003-02-25 00:00:00-05:00,,,,,,
2003-02-26 00:00:00-05:00,,,,,,
2003-02-27 00:00:00-05:00,,,,,,
2003-02-28 00:00:00-05:00,,,,,,
2003-03-03 00:00:00-05:00,,,,,,
2003-03-04 00:00:00-05:00,,,,,,
2003-03-05 00:00:00-05:00,,,,,,
2003-03-06 00:00:00-05:00,,,,,,
2003-03-07 00:00:00-05:00,,,,,,
2003-03-10 00:00:00-05:00,,,,,,
2003-03-11 00:00:00-05:00,,,,,,
2003-03-12 00:00:00-05:00,,,,,,
2003-03-13 00:00:00-05:00,,,,,,
2003-03-14 00:00:00-05:00,,,,,,
2003-03-17 00:00:00-05:00,,,,,,
2003-03-18 00:00:00-05:00,,,,,,
2003-03-19 00:00:00-05:00,,,,,,
2003-03-20 00:00:00-05:00,,,,,,
2003-03-21 00:00:00-05:00,,,,,,
2003-03-24 00:00:00-05:00,,,,,,
2003-03-25 00:00:00-05:00,,,,,,
2003-03-26 00:00:00-05:00,,,,,,
2003-03-27 00:00:00-05:00,,,,,,
2003-03-28 00:00:00-05:00,,,,,,
2003-03-31 00:00:00-05:00,,,,,,
2003-04-01 00:00:00-05:00,,,,,,
2003-04-02 00:00:00-05:00,,,,,,
2003-04-03 00:00:00-05:00,,,,,,
2003-04-04 00:00:00-05:00,,,,,,
2003-04-07 00:00:00-04:00,,,,,,
2003-04-08 00:00:00-04:00,,,,,,
2003-04-09 00:00:00-04:00,,,,,,
2003-04-10 00:00:00-04:00,,,,,,
2003-04-11 00:00:00-04:00,,,,,,
2003-04-14 00:00:00-04:00,,,,,,
2003-04-15 00:00:00-04:00,,,,,,
2003-04-16 00:00:00-04:00,,,,,,
2003-04-17 00:00:00-04:00,,,,,,
2003-04-21 00:00:00-04:00,,,,,,
2003-04-22 00:00:00-04:00,,,,,,
2003-04-23 00:00:00-04:00,,,,,,
2003-04-24 00:00:00-04:00,,,,,,
2003-04-25 00:00:00-04:00,,,,,,
2003-04-28 00:00:00-04:00,,,,,,
2003-04-29 00:00:00-04:00,,,,,,
2003-04-30 00:00:00-04:00,,,,,,
2003-05-01 00:00:00-04:00,,,,,,
2003-05-02 00:00:00-04:00,,,,,,
2003-05-05 00:00:00-04:00,,,,,,
2003-05-06 00:00:00-04:00,,,,,,
2003-05-07 00:00:00-04:00,,,,,,
2003-05-08 00:00:00-04:00,,,,,,
2003-05-09 00:00:00-04:00,,,,,,
2003-05-12 00:00:00-04:00,,,,,,
2003-05-13 00:00:00-04:00,,,,,,
2003-05-14 00:00:00-04:00,,,,,,
2003-05-15 00:00:00-04:00,,,,,,
2003-05-16 00:00:00-04:00,,,,,,
2003-05-19 00:00:00-04:00,,,,,,
2003-05-20 00:00:00-04:00,,,,,,
2003-05-21 00:00:00-04:00,,,,,,
2003-05-22 00:00:00-04:00,,,,,,
2003-05-23 00:00:00-04:00,,,,,,
2003-05-27 00:00:00-04:00,,,,,,
2003-05-28 00:00:00-04:00,,,,,,
2003-05-29 00:00:00-04:00,,,,,,
2003-05-30 00:00:00-04:00,,,,,,
2003-06-02 00:00:00-04:00,,,,,,
2003-06-03 00:00:00-04:00,,,,,,
2003-06-04 00:00:00-04:00,,,,,,
2003-06-05 00:00:00-04:00,,,,,,
2003-06-06 00:00:00-04:00,,,,,,
2003-06-09 00:00:00-04:00,,,,,,
2003-06-10 00:00:00-04:00,,,,,,
2003-06-11 00:00:00-04:00,,,,,,
2003-06-12 00:00:00-04:00,,,,,,
2003-06-13 00:00:00-04:00,,,,,,
2003-06-16 00:00:00-04:00,,,,,,
2003-06-17 00:00:00-04:00,,,,,,
2003-06-18 00:00:00-04:00,,,,,,
2003-06-19 00:00:00-04:00,,,,,,
2003-06-20 00:00:00-04:00,,,,,,
2003-06-23 00:00:00-04:00,,,,,,
2003-06-24 00:00:00-04:00,,,,,,
2003-06-25 00:00:00-04:00,,,,,,
2003-06-26 00:00:00-04:00,,,,,,
2003-06-27 00:00:00-04:00,,,,,,
2003-06-30 00:00:00-04:00,,,,,,
2003-07-01 00:00:00-04:00,,,,,,
2003-07-02 00:00:00-04:00,,,,,,
2003-07-03 00:00:00-04:00,,,,,,
2003-07-07 00:00:00-04:00,,,,,,
2003-07-08 00:00:00-04:00,,,,,,
2003-07-09 00:00:00-04:00,,,,,,
2003-07-10 00:00:00-04:00,,,,,,
2003-07-11 00:00:00-04:00,,,,,,
2003-07-14 00:00:00-04:00,,,,,,
2003-07-15 00:00:00-04:00,,,,,,
2003-07-16 00:00:00-04:00,,,,,,
2003-07-17 00:00:00-04:00,,,,,,
2003-07-18 00:00:00-04:00,,,,,,
2003-07-21 00:00:00-04:00,,,,,,
2003-07-22 00:00:00-04:00,,,,,,
2003-07-23 00:00:00-04:00,,,,,,
2003-07-24 00:00:00-04:00,,,,,,
2003-07-25 00:00:00-04:00,,,,,,
2003-07-28 00:00:00-04:00,,,,,,
2003-07-29 00:00:00-04:00,,,,,,
2003-07-30 00:00:00-04:00,,,,,,
2003-07-31 00:00:00-04:00,,,,,,
2003-08-01 00:00:00-04:00,,,,,,
2003-08-04 00:00:00-04:00,,,,,,
2003-08-05 00:00:00-04:00,,,,,,
2003-08-06 00:00:00-04:00,,,,,,
2003-08-07 00:00:00-04:00,,,,,,
2003-08-08 00:00:00-04:00,,,,,,
2003-08-11 00:00:00-04:00,,,,,,
2003-08-12 00:00:00-04:00,,,,,,
2003-08-13 00:00:00-04:00,,,,,,
2003-08-14 00:00:00-04:00,,,,,,
2003-08-15 00:00:00-04:00,,,,,,
2003-08-18 00:00:00-04:00,,,,,,
2003-08-19 00:00:00-04:00,,,,,,
2003-08-20 00:00:00-04:00,,,,,,
2003-08-21 00:00:00-04:00,,,,,,
2003-08-22 00:00:00-04:00,,,,,,
2003-08-25 00:00:00-04:00,,,,,,
2003-08-26 00:00:00-04:00,,,,,,
2003-08-27 00:00:00-04:00,,,,,,
2003-08-28 00:00:00-04:00,,,,,,
2003-08-29 00:00:00-04:00,,,,,,
2003-09-02 00:00:00-04:00,,,,,,
2003-09-03 00:00:00-04:00,,,,,,
2003-09-04 00:00:00-04:00,,,,,,
2003-09-05 00:00:00-04:00,,,,,,
2003-09-08 00:00:00-04:00,,,,,,
2003-09-09 00:00:00-04:00,,,,,,
2003-09-10 00:00:00-04:00,,,,,,
2003-09-11 00:00:00-04:00,,,,,,
2003-09-12 00:00:00-04:00,,,,,,
2003-09-15 00:00:00-04:00,,,,,,
2003-09-16 00:00:00-04:00,,,,,,
2003-09-17 00:00:00-04:00,,,,,,
2003-09-18 00:00:00-04:00,,,,,,
2003-09-19 00:00:00-04:00,,,,,,
2003-09-22 00:00:00-04:00,,,,,,
2003-09-23 00:00:00-04:00,,,,,,
2003-09-24 00:00:00-04:00,,,,,,
2003-09-25 00:00:00-04:00,,,,,,
2003-09-26 00:00:00-04:00,,,,,,
2003-09-29 00:00:00-04:00,,,,,,
2003-09-30 00:00:00-04:00,,,,,,
2003-10-01 00:00:00-04:00,,,,,,
2003-10-02 00:00:00-04:00,,,,,,
2003-10-03 00:00:00-04:00,,,,,,
2003-10-06 00:00:00-04:00,,,,,,
2003-10-07 00:00:00-04:00,,,,,,
2003-10-08 00:00:00-04:00,,,,,,
2003-10-09 00:00:00-04:00,,,,,,
2003-10-10 00:00:00-04:00,,,,,,
2003-10-13 00:00:00-04:00,,,,,,
2003-10-14 00:00:00-04:00,,,,,,
2003-10-15 00:00:00-04:00,,,,,,
2003-10-16 00:00:00-04:00,,,,,,
2003-10-17 00:00:00-04:00,,,,,,
2003-10-20 00:00:00-04:00,,,,,,
2003-10-21 00:00:00-04:00,,,,,,
2003-10-22 00:00:00-04:00,,,,,,
2003-10-23 00:00:00-04:00,,,,,,
2003-10-24 00:00:00-04:00,,,,,,
2003-10-27 00:00:00-05:00,,,,,,
2003-10-28 00:00:00-05:00,,,,,,
2003-10-29 00:00:00-05:00,,,,,,
2003-10-30 00:00:00-05:00,,,,,,
2003-10-31 00:00:00-05:00,,,,,,
2003-11-03 00:00:00-05:00,,,,,,
2003-11-04 00:00:00-05:00,,,,,,
2003-11-05 00:00:00-05:00,,,,,,
2003-11-06 00:00:00-05:00,,,,,,
2003-11-07 00:00:00-05:00,,,,,,
2003-11-10 00:00:00-05:00,,,,,,
2003-11-11 00:00:00-05:00,,,,,,
2003-11-12 00:00:00-05:00,,,,,,
2003-11-13 00:00:00-05:00,,,,,,
2003-11-14 00:00:00-05:00,,,,,,
2003-11-17 00:00:00-05:00,,,,,,
2003-11-18 00:00:00-05:00,,,,,,
2003-11-19 00:00:00-05:00,,,,,,
2003-11-20 00:00:00-05:00,,,,,,
2003-11-21 00:00:00-05:00,,,,,,
2003-11-24 00:00:00-05:00,,,,,,
2003-11-25 00:00:00-05:00,,,,,,
2003-11-26 00:00:00-05:00,,,,,,
2003-11-28 00:00:00-05:00,,,,,,
2003-12-01 00:00:00-05:00,,,,,,
2003-12-02 00:00:00-05:00,,,,,,
2003-12-03 00:00:00-05:00,,,,,,
2003-12-04 00:00:00-05:00,,,,,,
2003-12-05 00:00:00-05:00,,,,,,
2003-12-08 00:00:00-05:00,,,,,,
2003-12-09 00:00:00-05:00,,,,,,
2003-12-10 00:00:00-05:00,,,,,,
2003-12-11 00:00:00-05:00,,,,,,
2003-12-12 00:00:00-05:00,,,,,,
2003-12-15 00:00:00-05:00,,,,,,
2003-12-16 00:00:00-05:00,,,,,,
2003-12-17 00:00:00-05:00,,,,,,
2003-12-18 00:00:00-05:00,,,,,,
2003-12-19 00:00:00-05:00,,,,,,
2003-12-22 00:00:00-05:00,,,,,,
2003-12-23 00:00:00-05:00,,,,,,
2003-12-24 00:00:00-05:00,,,,,,
2003-12-26 00:00:00-05:00,,,,,,
2003-12-29 00:00:00-05:00,,,,,,
2003-12-30 00:00:00-05:00,,,,,,
2003-12-31 00:00:00-05:00,,,,,,
2004-01-02 00:00:00-05:00,,,,,,
2004-01-05 00:00:00-05:00,,,,,,
2004-01-06 00:00:00-05:00,,,,,,
2004-01-07 00:00:00-05:00,,,,,,
2004-01-08 00:00:00-05:00,,,,,,
2004-01-09 00:00:00-05:00,,,,,,
2004-01-12 00:00:00-05:00,,,,,,
2004-01-13 00:00:00-05:00,,,,,,
2004-01-14 00:00:00-05:00,,,,,,
2004-01-15 00:00:00-05:00,,,,,,
2004-01-16 00:00:00-05:00,,,,,,
2004-01-20 00:00:00-05:00,,,,,,
2004-01-21 00:00:00-05:00,,,,,,
2004-01-22 00:00:00-05:00,,,,,,
2004-01-23 00:00:00-05:00,,,,,,
2004-01-26 00:00:00-05:00,,,,,,
2004-01-27 00:00:00-05:00,,,,,,
2004-01-28 00:00:00-05:00,,,,,,
2004-01-29 00:00:00-05:00,,,,,,
2004-01-30 00:00:00-05:00,,,,,,
2004-02-02 00:00:00-05:00,,,,,,
2004-02-03 00:00:00-05:00,,,,,,
2004-02-04 00:00:00-05:00,,,,,,
2004-02-05 00:00:00-05:00,,,,,,
2004-02-06 00:00:00-05:00,,,,,,
2004-02-09 00:00:00-05:00,,,,,,
2004-02-10 00:00:00-05:00,,,,,,
2004-02-11 00:00:00-05:00,,,,,,
2004-02-12 00:00:00-05:00,,,,,,
2004-02-13 00:00:00-05:00,,,,,,
2004-02-17 00:00:00-05:00,,,,,,
2004-02-18 00:00:00-05:00,,,,,,
2004-02-19 00:00:00-05:00,,,,,,
2004-02-20 00:00:00-05:00,,,,,,
2004-02-23 00:00:00-05:00,,,,,,
2004-02-24 00:00:00-05:00,,,,,,
2004-02-25 00:00:00-05:00,,,,,,
2004-02-26 00:00:00-05:00,,,,,,
2004-02-27 00:00:00-05:00,,,,,,
2004-03-01 00:00:00-05:00,,,,,,
2004-03-02 00:00:00-05:00,,,,,,
2004-03-03 00:00:00-05:00,,,,,,
2004-03-04 00:00:00-05:00,,,,,,
2004-03-05 00:00:00-05:00,,,,,,
2004-03-08 00:00:00-05:00,,,,,,
2004-03-09 00:00:00-05:00,,,,,,
2004-03-10 00:00:00-05:00,,,,,,
2004-03-11 00:00:00-05:00,,,,,,
2004-03-12 00:00:00-05:00,,,,,,
2004-03-15 00:00:00-05:00,,,,,,
2004-03-16 00:00:00-05:00,,,,,,
2004-03-17 00:00:00-05:00,,,,,,
2004-03-18 00:00:00-05:00,,,,,,
2004-03-19 00:00:00-05:00,,,,,,
2004-03-22 00:00:00-05:00,,,,,,
2004-03-23 00:00:00-05:00,,,,,,
2004-03-24 00:00:00-05:00,,,,,,
2004-03-25 00:00:00-05:00,,,,,,
2004-03-26 00:00:00-05:00,,,,,,
2004-03-29 00:00:00-05:00,,,,,,
2004-03-30 00:00:00-05:00,,,,,,
2004-03-31 00:00:00-05:00,,,,,,
2004-04-01 00:00:00-05:00,,,,,,
2004-04-02 00:00:00-05:00,,,,,,
2004-04-05 00:00:00-04:00,,,,,,
2004-04-06 00:00:00-04:00,,,,,,
2004-04-07 00:00:00-04:00,,,,,,
2004-04-08 00:00:00-04:00,,,,,,
2004-04-12 00:00:00-04:00,,,,,,
2004-04-13 00:00:00-04:00,,,,,,
2004-04-14 00:00:00-04:00,,,,,,
2004-04-15 00:00:00-04:00,,,,,,
2004-04-16 00:00:00-04:00,,,,,,
2004-04-19 00:00:00-04:00,,,,,,
2004-04-20 00:00:00-04:00,,,,,,
2004-04-21 00:00:00-04:00,,,,,,
2004-04-22 00:00:00-04:00,,,,,,
2004-04-23 00:00:00-04:00,,,,,,
2004-04-26 00:00:00-04:00,,,,,,
2004-04-27 00:00:00-04:00,,,,,,
2004-04-28 00:00:00-04:00,,,,,,
2004-04-29 00:00:00-04:00,,,,,,
2004-04-30 00:00:00-04:00,,,,,,
2004-05-03 00:00:00-04:00,,,,,,
2004-05-04 00:00:00-04:00,,,,,,
2004-05-05 00:00:00-04:00,,,,,,
2004-05-06 00:00:00-04:00,,,,,,
2004-05-07 00:00:00-04:00,,,,,,
2004-05-10 00:00:00-04:00,,,,,,
2004-05-11 00:00:00-04:00,,,,,,
2004-05-12 00:00:00-04:00,,,,,,
2004-05-13 00:00:00-04:00,,,,,,
2004-05-14 00:00:00-04:00,,,,,,
2004-05-17 00:00:00-04:00,,,,,,
2004-05-18 00:00:00-04:00,,,,,,
2004-05-19 00:00:00-04:00,,,,,,
2004-05-20 00:00:00-04:00,,,,,,
2004-05-21 00:00:00-04:00,,,,,,
2004-05-24 00:00:00-04:00,,,,,,
2004-05-25 00:00:00-04:00,,,,,,
2004-05-26 00:00:00-04:00,,,,,,
2004-05-27 00:00:00-04:00,,,,,,
2004-05-28 00:00:00-04:00,,,,,,
2004-06-01 00:00:00-04:00,,,,,,
2004-06-02 00:00:00-04:00,,,,,,
2004-06-03 00:00:00-04:00,,,,,,
2004-06-04 00:00:00-04:00,,,,,,
2004-06-07 00:00:00-04:00,,,,,,
2004-06-08 00:00:00-04:00,,,,,,
2004-06-09 00:00:00-04:00,,,,,,
2004-06-10 00:00:00-04:00,,,,,,
2004-06-14 00:00:00-04:00,,,,,,
2004-06-15 00:00:00-04:00,,,,,,
2004-06-16 00:00:00-04:00,,,,,,
2004-06-17 00:00:00-04:00,,,,,,
2004-06-18 00:00:00-04:00,,,,,,
2004-06-21 00:00:00-04:00,,,,,,
2004-06-22 00:00:00-04:00,,,,,,
2004-06-23 00:00:00-04:00,,,,,,
2004-06-24 00:00:00-04:00,,,,,,
2004-06-25 00:00:00-04:00,,,,,,
2004-06-28 00:00:00-04:00,,,,,,
2004-06-29 00:00:00-04:00,,,,,,
2004-06-30 00:00:00-04:00,,,,,,
2004-07-01 00:00:00-04:00,,,,,,
2004-07-02 00:00:00-04:00,,,,,,
2004-07-06 00:00:00-04:00,,,,,,
2004-07-07 00:00:00-04:00,,,,,,
2004-07-08 00:00:00-04:00,,,,,,
2004-07-09 00:00:00-04:00,,,,,,
2004-07-12 00:00:00-04:00,,,,,,
2004-07-13 00:00:00-04:00,,,,,,
2004-07-14 00:00:00-04:00,,,,,,
2004-07-15 00:00:00-04:00,,,,,,
2004-07-16 00:00:00-04:00,,,,,,
2004-07-19 00:00:00-04:00,,,,,,
2004-07-20 00:00:00-04:00,,,,,,
2004-07-21 00:00:00-04:00,,,,,,
2004-07-22 00:00:00-04:00,,,,,,
2004-07-23 00:00:00-04:00,,,,,,
2004-07-26 00:00:00-04:00,,,,,,
2004-07-27 00:00:00-04:00,,,,,,
2004-07-28 00:00:00-04:00,,,,,,
2004-07-29 00:00:00-04:00,,,,,,
2004-07-30 00:00:00-04:00,,,,,,
2004-08-02 00:00:00-04:00,,,,,,
2004-08-03 00:00:00-04:00,,,,,,
2004-08-04 00:00:00-04:00,,,,,,
2004-08-05 00:00:00-04:00,,,,,,
2004-08-06 00:00:00-04:00,,,,,,
2004-08-09 00:00:00-04:00,,,,,,
2004-08-10 00:00:00-04:00,,,,,,
2004-08-11 00:00:00-04:00,,,,,,
2004-08-12 00:00:00-04:00,,,,,,
2004-08-13 00:00:00-04:00,,,,,,
2004-08-16 00:00:00-04:00,,,,,,
2004-08-17 00:00:00-04:00,,,,,,
2004-08-18 00:00:00-04:00,,,,,,
2004-08-19 00:00:00-04:00,,,,,,
2004-08-20 00:00:00-04:00,,,,,,
2004-08-23 00:00:00-04:00,,,,,,
2004-08-24 00:00:00-04:00,,,,,,
2004-08-25 00:00:00-04:00,,,,,,
2004-08-26 00:00:00-04:00,,,,,,
2004-08-27 00:00:00-04:00,,,,,,
2004-08-30 00:00:00-04:00,,,,,,
2004-08-31 00:00:00-04:00,,,,,,
2004-09-01 00:00:00-04:00,,,,,,
2004-09-02 00:00:00-04:00,,,,,,
2004-09-03 00:00:00-04:00,,,,,,
2004-09-07 00:00:00-04:00,,,,,,
2004-09-08 00:00:00-04:00,,,,,,
2004-09-09 00:00:00-04:00,,,,,,
2004-09-10 00:00:00-04:00,,,,,,
2004-09-13 00:00:00-04:00,,,,,,
2004-09-14 00:00:00-04:00,,,,,,
2004-09-15 00:00:00-04:00,,,,,,
2004-09-16 00:00:00-04:00,,,,,,
2004-09-17 00:00:00-04:00,,,,,,
2004-09-20 00:00:00-04:00,,,,,,
2004-09-21 00:00:00-04:00,,,,,,
2004-09-22 00:00:00-04:00,,,,,,
2004-09-23 00:00:00-04:00,,,,,,
2004-09-24 00:00:00-04:00,,,,,,
2004-09-27 00:00:00-04:00,,,,,,
2004-09-28 00:00:00-04:00,,,,,,
2004-09-29 00:00:00-04:00,,,,,,
2004-09-30 00:00:00-04:00,,,,,,
2004-10-01 00:00:00-04:00,,,,,,
2004-10-04 00:00:00-04:00,,,,,,
2004-10-05 00:00:00-04:00,,,,,,
2004-10-06 00:00:00-04:00,,,,,,
2004-10-07 00:00:00-04:00,,,,,,
2004-10-08 00:00:00-04:00,,,,,,
2004-10-11 00:00:00-04:00,,,,,,
2004-10-12 00:00:00-04:00,,,,,,
2004-10-13 00:00:00-04:00,,,,,,
2004-10-14 00:00:00-04:00,,,,,,
2004-10-15 00:00:00-04:00,,,,,,
2004-10-18 00:00:00-04:00,,,,,,
2004-10-19 00:00:00-04:00,,,,,,
2004-10-20 00:00:00-04:00,,,,,,
2004-10-21 00:00:00-04:00,,,,,,
2004-10-22 00:00:00-04:00,,,,,,
2004-10-25 00:00:00-04:00,,,,,,
2004-10-26 00:00:00-04:00,,,,,,
2004-10-27 00:00:00-04:00,,,,,,
2004-10-28 00:00:00-04:00,,,,,,
2004-10-29 00:00:00-04:00,,,,,,
2004-11-01 00:00:00-05:00,,,,,,
2004-11-02 00:00:00-05:00,,,,,,
2004-11-03 00:00:00-05:00,,,,,,
2004-11-04 00:00:00-05:00,,,,,,
2004-11-05 00:00:00-05:00,,,,,,
2004-11-08 00:00:00-05:00,,,,,,
2004-11-09 00:00:00-05:00,,,,,,
2004-11-10 00:00:00-05:00,,,,,,
2004-11-11 00:00:00-05:00,,,,,,
2004-11-12 00:00:00-05:00,,,,,,
2004-11-15 00:00:00-05:00,,,,,,
2004-11-16 00:00:00-05:00,,,,,,
2004-11-17 00:00:00-05:00,,,,,,
2004-11-18 00:00:00-05:00,,,,,,
2004-11-19 00:00:00-05:00,,,,,,
2004-11-22 00:00:00-05:00,,,,,,
2004-11-23 00:00:00-05:00,,,,,,
2004-11-24 00:00:00-05:00,,,,,,
2004-11-26 00:00:00-05:00,,,,,,
2004-11-29 00:00:00-05:00,,,,,,
2004-11-30 00:00:00-05:00,,,,,,
2004-12-01 00:00:00-05:00,,,,,,
2004-12-02 00:00:00-05:00,,,,,,
2004-12-03 00:00:00-05:00,,,,,,
2004-12-06 00:00:00-05:00,,,,,,
2004-12-07 00:00:00-05:00,,,,,,
2004-12-08 00:00:00-05:00,,,,,,
2004-12-09 00:00:00-05:00,,,,,,
2004-12-10 00:00:00-05:00,,,,,,
2004-12-13 00:00:00-05:00,,,,,,
2004-12-14 00:00:00-05:00,,,,,,
2004-12-15 00:00:00-05:00,,,,,,
2004-12-16 00:00:00-05:00,,,,,,
2004-12-17 00:00:00-05:00,,,,,,
2004-12-20 00:00:00-05:00,,,,,,
2004-12-21 00:00:00-05:00,,,,,,
2004-12-22 00:00:00-05:00,,,,,,
2004-12-23 00:00:00-05:00,,,,,,
2004-12-27 00:00:00-05:00,,,,,,
2004-12-28 00:00:00-05:00,,,,,,
2004-12-29 00:00:00-05:00,,,,,,
2004-12-30 00:00:00-05:00,,,,,,
2004-12-31 00:00:00-05:00,,,,,,
2005-01-03 00:00:00-05:00,,,,,,
2005-01-04 00:00:00-05:00,,,,,,
2005-01-05 00:00:00-05:00,,,,,,
2005-01-06 00:00:00-05:00,,,,,,
2005-01-07 00:00:00-05:00,,,,,,
2005-01-10 00:00:00-05:00,,,,,,
2005-01-11 00:00:00-05:00,,,,,,
2005-01-12 00:00:00-05:00,,,,,,
2005-01-13 00:00:00-05:00,,,,,,
2005-01-14 00:00:00-05:00,,,,,,
2005-01-18 00:00:00-05:00,,,,,,
2005-01-19 00:00:00-05:00,,,,,,
2005-01-20 00:00:00-05:00,,,,,,
2005-01-21 00:00:00-05:00,,,,,,
2005-01-24 00:00:00-05:00,,,,,,
2005-01-25 00:00:00-05:00,,,,,,
2005-01-26 00:00:00-05:00,,,,,,
2005-01-27 00:00:00-05:00,,,,,,
2005-01-28 00:00:00-05:00,,,,,,
2005-01-31 00:00:00-05:00,,,,,,
2005-02-01 00:00:00-05:00,,,,,,
2005-02-02 00:00:00-05:00,,,,,,
2005-02-03 00:00:00-05:00,,,,,,
2005-02-04 00:00:00-05:00,,,,,,
2005-02-07 00:00:00-05:00,,,,,,
2005-02-08 00:00:00-05:00,,,,,,
2005-02-09 00:00:00-05:00,,,,,,
2005-02-10 00:00:00-05:00,,,,,,
2005-02-11 00:00:00-05:00,,,,,,
2005-02-14 00:00:00-05:00,,,,,,
2005-02-15 00:00:00-05:00,,,,,,
2005-02-16 00:00:00-05:00,,,,,,
2005-02-17 00:00:00-05:00,,,,,,
2005-02-18 00:00:00-05:00,,,,,,
2005-02-22 00:00:00-05:00,,,,,,
2005-02-23 00:00:00-05:00,,,,,,
2005-02-24 00:00:00-05:00,,,,,,
2005-02-25 00:00:00-05:00,,,,,,
2005-02-28 00:00:00-05:00,,,,,,
2005-03-01 00:00:00-05:00,,,,,,
2005-03-02 00:00:00-05:00,,,,,,
2005-03-03 00:00:00-05:00,,,,,,
2005-03-04 00:00:00-05:00,,,,,,
2005-03-07 00:00:00-05:00,,,,,,
2005-03-08 00:00:00-05:00,,,,,,
2005-03-09 00:00:00-05:00,,,,,,
2005-03-10 00:00:00-05:00,,,,,,
2005-03-11 00:00:00-05:00,,,,,,
2005-03-14 00:00:00-05:00,,,,,,
2005-03-15 00:00:00-05:00,,,,,,
2005-03-16 00:00:00-05:00,,,,,,
2005-03-17 00:00:00-05:00,,,,,,
2005-03-18 00:00:00-05:00,,,,,,
2005-03-21 00:00:00-05:00,,,,,,
2005-03-22 00:00:00-05:00,,,,,,
2005-03-23 00:00:00-05:00,,,,,,
2005-03-24 00:00:00-05:00,,,,,,
2005-03-28 00:00:00-05:00,,,,,,
2005-03-29 00:00:00-05:00,,,,,,
2005-03-30 00:00:00-05:00,,,,,,
2005-03-31 00:00:00-05:00,,,,,,
2005-04-01 00:00:00-05:00,,,,,,
2005-04-04 00:00:00-04:00,,,,,,
2005-04-05 00:00:00-04:00,,,,,,
2005-04-06 00:00:00-04:00,,,,,,
2005-04-07 00:00:00-04:00,,,,,,
2005-04-08 00:00:00-04:00,,,,,,
2005-04-11 00:00:00-04:00,,,,,,
2005-04-12 00:00:00-04:00,,,,,,
2005-04-13 00:00:00-04:00,,,,,,
2005-04-14 00:00:00-04:00,,,,,,
2005-04-15 00:00:00-04:00,,,,,,
2005-04-18 00:00:00-04:00,,,,,,
2005-04-19 00:00:00-04:00,,,,,,
2005-04-20 00:00:00-04:00,,,,,,
2005-04-21 00:00:00-04:00,,,,,,
2005-04-22 00:00:00-04:00,,,,,,
2005-04-25 00:00:00-04:00,,,,,,
2005-04-26 00:00:00-04:00,,,,,,
2005-04-27 00:00:00-04:00,,,,,,
2005-04-28 00:00:00-04:00,,,,,,
2005-04-29 00:00:00-04:00,,,,,,
2005-05-02 00:00:00-04:00,,,,,,
2005-05-03 00:00:00-04:00,,,,,,
2005-05-04 00:00:00-04:00,,,,,,
2005-05-05 00:00:00-04:00,,,,,,
2005-05-06 00:00:00-04:00,,,,,,
2005-05-09 00:00:00-04:00,,,,,,
2005-05-10 00:00:00-04:00,,,,,,
2005-05-11 00:00:00-04:00,,,,,,
2005-05-12 00:00:00-04:00,,,,,,
2005-05-13 00:00:00-04:00,,,,,,
2005-05-16 00:00:00-04:00,,,,,,
2005-05-17 00:00:00-04:00,,,,,,
2005-05-18 00:00:00-04:00,,,,,,
2005-05-19 00:00:00-04:00,,,,,,
2005-05-20 00:00:00-04:00,,,,,,
2005-05-23 00:00:00-04:00,,,,,,
2005-05-24 00:00:00-04:00,,,,,,
2005-05-25 00:00:00-04:00,,,,,,
2005-05-26 00:00:00-04:00,,,,,,
2005-05-27 00:00:00-04:00,,,,,,
2005-05-31 00:00:00-04:00,,,,,,
2005-06-01 00:00:00-04:00,,,,,,
2005-06-02 00:00:00-04:00,,,,,,
2005-06-03 00:00:00-04:00,,,,,,
2005-06-06 00:00:00-04:00,,,,,,
2005-06-07 00:00:00-04:00,,,,,,
2005-06-08 00:00:00-04:00,,,,,,
2005-06-09 00:00:00-04:00,,,,,,
2005-06-10 00:00:00-04:00,,,,,,
2005-06-13 00:00:00-04:00,,,,,,
2005-06-14 00:00:00-04:00,,,,,,
2005-06-15 00:00:00-04:00,,,,,,
2005-06-16 00:00:00-04:00,,,,,,
2005-06-17 00:00:00-04:00,,,,,,
2005-06-20 00:00:00-04:00,,,,,,
2005-06-21 00:00:00-04:00,,,,,,
2005-06-22 00:00:00-04:00,,,,,,
2005-06-23 00:00:00-04:00,,,,,,
2005-06-24 00:00:00-04:00,,,,,,
2005-06-27 00:00:00-04:00,,,,,,
2005-06-28 00:00:00-04:00,,,,,,
2005-06-29 00:00:00-04:00,,,,,,
2005-06-30 00:00:00-04:00,,,,,,
2005-07-01 00:00:00-04:00,,,,,,
2005-07-05 00:00:00-04:00,,,,,,
2005-07-06 00:00:00-04:00,,,,,,
2005-07-07 00:00:00-04:00,,,,,,
2005-07-08 00:00:00-04:00,,,,,,
2005-07-11 00:00:00-04:00,,,,,,
2005-07-12 00:00:00-04:00,,,,,,
2005-07-13 00:00:00-04:00,,,,,,
2005-07-14 00:00:00-04:00,,,,,,
2005-07-15 00:00:00-04:00,,,,,,
2005-07-18 00:00:00-04:00,,,,,,
2005-07-19 00:00:00-04:00,,,,,,
2005-07-20 00:00:00-04:00,,,,,,
2005-07-21 00:00:00-04:00,,,,,,
2005-07-22 00:00:00-04:00,,,,,,
2005-07-25 00:00:00-04:00,,,,,,
2005-07-26 00:00:00-04:00,,,,,,
2005-07-27 00:00:00-04:00,,,,,,
2005-07-28 00:00:00-04:00,,,,,,
2005-07-29 00:00:00-04:00,,,,,,
2005-08-01 00:00:00-04:00,,,,,,
2005-08-02 00:00:00-04:00,,,,,,
2005-08-03 00:00:00-04:00,,,,,,
2005-08-04 00:00:00-04:00,,,,,,
2005-08-05 00:00:00-04:00,,,,,,
2005-08-08 00:00:00-04:00,,,,,,
2005-08-09 00:00:00-04:00,,,,,,
2005-08-10 00:00:00-04:00,,,,,,
2005-08-11 00:00:00-04:00,,,,,,
2005-08-12 00:00:00-04:00,,,,,,
2005-08-15 00:00:00-04:00,,,,,,
2005-08-16 00:00:00-04:00,,,,,,
2005-08-17 00:00:00-04:00,,,,,,
2005-08-18 00:00:00-04:00,,,,,,
2005-08-19 00:00:00-04:00,,,,,,
2005-08-22 00:00:00-04:00,,,,,,
2005-08-23 00:00:00-04:00,,,,,,
2005-08-24 00:00:00-04:00,,,,,,
2005-08-25 00:00:00-04:00,,,,,,
2005-08-26 00:00:00-04:00,,,,,,
2005-08-29 00:00:00-04:00,,,,,,
2005-08-30 00:00:00-04:00,,,,,,
2005-08-31 00:00:00-04:00,,,,,,
2005-09-01 00:00:00-04:00,,,,,,
2005-09-02 00:00:00-04:00,,,,,,
2005-09-06 00:00:00-04:00,,,,,,
2005-09-07 00:00:00-04:00,,,,,,
2005-09-08 00:00:00-04:00,,,,,,
2005-09-09 00:00:00-04:00,,,,,,
2005-09-12 00:00:00-04:00,,,,,,
2005-09-13 00:00:00-04:00,,,,,,
2005-09-14 00:00:00-04:00,,,,,,
2005-09-15 00:00:00-04:00,,,,,,
2005-09-16 00:00:00-04:00,,,,,,
2005-09-19 00:00:00-04:00,,,,,,
2005-09-20 00:00:00-04:00,,,,,,
2005-09-21 00:00:00-04:00,,,,,,
2005-09-22 00:00:00-04:00,,,,,,
2005-09-23 00:00:00-04:00,,,,,,
2005-09-26 00:00:00-04:00,,,,,,
2005-09-27 00:00:00-04:00,,,,,,
2005-09-28 00:00:00-04:00,,,,,,
2005-09-29 00:00:00-04:00,,,,,,
2005-09-30 00:00:00-04:00,,,,,,
2005-10-03 00:00:00-04:00,,,,,,
2005-10-04 00:00:00-04:00,,,,,,
2005-10-05 00:00:00-04:00,,,,,,
2005-10-06 00:00:00-04:00,,,,,,
2005-10-07 00:00:00-04:00,,,,,,
2005-10-10 00:00:00-04:00,,,,,,
2005-10-11 00:00:00-04:00,,,,,,
2005-10-12 00:00:00-04:00,,,,,,
2005-10-13 00:00:00-04:00,,,,,,
2005-10-14 00:00:00-04:00,,,,,,
2005-10-17 00:00:00-04:00,,,,,,
2005-10-18 00:00:00-04:00,,,,,,
2005-10-19 00:00:00-04:00,,,,,,
2005-10-20 00:00:00-04:00,,,,,,
2005-10-21 00:00:00-04:00,,,,,,
2005-10-24 00:00:00-04:00,,,,,,
2005-10-25 00:00:00-04:00,,,,,,
2005-10-26 00:00:00-04:00,,,,,,
2005-10-27 00:00:00-04:00,,,,,,
2005-10-28 00:00:00-04:00,,,,,,
2005-10-31 00:00:00-05:00,,,,,,
2005-11-01 00:00:00-05:00,,,,,,
2005-11-02 00:00:00-05:00,,,,,,
2005-11-03 00:00:00-05:00,,,,,,
2005-11-04 00:00:00-05:00,,,,,,
2005-11-07 00:00:00-05:00,,,,,,
2005-11-08 00:00:00-05:00,,,,,,
2005-11-09 00:00:00-05:00,,,,,,
2005-11-10 00:00:00-05:00,,,,,,
2005-11-11 00:00:00-05:00,,,,,,
2005-11-14 00:00:00-05:00,,,,,,
2005-11-15 00:00:00-05:00,,,,,,
2005-11-16 00:00:00-05:00,,,,,,
2005-11-17 00:00:00-05:00,,,,,,
2005-11-18 00:00:00-05:00,,,,,,
2005-11-21 00:00:00-05:00,,,,,,
2005-11-22 00:00:00-05:00,,,,,,
2005-11-23 00:00:00-05:00,,,,,,
2005-11-25 00:00:00-05:00,,,,,,
2005-11-28 00:00:00-05:00,,,,,,
2005-11-29 00:00:00-05:00,,,,,,
2005-11-30 00:00:00-05:00,,,,,,
2005-12-01 00:00:00-05:00,,,,,,
2005-12-02 00:00:00-05:00,,,,,,
2005-12-05 00:00:00-05:00,,,,,,
2005-12-06 00:00:00-05:00,,,,,,
2005-12-07 00:00:00-05:00,,,,,,
2005-12-08 00:00:00-05:00,,,,,,
2005-12-09 00:00:00-05:00,,,,,,
2005-12-12 00:00:00-05:00,,,,,,
2005-12-13 00:00:00-05:00,,,,,,
2005-12-14 00:00:00-05:00,,,,,,
2005-12-15 00:00:00-05:00,,,,,,
2005-12-16 00:00:00-05:00,,,,,,
2005-12-19 00:00:00-05:00,,,,,,
2005-12-20 00:00:00-05:00,,,,,,
2005-12-21 00:00:00-05:00,,,,,,
2005-12-22 00:00:00-05:00,,,,,,
2005-12-23 00:00:00-05:00,,,,,,
2005-12-27 00:00:00-05:00,,,,,,
2005-12-28 00:00:00-05:00,,,,,,
2005-12-29 00:00:00-05:00,,,,,,
2005-12-30 00:00:00-05:00,,,,,,
2006-01-03 00:00:00-05:00,,,,,,
2006-01-04 00:00:00-05:00,,,,,,
2006-01-05 00:00:00-05:00,,,,,,
2006-01-06 00:00:00-05:00,,,,,,
2006-01-09 00:00:00-05:00,,,,,,
2006-01-10 00:00:00-05:00,,,,,,
2006-01-11 00:00:00-05:00,,,,,,
2006-01-12 00:00:00-05:00,,,,,,
2006-01-13 00:00:00-05:00,,,,,,
2006-01-17 00:00:00-05:00,,,,,,
2006-01-18 00:00:00-05:00,,,,,,
2006-01-19 00:00:00-05:00,,,,,,
2006-01-20 00:00:00-05:00,,,,,,
2006-01-23 00:00:00-05:00,,,,,,
2006-01-24 00:00:00-05:00,,,,,,
2006-01-25 00:00:00-05:00,,,,,,
2006-01-26 00:00:00-05:00,,,,,,
2006-01-27 00:00:00-05:00,,,,,,
2006-01-30 00:00:00-05:00,,,,,,
2006-01-31 00:00:00-05:00,,,,,,
2006-02-01 00:00:00-05:00,,,,,,
2006-02-02 00:00:00-05:00,,,,,,
2006-02-03 00:00:00-05:00,,,,,,
2006-02-06 00:00:00-05:00,,,,,,
2006-02-07 00:00:00-05:00,,,,,,
2006-02-08 00:00:00-05:00,,,,,,
2006-02-09 00:00:00-05:00,,,,,,
2006-02-10 00:00:00-05:00,,,,,,
2006-02-13 00:00:00-05:00,,,,,,
2006-02-14 00:00:00-05:00,,,,,,
2006-02-15 00:00:00-05:00,,,,,,
2006-02-16 00:00:00-05:00,,,,,,
2006-02-17 00:00:00-05:00,,,,,,
2006-02-21 00:00:00-05:00,,,,,,
2006-02-22 00:00:00-05:00,,,,,,
2006-02-23 00:00:00-05:00,,,,,,
2006-02-24 00:00:00-05:00,,,,,,
2006-02-27 00:00:00-05:00,,,,,,
2006-02-28 00:00:00-05:00,,,,,,
2006-03-01 00:00:00-05:00,,,,,,
2006-03-02 00:00:00-05:00,,,,,,
2006-03-03 00:00:00-05:00,,,,,,
2006-03-06 00:00:00-05:00,,,,,,
2006-03-07 00:00:00-05:00,,,,,,
2006-03-08 00:00:00-05:00,,,,,,
2006-03-09 00:00:00-05:00,,,,,,
2006-03-10 00:00:00-05:00,,,,,,
2006-03-13 00:00:00-05:00,,,,,,
2006-03-14 00:00:00-05:00,,,,,,
2006-03-15 00:00:00-05:00,,,,,,
2006-03-16 00:00:00-05:00,,,,,,
2006-03-17 00:00:00-05:00,,,,,,
2006-03-20 00:00:00-05:00,,,,,,
2006-03-21 00:00:00-05:00,,,,,,
2006-03-22 00:00:00-05:00,,,,,,
2006-03-23 00:00:00-05:00,,,,,,
2006-03-24 00:00:00-05:00,,,,,,
2006-03-27 00:00:00-05:00,,,,,,
2006-03-28 00:00:00-05:00,,,,,,
2006-03-29 00:00:00-05:00,,,,,,
2006-03-30 00:00:00-05:00,,,,,,
2006-03-31 00:00:00-05:00,,,,,,
2006-04-03 00:00:00-04:00,,,,,,
2006-04-04 00:00:00-04:00,,,,,,
2006-04-05 00:00:00-04:00,,,,,,
2006-04-06 00:00:00-04:00,,,,,,
2006-04-07 00:00:00-04:00,,,,,,
2006-04-10 00:00:00-04:00,,,,,,
2006-04-11 00:00:00-04:00,,,,,,
2006-04-12 00:00:00-04:00,,,,,,
2006-04-13 00:00:00-04:00,,,,,,
2006-04-17 00:00:00-04:00,,,,,,
2006-04-18 00:00:00-04:00,,,,,,
2006-04-19 00:00:00-04:00,,,,,,
2006-04-20 00:00:00-04:00,,,,,,
2006-04-21 00:00:00-04:00,,,,,,
2006-04-24 00:00:00-04:00,,,,,,
2006-04-25 00:00:00-04:00,,,,,,
2006-04-26 00:00:00-04:00,,,,,,
2006-04-27 00:00:00-04:00,,,,,,
2006-04-28 00:00:00-04:00,,,,,,
2006-05-01 00:00:00-04:00,,,,,,
2006-05-02 00:00:00-04:00,,,,,,
2006-05-03 00:00:00-04:00,,,,,,
2006-05-04 00:00:00-04:00,,,,,,
2006-05-05 00:00:00-04:00,,,,,,
2006-05-08 00:00:00-04:00,,,,,,
2006-05-09 00:00:00-04:00,,,,,,
2006-05-10 00:00:00-04:00,,,,,,
2006-05-11 00:00:00-04:00,,,,,,
2006-05-12 00:00:00-04:00,,,,,,
2006-05-15 00:00:00-04:00,,,,,,
2006-05-16 00:00:00-04:00,,,,,,
2006-05-17 00:00:00-04:00,,,,,,
2006-05-18 00:00:00-04:00,,,,,,
2006-05-19 00:00:00-04:00,,,,,,
2006-05-22 00:00:00-04:00,,,,,,
2006-05-23 00:00:00-04:00,,,,,,
2006-05-24 00:00:00-04:00,,,,,,
2006-05-25 00:00:00-04:00,,,,,,
2006-05-26 00:00:00-04:00,,,,,,
2006-05-30 00:00:00-04:00,,,,,,
2006-05-31 00:00:00-04:00,,,,,,
2006-06-01 00:00:00-04:00,,,,,,
2006-06-02 00:00:00-04:00,,,,,,
2006-06-05 00:00:00-04:00,,,,,,
2006-06-06 00:00:00-04:00,,,,,,
2006-06-07 00:00:00-04:00,,,,,,
2006-06-08 00:00:00-04:00,,,,,,
2006-06-09 00:00:00-04:00,,,,,,
2006-06-12 00:00:00-04:00,,,,,,
2006-06-13 00:00:00-04:00,,,,,,
2006-06-14 00:00:00-04:00,,,,,,
2006-06-15 00:00:00-04:00,,,,,,
2006-06-16 00:00:00-04:00,,,,,,
2006-06-19 00:00:00-04:00,,,,,,
2006-06-20 00:00:00-04:00,,,,,,
2006-06-21 00:00:00-04:00,,,,,,
2006-06-22 00:00:00-04:00,,,,,,
2006-06-23 00:00:00-04:00,,,,,,
2006-06-26 00:00:00-04:00,,,,,,
2006-06-27 00:00:00-04:00,,,,,,
2006-06-28 00:00:00-04:00,,,,,,
2006-06-29 00:00:00-04:00,,,,,,
2006-06-30 00:00:00-04:00,,,,,,
2006-07-03 00:00:00-04:00,,,,,,
2006-07-05 00:00:00-04:00,,,,,,
2006-07-06 00:00:00-04:00,,,,,,
2006-07-07 00:00:00-04:00,,,,,,
2006-07-10 00:00:00-04:00,,,,,,
2006-07-11 00:00:00-04:00,,,,,,
2006-07-12 00:00:00-04:00,,,,,,
2006-07-13 00:00:00-04:00,,,,,,
2006-07-14 00:00:00-04:00,,,,,,
2006-07-17 00:00:00-04:00,,,,,,
2006-07-18 00:00:00-04:00,,,,,,
2006-07-19 00:00:00-04:00,,,,,,
2006-07-20 00:00:00-04:00,,,,,,
2006-07-21 00:00:00-04:00,,,,,,
2006-07-24 00:00:00-04:00,,,,,,
2006-07-25 00:00:00-04:00,,,,,,
2006-07-26 00:00:00-04:00,,,,,,
2006-07-27 00:00:00-04:00,,,,,,
2006-07-28 00:00:00-04:00,,,,,,
2006-07-31 00:00:00-04:00,,,,,,
2006-08-01 00:00:00-04:00,,,,,,
2006-08-02 00:00:00-04:00,,,,,,
2006-08-03 00:00:00-04:00,,,,,,
2006-08-04 00:00:00-04:00,,,,,,
2006-08-07 00:00:00-04:00,,,,,,
2006-08-08 00:00:00-04:00,,,,,,
2006-08-09 00:00:00-04:00,,,,,,
2006-08-10 00:00:00-04:00,,,,,,
2006-08-11 00:00:00-04:00,,,,,,
2006-08-14 00:00:00-04:00,,,,,,
2006-08-15 00:00:00-04:00,,,,,,
2006-08-16 00:00:00-04:00,,,,,,
2006-08-17 00:00:00-04:00,,,,,,
2006-08-18 00:00:00-04:00,,,,,,
2006-08-21 00:00:00-04:00,,,,,,
2006-08-22 00:00:00-04:00,,,,,,
2006-08-23 00:00:00-04:00,,,,,,
2006-08-24 00:00:00-04:00,,,,,,
2006-08-25 00:00:00-04:00,,,,,,
2006-08-28 00:00:00-04:00,,,,,,
2006-08-29 00:00:00-04:00,,,,,,
2006-08-30 00:00:00-04:00,,,,,,
2006-08-31 00:00:00-04:00,,,,,,
2006-09-01 00:00:00-04:00,,,,,,
2006-09-05 00:00:00-04:00,,,,,,
2006-09-06 00:00:00-04:00,,,,,,
2006-09-07 00:00:00-04:00,,,,,,
2006-09-08 00:00:00-04:00,,,,,,
2006-09-11 00:00:00-04:00,,,,,,
2006-09-12 00:00:00-04:00,,,,,,
2006-09-13 00:00:00-04:00,,,,,,
2006-09-14 00:00:00-04:00,,,,,,
2006-09-15 00:00:00-04:00,,,,,,
2006-09-18 00:00:00-04:00,,,,,,
2006-09-19 00:00:00-04:00,,,,,,
2006-09-20 00:00:00-04:00,,,,,,
2006-09-21 00:00:00-04:00,,,,,,
2006-09-22 00:00:00-04:00,,,,,,
2006-09-25 00:00:00-04:00,,,,,,
2006-09-26 00:00:00-04:00,,,,,,
2006-09-27 00:00:00-04:00,,,,,,
2006-09-28 00:00:00-04:00,,,,,,
2006-09-29 00:00:00-04:00,,,,,,
2006-10-02 00:00:00-04:00,,,,,,
2006-10-03 00:00:00-04:00,,,,,,
2006-10-04 00:00:00-04:00,,,,,,
2006-10-05 00:00:00-04:00,,,,,,
2006-10-06 00:00:00-04:00,,,,,,
2006-10-09 00:00:00-04:00,,,,,,
2006-10-10 00:00:00-04:00,,,,,,
2006-10-11 00:00:00-04:00,,,,,,
2006-10-12 00:00:00-04:00,,,,,,
2006-10-13 00:00:00-04:00,,,,,,
2006-10-16 00:00:00-04:00,,,,,,
2006-10-17 00:00:00-04:00,,,,,,
2006-10-18 00:00:00-04:00,,,,,,
2006-10-19 00:00:00-04:00,,,,,,
2006-10-20 00:00:00-04:00,,,,,,
2006-10-23 00:00:00-04:00,,,,,,
2006-10-24 00:00:00-04:00,,,,,,
2006-10-25 00:00:00-04:00,,,,,,
2006-10-26 00:00:00-04:00,,,,,,
2006-10-27 00:00:00-04:00,,,,,,
2006-10-30 00:00:00-05:00,,,,,,
2006-10-31 00:00:00-05:00,,,,,,
2006-11-01 00:00:00-05:00,,,,,,
2006-11-02 00:00:00-05:00,,,,,,
2006-11-03 00:00:00-05:00,,,,,,
2006-11-06 00:00:00-05:00,,,,,,
2006-11-07 00:00:00-05:00,,,,,,
2006-11-08 00:00:00-05:00,,,,,,
2006-11-09 00:00:00-05:00,,,,,,
2006-11-10 00:00:00-05:00,,,,,,
2006-11-13 00:00:00-05:00,,,,,,
2006-11-14 00:00:00-05:00,,,,,,
2006-11-15 00:00:00-05:00,,,,,,
2006-11-16 00:00:00-05:00,,,,,,
2006-11-17 00:00:00-05:00,,,,,,
2006-11-20 00:00:00-05:00,,,,,,
2006-11-21 00:00:00-05:00,,,,,,
2006-11-22 00:00:00-05:00,,,,,,
2006-11-24 00:00:00-05:00,,,,,,
2006-11-27 00:00:00-05:00,,,,,,
2006-11-28 00:00:00-05:00,,,,,,
2006-11-29 00:00:00-05:00,,,,,,
2006-11-30 00:00:00-05:00,,,,,,
2006-12-01 00:00:00-05:00,,,,,,
2006-12-04 00:00:00-05:00,,,,,,
2006-12-05 00:00:00-05:00,,,,,,
2006-12-06 00:00:00-05:00,,,,,,
2006-12-07 00:00:00-05:00,,,,,,
2006-12-08 00:00:00-05:00,,,,,,
2006-12-11 00:00:00-05:00,,,,,,
2006-12-12 00:00:00-05:00,,,,,,
2006-12-13 00:00:00-05:00,,,,,,
2006-12-14 00:00:00-05:00,,,,,,
2006-12-15 00:00:00-05:00,,,,,,
2006-12-18 00:00:00-05:00,,,,,,
2006-12-19 00:00:00-05:00,,,,,,
2006-12-20 00:00:00-05:00,,,,,,
2006-12-21 00:00:00-05:00,,,,,,
2006-12-22 00:00:00-05:00,,,,,,
2006-12-26 00:00:00-05:00,,,,,,
2006-12-27 00:00:00-05:00,,,,,,
2006-12-28 00:00:00-05:00,,,,,,
2006-12-29 00:00:00-05:00,,,,,,
2007-01-03 00:00:00-05:00,,,,,,
2007-01-04 00:00:00-05:00,,,,,,
2007-01-05 00:00:00-05:00,,,,,,
2007-01-08 00:00:00-05:00,,,,,,
2007-01-09 00:00:00-05:00,,,,,,
2007-01-10 00:00:00-05:00,,,,,,
2007-01-11 00:00:00-05:00,,,,,,
2007-01-12 00:00:00-05:00,,,,,,
2007-01-16 00:00:00-05:00,,,,,,
2007-01-17 00:00:00-05:00,,,,,,
2007-01-18 00:00:00-05:00,,,,,,
2007-01-19 00:00:00-05:00,,,,,,
2007-01-22 00:00:00-05:00,,,,,,
2007-01-23 00:00:00-05:00,,,,,,
2007-01-24 00:00:00-05:00,,,,,,
2007-01-25 00:00:00-05:00,,,,,,
2007-01-26 00:00:00-05:00,,,,,,
2007-01-29 00:00:00-05:00,,,,,,
2007-01-30 00:00:00-05:00,,,,,,
2007-01-31 00:00:00-05:00,,,,,,
2007-02-01 00:00:00-05:00,,,,,,
2007-02-02 00:00:00-05:00,,,,,,
2007-02-05 00:00:00-05:00,,,,,,
2007-02-06 00:00:00-05:00,,,,,,
2007-02-07 00:00:00-05:00,,,,,,
2007-02-08 00:00:00-05:00,,,,,,
2007-02-09 00:00:00-05:00,,,,,,
2007-02-12 00:00:00-05:00,,,,,,
2007-02-13 00:00:00-05:00,,,,,,
2007-02-14 00:00:00-05:00,,,,,,
2007-02-15 00:00:00-05:00,,,,,,
2007-02-16 00:00:00-05:00,,,,,,
2007-02-20 00:00:00-05:00,,,,,,
2007-02-21 00:00:00-05:00,,,,,,
2007-02-22 00:00:00-05:00,,,,,,
2007-02-23 00:00:00-05:00,,,,,,
2007-02-26 00:00:00-05:00,,,,,,
2007-02-27 00:00:00-05:00,,,,,,
2007-02-28 00:00:00-05:00,,,,,,
2007-03-01 00:00:00-05:00,,,,,,
2007-03-02 00:00:00-05:00,,,,,,
2007-03-05 00:00:00-05:00,,,,,,
2007-03-06 00:00:00-05:00,,,,,,
2007-03-07 00:00:00-05:00,,,,,,
2007-03-08 00:00:00-05:00,,,,,,
2007-03-09 00:00:00-05:00,,,,,,
2007-03-12 00:00:00-04:00,,,,,,
2007-03-13 00:00:00-04:00,,,,,,
2007-03-14 00:00:00-04:00,,,,,,
2007-03-15 00:00:00-04:00,,,,,,
2007-03-16 00:00:00-04:00,,,,,,
2007-03-19 00:00:00-04:00,,,,,,
2007-03-20 00:00:00-04:00,,,,,,
2007-03-21 00:00:00-04:00,,,,,,
2007-03-22 00:00:00-04:00,,,,,,
2007-03-23 00:00:00-04:00,,,,,,
2007-03-26 00:00:00-04:00,,,,,,
2007-03-27 00:00:00-04:00,,,,,,
2007-03-28 00:00:00-04:00,,,,,,
2007-03-29 00:00:00-04:00,,,,,,
2007-03-30 00:00:00-04:00,,,,,,
2007-04-02 00:00:00-04:00,,,,,,
2007-04-03 00:00:00-04:00,,,,,,
2007-04-04 00:00:00-04:00,,,,,,
2007-04-05 00:00:00-04:00,,,,,,
2007-04-09 00:00:00-04:00,,,,,,
2007-04-10 00:00:00-04:00,,,,,,
2007-04-11 00:00:00-04:00,,,,,,
2007-04-12 00:00:00-04:00,,,,,,
2007-04-13 00:00:00-04:00,,,,,,
2007-04-16 00:00:00-04:00,,,,,,
2007-04-17 00:00:00-04:00,,,,,,
2007-04-18 00:00:00-04:00,,,,,,
2007-04-19 00:00:00-04:00,,,,,,
2007-04-20 00:00:00-04:00,,,,,,
2007-04-23 00:00:00-04:00,,,,,,
2007-04-24 00:00:00-04:00,,,,,,
2007-04-25 00:00:00-04:00,,,,,,
2007-04-26 00:00:00-04:00,,,,,,
2007-04-27 00:00:00-04:00,,,,,,
2007-04-30 00:00:00-04:00,,,,,,
2007-05-01 00:00:00-04:00,,,,,,
2007-05-02 00:00:00-04:00,,,,,,
2007-05-03 00:00:00-04:00,,,,,,
2007-05-04 00:00:00-04:00,,,,,,
2007-05-07 00:00:00-04:00,,,,,,
2007-05-08 00:00:00-04:00,,,,,,
2007-05-09 00:00:00-04:00,,,,,,
2007-05-10 00:00:00-04:00,,,,,,
2007-05-11 00:00:00-04:00,,,,,,
2007-05-14 00:00:00-04:00,,,,,,
2007-05-15 00:00:00-04:00,,,,,,
2007-05-16 00:00:00-04:00,,,,,,
2007-05-17 00:00:00-04:00,,,,,,
2007-05-18 00:00:00-04:00,,,,,,
2007-05-21 00:00:00-04:00,,,,,,
2007-05-22 00:00:00-04:00,,,,,,
2007-05-23 00:00:00-04:00,,,,,,
2007-05-24 00:00:00-04:00,,,,,,
2007-05-25 00:00:00-04:00,,,,,,
2007-05-29 00:00:00-04:00,,,,,,
2007-05-30 00:00:00-04:00,,,,,,
2007-05-31 00:00:00-04:00,,,,,,
2007-06-01 00:00:00-04:00,,,,,,
2007-06-04 00:00:00-04:00,,,,,,
2007-06-05 00:00:00-04:00,,,,,,
2007-06-06 00:00:00-04:00,,,,,,
2007-06-07 00:00:00-04:00,,,,,,
2007-06-08 00:00:00-04:00,,,,,,
2007-06-11 00:00:00-04:00,,,,,,
2007-06-12 00:00:00-04:00,,,,,,
2007-06-13 00:00:00-04:00,,,,,,
2007-06-14 00:00:00-04:00,,,,,,
2007-06-15 00:00:00-04:00,,,,,,
2007-06-18 00:00:00-04:00,,,,,,
2007-06-19 00:00:00-04:00,,,,,,
2007-06-20 00:00:00-04:00,,,,,,
2007-06-21 00:00:00-04:00,,,,,,
2007-06-22 00:00:00-04:00,,,,,,
2007-06-25 00:00:00-04:00,,,,,,
2007-06-26 00:00:00-04:00,,,,,,
2007-06-27 00:00:00-04:00,,,,,,
2007-06-28 00:00:00-04:00,,,,,,
2007-06-29 00:00:00-04:00,,,,,,
2007-07-02 00:00:00-04:00,,,,,,
2007-07-03 00:00:00-04:00,,,,,,
2007-07-05 00:00:00-04:00,,,,,,
2007-07-06 00:00:00-04:00,,,,,,
2007-07-09 00:00:00-04:00,,,,,,
2007-07-10 00:00:00-04:00,,,,,,
2007-07-11 00:00:00-04:00,,,,,,
2007-07-12 00:00:00-04:00,,,,,,
2007-07-13 00:00:00-04:00,,,,,,
2007-07-16 00:00:00-04:00,,,,,,
2007-07-17 00:00:00-04:00,,,,,,
2007-07-18 00:00:00-04:00,,,,,,
2007-07-19 00:00:00-04:00,,,,,,
2007-07-20 00:00:00-04:00,,,,,,
2007-07-23 00:00:00-04:00,,,,,,
2007-07-24 00:00:00-04:00,,,,,,
2007-07-25 00:00:00-04:00,,,,,,
2007-07-26 00:00:00-04:00,,,,,,
2007-07-27 00:00:00-04:00,,,,,,
2007-07-30 00:00:00-04:00,,,,,,
2007-07-31 00:00:00-04:00,,,,,,
2007-08-01 00:00:00-04:00,,,,,,
2007-08-02 00:00:00-04:00,,,,,,
2007-08-03 00:00:00-04:00,,,,,,
2007-08-06 00:00:00-04:00,,,,,,
2007-08-07 00:00:00-04:00,,,,,,
2007-08-08 00:00:00-04:00,,,,,,
2007-08-09 00:00:00-04:00,,,,,,
2007-08-10 00:00:00-04:00,,,,,,
2007-08-13 00:00:00-04:00,,,,,,
2007-08-14 00:00:00-04:00,,,,,,
2007-08-15 00:00:00-04:00,,,,,,
2007-08-16 00:00:00-04:00,,,,,,
2007-08-17 00:00:00-04:00,,,,,,
2007-08-20 00:00:00-04:00,,,,,,
2007-08-21 00:00:00-04:00,,,,,,
2007-08-22 00:00:00-04:00,,,,,,
2007-08-23 00:00:00-04:00,,,,,,
2007-08-24 00:00:00-04:00,,,,,,
2007-08-27 00:00:00-04:00,,,,,,
2007-08-28 00:00:00-04:00,,,,,,
2007-08-29 00:00:00-04:00,,,,,,
2007-08-30 00:00:00-04:00,,,,,,
2007-08-31 00:00:00-04:00,,,,,,
2007-09-04 00:00:00-04:00,,,,,,
2007-09-05 00:00:00-04:00,,,,,,
2007-09-06 00:00:00-04:00,,,,,,
2007-09-07 00:00:00-04:00,,,,,,
2007-09-10 00:00:00-04:00,,,,,,
2007-09-11 00:00:00-04:00,,,,,,
2007-09-12 00:00:00-04:00,,,,,,
2007-09-13 00:00:00-04:00,,,,,,
2007-09-14 00:00:00-04:00,,,,,,
2007-09-17 00:00:00-04:00,,,,,,
2007-09-18 00:00:00-04:00,,,,,,
2007-09-19 00:00:00-04:00,,,,,,
2007-09-20 00:00:00-04:00,,,,,,
2007-09-21 00:00:00-04:00,,,,,,
2007-09-24 00:00:00-04:00,,,,,,
2007-09-25 00:00:00-04:00,,,,,,
2007-09-26 00:00:00-04:00,,,,,,
2007-09-27 00:00:00-04:00,,,,,,
2007-09-28 00:00:00-04:00,,,,,,
2007-10-01 00:00:00-04:00,,,,,,
2007-10-02 00:00:00-04:00,,,,,,
2007-10-03 00:00:00-04:00,,,,,,
2007-10-04 00:00:00-04:00,,,,,,
2007-10-05 00:00:00-04:00,,,,,,
2007-10-08 00:00:00-04:00,,,,,,
2007-10-09 00:00:00-04:00,,,,,,
2007-10-10 00:00:00-04:00,,,,,,
2007-10-11 00:00:00-04:00,,,,,,
2007-10-12 00:00:00-04:00,,,,,,
2007-10-15 00:00:00-04:00,,,,,,
2007-10-16 00:00:00-04:00,,,,,,
2007-10-17 00:00:00-04:00,,,,,,
2007-10-18 00:00:00-04:00,,,,,,
2007-10-19 00:00:00-04:00,,,,,,
2007-10-22 00:00:00-04:00,,,,,,
2007-10-23 00:00:00-04:00,,,,,,
2007-10-24 00:00:00-04:00,,,,,,
2007-10-25 00:00:00-04:00,,,,,,
2007-10-26 00:00:00-04:00,,,,,,
2007-10-29 00:00:00-04:00,,,,,,
2007-10-30 00:00:00-04:00,,,,,,
2007-10-31 00:00:00-04:00,,,,,,
2007-11-01 00:00:00-04:00,,,,,,
2007-11-02 00:00:00-04:00,,,,,,
2007-11-05 00:00:00-05:00,,,,,,
2007-11-06 00:00:00-05:00,,,,,,
2007-11-07 00:00:00-05:00,,,,,,
2007-11-08 00:00:00-05:00,,,,,,
2007-11-09 00:00:00-05:00,,,,,,
2007-11-12 00:00:00-05:00,,,,,,
2007-11-13 00:00:00-05:00,,,,,,
2007-11-14 00:00:00-05:00,,,,,,
2007-11-15 00:00:00-05:00,,,,,,
2007-11-16 00:00:00-05:00,,,,,,
2007-11-19 00:00:00-05:00,,,,,,
2007-11-20 00:00:00-05:00,,,,,,
2007-11-21 00:00:00-05:00,,,,,,
2007-11-23 00:00:00-05:00,,,,,,
2007-11-26 00:00:00-05:00,,,,,,
2007-11-27 00:00:00-05:00,,,,,,
2007-11-28 00:00:00-05:00,,,,,,
2007-11-29 00:00:00-05:00,,,,,,
2007-11-30 00:00:00-05:00,,,,,,
2007-12-03 00:00:00-05:00,,,,,,
2007-12-04 00:00:00-05:00,,,,,,
2007-12-05 00:00:00-05:00,,,,,,
2007-12-06 00:00:00-05:00,,,,,,
2007-12-07 00:00:00-05:00,,,,,,
2007-12-10 00:00:00-05:00,,,,,,
2007-12-11 00:00:00-05:00,,,,,,
2007-12-12 00:00:00-05:00,,,,,,
2007-12-13 00:00:00-05:00,,,,,,
2007-12-14 00:00:00-05:00,,,,,,
2007-12-17 00:00:00-05:00,,,,,,
2007-12-18 00:00:00-05:00,,,,,,
2007-12-19 00:00:00-05:00,,,,,,
2007-12-20 00:00:00-05:00,,,,,,
2007-12-21 00:00:00-05:00,,,,,,
2007-12-24 00:00:00-05:00,,,,,,
2007-12-26 00:00:00-05:00,,,,,,
2007-12-27 00:00:00-05:00,,,,,,
2007-12-28 00:00:00-05:00,,,,,,
2007-12-31 00:00:00-05:00,,,,,,
2008-01-02 00:00:00-05:00,,,,,,
2008-01-03 00:00:00-05:00,,,,,,
2008-01-04 00:00:00-05:00,,,,,,
2008-01-07 00:00:00-05:00,,,,,,
2008-01-08 00:00:00-05:00,,,,,,
2008-01-09 00:00:00-05:00,,,,,,
2008-01-10 00:00:00-05:00,,,,,,
2008-01-11 00:00:00-05:00,,,,,,
2008-01-14 00:00:00-05:00,,,,,,
2008-01-15 00:00:00-05:00,,,,,,
2008-01-16 00:00:00-05:00,,,,,,
2008-01-17 00:00:00-05:00,,,,,,
2008-01-18 00:00:00-05:00,,,,,,
2008-01-22 00:00:00-05:00,,,,,,
2008-01-23 00:00:00-05:00,,,,,,
2008-01-24 00:00:00-05:00,,,,,,
2008-01-25 00:00:00-05:00,,,,,,
2008-01-28 00:00:00-05:00,,,,,,
2008-01-29 00:00:00-05:00,,,,,,
2008-01-30 00:00:00-05:00,,,,,,
2008-01-31 00:00:00-05:00,,,,,,
2008-02-01 00:00:00-05:00,,,,,,
2008-02-04 00:00:00-05:00,,,,,,
2008-02-05 00:00:00-05:00,,,,,,
2008-02-06 00:00:00-05:00,,,,,,
2008-02-07 00:00:00-05:00,,,,,,
2008-02-08 00:00:00-05:00,,,,,,
2008-02-11 00:00:00-05:00,,,,,,
2008-02-12 00:00:00-05:00,,,,,,
2008-02-13 00:00:00-05:00,,,,,,
2008-02-14 00:00:00-05:00,,,,,,
2008-02-15 00:00:00-05:00,,,,,,
2008-02-19 00:00:00-05:00,,,,,,
2008-02-20 00:00:00-05:00,,,,,,
2008-02-21 00:00:00-05:00,,,,,,
2008-02-22 00:00:00-05:00,,,,,,
2008-02-25 00:00:00-05:00,,,,,,
2008-02-26 00:00:00-05:00,,,,,,
2008-02-27 00:00:00-05:00,,,,,,
2008-02-28 00:00:00-05:00,,,,,,
2008-02-29 00:00:00-05:00,,,,,,
2008-03-03 00:00:00-05:00,,,,,,
2008-03-04 00:00:00-05:00,,,,,,
2008-03-05 00:00:00-05:00,,,,,,
2008-03-06 00:00:00-05:00,,,,,,
2008-03-07 00:00:00-05:00,,,,,,
2008-03-10 00:00:00-04:00,,,,,,
2008-03-11 00:00:00-04:00,,,,,,
2008-03-12 00:00:00-04:00,,,,,,
2008-03-13 00:00:00-04:00,,,,,,
2008-03-14 00:00:00-04:00,,,,,,
2008-03-17 00:00:00-04:00,,,,,,
2008-03-18 00:00:00-04:00,,,,,,
2008-03-19 00:00:00-04:00,,,,,,
2008-03-20 00:00:00-04:00,,,,,,
2008-03-24 00:00:00-04:00,,,,,,
2008-03-25 00:00:00-04:00,,,,,,
2008-03-26 00:00:00-04:00,,,,,,
2008-03-27 00:00:00-04:00,,,,,,
2008-03-28 00:00:00-04:00,,,,,,
2008-03-31 00:00:00-04:00,,,,,,
2008-04-01 00:00:00-04:00,,,,,,
2008-04-02 00:00:00-04:00,,,,,,
2008-04-03 00:00:00-04:00,,,,,,
2008-04-04 00:00:00-04:00,,,,,,
2008-04-07 00:00:00-04:00,,,,,,
2008-04-08 00:00:00-04:00,,,,,,
2008-04-09 00:00:00-04:00,,,,,,
2008-04-10 00:00:00-04:00,,,,,,
2008-04-11 00:00:00-04:00,,,,,,
2008-04-14 00:00:00-04:00,,,,,,
2008-04-15 00:00:00-04:00,,,,,,
2008-04-16 00:00:00-04:00,,,,,,
2008-04-17 00:00:00-04:00,,,,,,
2008-04-18 00:00:00-04:00,,,,,,
2008-04-21 00:00:00-04:00,,,,,,
2008-04-22 00:00:00-04:00,,,,,,
2008-04-23 00:00:00-04:00,,,,,,
2008-04-24 00:00:00-04:00,,,,,,
2008-04-25 00:00:00-04:00,,,,,,
2008-04-28 00:00:00-04:00,,,,,,
2008-04-29 00:00:00-04:00,,,,,,
2008-04-30 00:00:00-04:00,,,,,,
2008-05-01 00:00:00-04:00,,,,,,
2008-05-02 00:00:00-04:00,,,,,,
2008-05-05 00:00:00-04:00,,,,,,
2008-05-06 00:00:00-04:00,,,,,,
2008-05-07 00:00:00-04:00,,,,,,
2008-05-08 00:00:00-04:00,,,,,,
2008-05-09 00:00:00-04:00,,,,,,
2008-05-12 00:00:00-04:00,,,,,,
2008-05-13 00:00:00-04:00,,,,,,
2008-05-14 00:00:00-04:00,,,,,,
2008-05-15 00:00:00-04:00,,,,,,
2008-05-16 00:00:00-04:00,,,,,,
2008-05-19 00:00:00-04:00,,,,,,
2008-05-20 00:00:00-04:00,,,,,,
2008-05-21 00:00:00-04:00,,,,,,
2008-05-22 00:00:00-04:00,,,,,,
2008-05-23 00:00:00-04:00,,,,,,
2008-05-27 00:00:00-04:00,,,,,,
2008-05-28 00:00:00-04:00,,,,,,
2008-05-29 00:00:00-04:00,,,,,,
2008-05-30 00:00:00-04:00,,,,,,
2008-06-02 00:00:00-04:00,,,,,,
2008-06-03 00:00:00-04:00,,,,,,
2008-06-04 00:00:00-04:00,,,,,,
2008-06-05 00:00:00-04:00,,,,,,
2008-06-06 00:00:00-04:00,,,,,,
2008-06-09 00:00:00-04:00,,,,,,
2008-06-10 00:00:00-04:00,,,,,,
2008-06-11 00:00:00-04:00,,,,,,
2008-06-12 00:00:00-04:00,,,,,,
2008-06-13 00:00:00-04:00,,,,,,
2008-06-16 00:00:00-04:00,,,,,,
2008-06-17 00:00:00-04:00,,,,,,
2008-06-18 00:00:00-04:00,,,,,,
2008-06-19 00:00:00-04:00,,,,,,
2008-06-20 00:00:00-04:00,,,,,,
2008-06-23 00:00:00-04:00,,,,,,
2008-06-24 00:00:00-04:00,,,,,,
2008-06-25 00:00:00-04:00,,,,,,
2008-06-26 00:00:00-04:00,,,,,,
2008-06-27 00:00:00-04:00,,,,,,
2008-06-30 00:00:00-04:00,,,,,,
2008-07-01 00:00:00-04:00,,,,,,
2008-07-02 00:00:00-04:00,,,,,,
2008-07-03 00:00:00-04:00,,,,,,
2008-07-07 00:00:00-04:00,,,,,,
2008-07-08 00:00:00-04:00,,,,,,
2008-07-09 00:00:00-04:00,,,,,,
2008-07-10 00:00:00-04:00,,,,,,
2008-07-11 00:00:00-04:00,,,,,,
2008-07-14 00:00:00-04:00,,,,,,
2008-07-15 00:00:00-04:00,,,,,,
2008-07-16 00:00:00-04:00,,,,,,
2008-07-17 00:00:00-04:00,,,,,,
2008-07-18 00:00:00-04:00,,,,,,
2008-07-21 00:00:00-04:00,,,,,,
2008-07-22 00:00:00-04:00,,,,,,
2008-07-23 00:00:00-04:00,,,,,,
2008-07-24 00:00:00-04:00,,,,,,
2008-07-25 00:00:00-04:00,,,,,,
2008-07-28 00:00:00-04:00,,,,,,
2008-07-29 00:00:00-04:00,,,,,,
2008-07-30 00:00:00-04:00,,,,,,
2008-07-31 00:00:00-04:00,,,,,,
2008-08-01 00:00:00-04:00,,,,,,
2008-08-04 00:00:00-04:00,,,,,,
2008-08-05 00:00:00-04:00,,,,,,
2008-08-06 00:00:00-04:00,,,,,,
2008-08-07 00:00:00-04:00,,,,,,
2008-08-08 00:00:00-04:00,,,,,,
2008-08-11 00:00:00-04:00,,,,,,
2008-08-12 00:00:00-04:00,,,,,,
2008-08-13 00:00:00-04:00,,,,,,
2008-08-14 00:00:00-04:00,,,,,,
2008-08-15 00:00:00-04:00,,,,,,
2008-08-18 00:00:00-04:00,,,,,,
2008-08-19 00:00:00-04:00,,,,,,
2008-08-20 00:00:00-04:00,,,,,,
2008-08-21 00:00:00-04:00,,,,,,
2008-08-22 00:00:00-04:00,,,,,,
2008-08-25 00:00:00-04:00,,,,,,
2008-08-26 00:00:00-04:00,,,,,,
2008-08-27 00:00:00-04:00,,,,,,
2008-08-28 00:00:00-04:00,,,,,,
2008-08-29 00:00:00-04:00,,,,,,
2008-09-02 00:00:00-04:00,,,,,,
2008-09-03 00:00:00-04:00,,,,,,
2008-09-04 00:00:00-04:00,,,,,,
2008-09-05 00:00:00-04:00,,,,,,
2008-09-08 00:00:00-04:00,,,,,,
2008-09-09 00:00:00-04:00,,,,,,
2008-09-10 00:00:00-04:00,,,,,,
2008-09-11 00:00:00-04:00,,,,,,
2008-09-12 00:00:00-04:00,,,,,,
2008-09-15 00:00:00-04:00,,,,,,
2008-09-16 00:00:00-04:00,,,,,,
2008-09-17 00:00:00-04:00,,,,,,
2008-09-18 00:00:00-04:00,,,,,,
2008-09-19 00:00:00-04:00,,,,,,
2008-09-22 00:00:00-04:00,,,,,,
2008-09-23 00:00:00-04:00,,,,,,
2008-09-24 00:00:00-04:00,,,,,,
2008-09-25 00:00:00-04:00,,,,,,
2008-09-26 00:00:00-04:00,,,,,,
2008-09-29 00:00:00-04:00,,,,,,
2008-09-30 00:00:00-04:00,,,,,,
2008-10-01 00:00:00-04:00,,,,,,
2008-10-02 00:00:00-04:00,,,,,,
2008-10-03 00:00:00-04:00,,,,,,
2008-10-06 00:00:00-04:00,,,,,,
2008-10-07 00:00:00-04:00,,,,,,
2008-10-08 00:00:00-04:00,,,,,,
2008-10-09 00:00:00-04:00,,,,,,
2008-10-10 00:00:00-04:00,,,,,,
2008-10-13 00:00:00-04:00,,,,,,
2008-10-14 00:00:00-04:00,,,,,,
2008-10-15 00:00:00-04:00,,,,,,
2008-10-16 00:00:00-04:00,,,,,,
2008-10-17 00:00:00-04:00,,,,,,
2008-10-20 00:00:00-04:00,,,,,,
2008-10-21 00:00:00-04:00,,,,,,
2008-10-22 00:00:00-04:00,,,,,,
2008-10-23 00:00:00-04:00,,,,,,
2008-10-24 00:00:00-04:00,,,,,,
2008-10-27 00:00:00-04:00,,,,,,
2008-10-28 00:00:00-04:00,,,,,,
2008-10-29 00:00:00-04:00,,,,,,
2008-10-30 00:00:00-04:00,,,,,,
2008-10-31 00:00:00-04:00,,,,,,
2008-11-03 00:00:00-05:00,,,,,,
2008-11-04 00:00:00-05:00,,,,,,
2008-11-05 00:00:00-05:00,,,,,,
2008-11-06 00:00:00-05:00,,,,,,
2008-11-07 00:00:00-05:00,,,,,,
2008-11-10 00:00:00-05:00,,,,,,
2008-11-11 00:00:00-05:00,,,,,,
2008-11-12 00:00:00-05:00,,,,,,
2008-11-13 00:00:00-05:00,,,,,,
2008-11-14 00:00:00-05:00,,,,,,
2008-11-17 00:00:00-05:00,,,,,,
2008-11-18 00:00:00-05:00,,,,,,
2008-11-19 00:00:00-05:00,,,,,,
2008-11-20 00:00:00-05:00,,,,,,
2008-11-21 00:00:00-05:00,,,,,,
2008-11-24 00:00:00-05:00,,,,,,
2008-11-25 00:00:00-05:00,,,,,,
2008-11-26 00:00:00-05:00,,,,,,
2008-11-28 00:00:00-05:00,,,,,,
2008-12-01 00:00:00-05:00,,,,,,
2008-12-02 00:00:00-05:00,,,,,,
2008-12-03 00:00:00-05:00,,,,,,
2008-12-04 00:00:00-05:00,,,,,,
2008-12-05 00:00:00-05:00,,,,,,
2008-12-08 00:00:00-05:00,,,,,,
2008-12-09 00:00:00-05:00,,,,,,
2008-12-10 00:00:00-05:00,,,,,,
2008-12-11 00:00:00-05:00,,,,,,
2008-12-12 00:00:00-05:00,,,,,,
2008-12-15 00:00:00-05:00,,,,,,
2008-12-16 00:00:00-05:00,,,,,,
2008-12-17 00:00:00-05:00,,,,,,
2008-12-18 00:00:00-05:00,,,,,,
2008-12-19 00:00:00-05:00,,,,,,
2008-12-22 00:00:00-05:00,,,,,,
2008-12-23 00:00:00-05:00,,,,,,
2008-12-24 00:00:00-05:00,,,,,,
2008-12-26 00:00:00-05:00,,,,,,
2008-12-29 00:00:00-05:00,,,,,,
2008-12-30 00:00:00-05:00,,,,,,
2008-12-31 00:00:00-05:00,,,,,,
2009-01-02 00:00:00-05:00,,,,,,
2009-01-05 00:00:00-05:00,,,,,,
2009-01-06 00:00:00-05:00,,,,,,
2009-01-07 00:00:00-05:00,,,,,,
2009-01-08 00:00:00-05:00,,,,,,
2009-01-09 00:00:00-05:00,,,,,,
2009-01-12 00:00:00-05:00,,,,,,
2009-01-13 00:00:00-05:00,,,,,,
2009-01-14 00:00:00-05:00,,,,,,
2009-01-15 00:00:00-05:00,,,,,,
2009-01-16 00:00:00-05:00,,,,,,
2009-01-20 00:00:00-05:00,,,,,,
2009-01-21 00:00:00-05:00,,,,,,
2009-01-22 00:00:00-05:00,,,,,,
2009-01-23 00:00:00-05:00,,,,,,
2009-01-26 00:00:00-05:00,,,,,,
2009-01-27 00:00:00-05:00,,,,,,
2009-01-28 00:00:00-05:00,,,,,,
2009-01-29 00:00:00-05:00,,,,,,
2009-01-30 00:00:00-05:00,,,,,,
2009-02-02 00:00:00-05:00,,,,,,
2009-02-03 00:00:00-05:00,,,,,,
2009-02-04 00:00:00-05:00,,,,,,
2009-02-05 00:00:00-05:00,,,,,,
2009-02-06 00:00:00-05:00,,,,,,
2009-02-09 00:00:00-05:00,,,,,,
2009-02-10 00:00:00-05:00,,,,,,
2009-02-11 00:00:00-05:00,,,,,,
2009-02-12 00:00:00-05:00,,,,,,
2009-02-13 00:00:00-05:00,,,,,,
2009-02-17 00:00:00-05:00,,,,,,
2009-02-18 00:00:00-05:00,,,,,,
2009-02-19 00:00:00-05:00,,,,,,
2009-02-20 00:00:00-05:00,,,,,,
2009-02-23 00:00:00-05:00,,,,,,
2009-02-24 00:00:00-05:00,,,,,,
2009-02-25 00:00:00-05:00,,,,,,
2009-02-26 00:00:00-05:00,,,,,,
2009-02-27 00:00:00-05:00,,,,,,
2009-03-02 00:00:00-05:00,,,,,,
2009-03-03 00:00:00-05:00,,,,,,
2009-03-04 00:00:00-05:00,,,,,,
2009-03-05 00:00:00-05:00,,,,,,
2009-03-06 00:00:00-05:00,,,,,,
2009-03-09 00:00:00-04:00,,,,,,
2009-03-10 00:00:00-04:00,,,,,,
2009-03-11 00:00:00-04:00,,,,,,
2009-03-12 00:00:00-04:00,,,,,,
2009-03-13 00:00:00-04:00,,,,,,
2009-03-16 00:00:00-04:00,,,,,,
2009-03-17 00:00:00-04:00,,,,,,
2009-03-18 00:00:00-04:00,,,,,,
2009-03-19 00:00:00-04:00,,,,,,
2009-03-20 00:00:00-04:00,,,,,,
2009-03-23 00:00:00-04:00,,,,,,
2009-03-24 00:00:00-04:00,,,,,,
2009-03-25 00:00:00-04:00,,,,,,
2009-03-26 00:00:00-04:00,,,,,,
2009-03-27 00:00:00-04:00,,,,,,
2009-03-30 00:00:00-04:00,,,,,,
2009-03-31 00:00:00-04:00,,,,,,
2009-04-01 00:00:00-04:00,,,,,,
2009-04-02 00:00:00-04:00,,,,,,
2009-04-03 00:00:00-04:00,,,,,,
2009-04-06 00:00:00-04:00,,,,,,
2009-04-07 00:00:00-04:00,,,,,,
2009-04-08 00:00:00-04:00,,,,,,
2009-04-09 00:00:00-04:00,,,,,,
2009-04-13 00:00:00-04:00,,,,,,
2009-04-14 00:00:00-04:00,,,,,,
2009-04-15 00:00:00-04:00,,,,,,
2009-04-16 00:00:00-04:00,,,,,,
2009-04-17 00:00:00-04:00,,,,,,
2009-04-20 00:00:00-04:00,,,,,,
2009-04-21 00:00:00-04:00,,,,,,
2009-04-22 00:00:00-04:00,,,,,,
2009-04-23 00:00:00-04:00,,,,,,
2009-04-24 00:00:00-04:00,,,,,,
2009-04-27 00:00:00-04:00,,,,,,
2009-04-28 00:00:00-04:00,,,,,,
2009-04-29 00:00:00-04:00,,,,,,
2009-04-30 00:00:00-04:00,,,,,,
2009-05-01 00:00:00-04:00,,,,,,
2009-05-04 00:00:00-04:00,,,,,,
2009-05-05 00:00:00-04:00,,,,,,
2009-05-06 00:00:00-04:00,,,,,,
2009-05-07 00:00:00-04:00,,,,,,
2009-05-08 00:00:00-04:00,,,,,,
2009-05-11 00:00:00-04:00,,,,,,
2009-05-12 00:00:00-04:00,,,,,,
2009-05-13 00:00:00-04:00,,,,,,
2009-05-14 00:00:00-04:00,,,,,,
2009-05-15 00:00:00-04:00,,,,,,
2009-05-18 00:00:00-04:00,,,,,,
2009-05-19 00:00:00-04:00,,,,,,
2009-05-20 00:00:00-04:00,,,,,,
2009-05-21 00:00:00-04:00,,,,,,
2009-05-22 00:00:00-04:00,,,,,,
2009-05-26 00:00:00-04:00,,,,,,
2009-05-27 00:00:00-04:00,,,,,,
2009-05-28 00:00:00-04:00,,,,,,
2009-05-29 00:00:00-04:00,,,,,,
2009-06-01 00:00:00-04:00,,,,,,
2009-06-02 00:00:00-04:00,,,,,,
2009-06-03 00:00:00-04:00,,,,,,
2009-06-04 00:00:00-04:00,,,,,,
2009-06-05 00:00:00-04:00,,,,,,
2009-06-08 00:00:00-04:00,,,,,,
2009-06-09 00:00:00-04:00,,,,,,
2009-06-10 00:00:00-04:00,,,,,,
2009-06-11 00:00:00-04:00,,,,,,
2009-06-12 00:00:00-04:00,,,,,,
2009-06-15 00:00:00-04:00,,,,,,
2009-06-16 00:00:00-04:00,,,,,,
2009-06-17 00:00:00-04:00,,,,,,
2009-06-18 00:00:00-04:00,,,,,,
2009-06-19 00:00:00-04:00,,,,,,
2009-06-22 00:00:00-04:00,,,,,,
2009-06-23 00:00:00-04:00,,,,,,
2009-06-24 00:00:00-04:00,,,,,,
2009-06-25 00:00:00-04:00,,,,,,
2009-06-26 00:00:00-04:00,,,,,,
2009-06-29 00:00:00-04:00,,,,,,
2009-06-30 00:00:00-04:00,,,,,,
2009-07-01 00:00:00-04:00,,,,,,
2009-07-02 00:00:00-04:00,,,,,,
2009-07-06 00:00:00-04:00,,,,,,
2009-07-07 00:00:00-04:00,,,,,,
2009-07-08 00:00:00-04:00,,,,,,
2009-07-09 00:00:00-04:00,,,,,,
2009-07-10 00:00:00-04:00,,,,,,
2009-07-13 00:00:00-04:00,,,,,,
2009-07-14 00:00:00-04:00,,,,,,
2009-07-15 00:00:00-04:00,,,,,,
2009-07-16 00:00:00-04:00,,,,,,
2009-07-17 00:00:00-04:00,,,,,,
2009-07-20 00:00:00-04:00,,,,,,
2009-07-21 00:00:00-04:00,,,,,,
2009-07-22 00:00:00-04:00,,,,,,
2009-07-23 00:00:00-04:00,,,,,,
2009-07-24 00:00:00-04:00,,,,,,
2009-07-27 00:00:00-04:00,,,,,,
2009-07-28 00:00:00-04:00,,,,,,
2009-07-29 00:00:00-04:00,,,,,,
2009-07-30 00:00:00-04:00,,,,,,
2009-07-31 00:00:00-04:00,,,,,,
2009-08-03 00:00:00-04:00,,,,,,
2009-08-04 00:00:00-04:00,,,,,,
2009-08-05 00:00:00-04:00,,,,,,
2009-08-06 00:00:00-04:00,,,,,,
2009-08-07 00:00:00-04:00,,,,,,
2009-08-10 00:00:00-04:00,,,,,,
2009-08-11 00:00:00-04:00,,,,,,
2009-08-12 00:00:00-04:00,,,,,,
2009-08-13 00:00:00-04:00,,,,,,
2009-08-14 00:00:00-04:00,,,,,,
2009-08-17 00:00:00-04:00,,,,,,
2009-08-18 00:00:00-04:00,,,,,,
2009-08-19 00:00:00-04:00,,,,,,
2009-08-20 00:00:00-04:00,,,,,,
2009-08-21 00:00:00-04:00,,,,,,
2009-08-24 00:00:00-04:00,,,,,,
2009-08-25 00:00:00-04:00,,,,,,
2009-08-26 00:00:00-04:00,,,,,,
2009-08-27 00:00:00-04:00,,,,,,
2009-08-28 00:00:00-04:00,,,,,,
2009-08-31 00:00:00-04:00,,,,,,
2009-09-01 00:00:00-04:00,,,,,,
2009-09-02 00:00:00-04:00,,,,,,
2009-09-03 00:00:00-04:00,,,,,,
2009-09-04 00:00:00-04:00,,,,,,
2009-09-08 00:00:00-04:00,,,,,,
2009-09-09 00:00:00-04:00,,,,,,
2009-09-10 00:00:00-04:00,,,,,,
2009-09-11 00:00:00-04:00,,,,,,
2009-09-14 00:00:00-04:00,,,,,,
2009-09-15 00:00:00-04:00,,,,,,
2009-09-16 00:00:00-04:00,,,,,,
2009-09-17 00:00:00-04:00,,,,,,
2009-09-18 00:00:00-04:00,,,,,,
2009-09-21 00:00:00-04:00,,,,,,
2009-09-22 00:00:00-04:00,,,,,,
2009-09-23 00:00:00-04:00,,,,,,
2009-09-24 00:00:00-04:00,,,,,,
2009-09-25 00:00:00-04:00,,,,,,
2009-09-28 00:00:00-04:00,,,,,,
2009-09-29 00:00:00-04:00,,,,,,
2009-09-30 00:00:00-04:00,,,,,,
2009-10-01 00:00:00-04:00,,,,,,
2009-10-02 00:00:00-04:00,,,,,,
2009-10-05 00:00:00-04:00,,,,,,
2009-10-06 00:00:00-04:00,,,,,,
2009-10-07 00:00:00-04:00,,,,,,
2009-10-08 00:00:00-04:00,,,,,,
2009-10-09 00:00:00-04:00,,,,,,
2009-10-12 00:00:00-04:00,,,,,,
2009-10-13 00:00:00-04:00,,,,,,
2009-10-14 00:00:00-04:00,,,,,,
2009-10-15 00:00:00-04:00,,,,,,
2009-10-16 00:00:00-04:00,,,,,,
2009-10-19 00:00:00-04:00,,,,,,
2009-10-20 00:00:00-04:00,,,,,,
2009-10-21 00:00:00-04:00,,,,,,
2009-10-22 00:00:00-04:00,,,,,,
2009-10-23 00:00:00-04:00,,,,,,
2009-10-26 00:00:00-04:00,,,,,,
2009-10-27 00:00:00-04:00,,,,,,
2009-10-28 00:00:00-04:00,,,,,,
2009-10-29 00:00:00-04:00,,,,,,
2009-10-30 00:00:00-04:00,,,,,,
2009-11-02 00:00:00-05:00,,,,,,
2009-11-03 00:00:00-05:00,,,,,,
2009-11-04 00:00:00-05:00,,,,,,
2009-11-05 00:00:00-05:00,,,,,,
2009-11-06 00:00:00-05:00,,,,,,
2009-11-09 00:00:00-05:00,,,,,,
2009-11-10 00:00:00-05:00,,,,,,
2009-11-11 00:00:00-05:00,,,,,,
2009-11-12 00:00:00-05:00,,,,,,
2009-11-13 00:00:00-05:00,,,,,,
2009-11-16 00:00:00-05:00,,,,,,
2009-11-17 00:00:00-05:00,,,,,,
2009-11-18 00:00:00-05:00,,,,,,
2009-11-19 00:00:00-05:00,,,,,,
2009-11-20 00:00:00-05:00,,,,,,
2009-11-23 00:00:00-05:00,,,,,,
2009-11-24 00:00:00-05:00,,,,,,
2009-11-25 00:00:00-05:00,,,,,,
2009-11-27 00:00:00-05:00,,,,,,
2009-11-30 00:00:00-05:00,,,,,,
2009-12-01 00:00:00-05:00,,,,,,
2009-12-02 00:00:00-05:00,,,,,,
2009-12-03 00:00:00-05:00,,,,,,
2009-12-04 00:00:00-05:00,,,,,,
2009-12-07 00:00:00-05:00,,,,,,
2009-12-08 00:00:00-05:00,,,,,,
2009-12-09 00:00:00-05:00,,,,,,
2009-12-10 00:00:00-05:00,,,,,,
2009-12-11 00:00:00-05:00,,,,,,
2009-12-14 00:00:00-05:00,,,,,,
2009-12-15 00:00:00-05:00,,,,,,
2009-12-16 00:00:00-05:00,,,,,,
2009-12-17 00:00:00-05:00,,,,,,
2009-12-18 00:00:00-05:00,,,,,,
2009-12-21 00:00:00-05:00,,,,,,
2009-12-22 00:00:00-05:00,,,,,,
2009-12-23 00:00:00-05:00,,,,,,
2009-12-24 00:00:00-05:00,,,,,,
2009-12-28 00:00:00-05:00,,,,,,
2009-12-29 00:00:00-05:00,,,,,,
2009-12-30 00:00:00-05:00,,,,,,
2009-12-31 00:00:00-05:00,,,,,,
2010-01-04 00:00:00-05:00,,,,,,
2010-01-05 00:00:00-05:00,,,,,,
2010-01-06 00:00:00-05:00,,,,,,
2010-01-07 00:00:00-05:00,,,,,,
2010-01-08 00:00:00-05:00,,,,,,
2010-01-11 00:00:00-05:00,,,,,,
2010-01-12 00:00:00-05:00,,,,,,
2010-01-13 00:00:00-05:00,,,,,,
2010-01-14 00:00:00-05:00,,,,,,
2010-01-15 00:00:00-05:00,,,,,,
2010-01-19 00:00:00-05:00,,,,,,
2010-01-20 00:00:00-05:00,,,,,,
2010-01-21 00:00:00-05:00,,,,,,
2010-01-22 00:00:00-05:00,,,,,,
2010-01-25 00:00:00-05:00,,,,,,
2010-01-26 00:00:00-05:00,,,,,,
2010-01-27 00:00:00-05:00,,,,,,
2010-01-28 00:00:00-05:00,,,,,,
2010-01-29 00:00:00-05:00,,,,,,
2010-02-01 00:00:00-05:00,,,,,,
2010-02-02 00:00:00-05:00,,,,,,
2010-02-03 00:00:00-05:00,,,,,,
2010-02-04 00:00:00-05:00,,,,,,
2010-02-05 00:00:00-05:00,,,,,,
2010-02-08 00:00:00-05:00,,,,,,
2010-02-09 00:00:00-05:00,,,,,,
2010-02-10 00:00:00-05:00,,,,,,
2010-02-11 00:00:00-05:00,,,,,,
2010-02-12 00:00:00-05:00,,,,,,
2010-02-16 00:00:00-05:00,,,,,,
2010-02-17 00:00:00-05:00,,,,,,
2010-02-18 00:00:00-05:00,,,,,,
2010-02-19 00:00:00-05:00,,,,,,
2010-02-22 00:00:00-05:00,,,,,,
2010-02-23 00:00:00-05:00,,,,,,
2010-02-24 00:00:00-05:00,,,,,,
2010-02-25 00:00:00-05:00,,,,,,
2010-02-26 00:00:00-05:00,,,,,,
2010-03-01 00:00:00-05:00,,,,,,
2010-03-02 00:00:00-05:00,,,,,,
2010-03-03 00:00:00-05:00,,,,,,
2010-03-04 00:00:00-05:00,,,,,,
2010-03-05 00:00:00-05:00,,,,,,
2010-03-08 00:00:00-05:00,,,,,,
2010-03-09 00:00:00-05:00,,,,,,
2010-03-10 00:00:00-05:00,,,,,,
2010-03-11 00:00:00-05:00,,,,,,
2010-03-12 00:00:00-05:00,,,,,,
2010-03-15 00:00:00-04:00,,,,,,
2010-03-16 00:00:00-04:00,,,,,,
2010-03-17 00:00:00-04:00,,,,,,
2010-03-18 00:00:00-04:00,,,,,,
2010-03-19 00:00:00-04:00,,,,,,
2010-03-22 00:00:00-04:00,,,,,,
2010-03-23 00:00:00-04:00,,,,,,
2010-03-24 00:00:00-04:00,,,,,,
2010-03-25 00:00:00-04:00,,,,,,
2010-03-26 00:00:00-04:00,,,,,,
2010-03-29 00:00:00-04:00,,,,,,
2010-03-30 00:00:00-04:00,,,,,,
2010-03-31 00:00:00-04:00,,,,,,
2010-04-01 00:00:00-04:00,,,,,,
2010-04-05 00:00:00-04:00,,,,,,
2010-04-06 00:00:00-04:00,,,,,,
2010-04-07 00:00:00-04:00,,,,,,
2010-04-08 00:00:00-04:00,,,,,,
2010-04-09 00:00:00-04:00,,,,,,
2010-04-12 00:00:00-04:00,,,,,,
2010-04-13 00:00:00-04:00,,,,,,
2010-04-14 00:00:00-04:00,,,,,,
2010-04-15 00:00:00-04:00,,,,,,
2010-04-16 00:00:00-04:00,,,,,,
2010-04-19 00:00:00-04:00,,,,,,
2010-04-20 00:00:00-04:00,,,,,,
2010-04-21 00:00:00-04:00,,,,,,
2010-04-22 00:00:00-04:00,,,,,,
2010-04-23 00:00:00-04:00,,,,,,
2010-04-26 00:00:00-04:00,,,,,,
2010-04-27 00:00:00-04:00,,,,,,
2010-04-28 00:00:00-04:00,22.25,22.25,21.700000762939453,22.0,9.69398307800293,5244400.0
2010-04-29 00:00:00-04:00,22.0,23.25,21.899999618530273,23.0,10.134614944458008,8773600.0
2010-04-30 00:00:00-04:00,22.950000762939453,23.0,22.25,22.299999237060547,9.826170921325684,1644400.0
2010-05-03 00:00:00-04:00,22.75,22.950000762939453,22.649999618530273,22.799999237060547,10.046489715576172,3302700.0
2010-05-04 00:00:00-04:00,22.799999237060547,22.799999237060547,21.5,21.5,9.473663330078125,2276500.0
2010-05-05 00:00:00-04:00,22.0,22.0,20.0,20.59000015258789,9.072686195373535,6999200.0
2010-05-06 00:00:00-04:00,20.5,20.549999237060547,18.450000762939453,19.450000762939453,8.570362091064453,8029400.0
2010-05-07 00:00:00-04:00,19.5,19.549999237060547,17.899999618530273,18.600000381469727,8.195819854736328,3881500.0
2010-05-10 00:00:00-04:00,19.75,19.850000381469727,18.700000762939453,19.010000228881836,8.376481056213379,3861100.0
2010-05-11 00:00:00-04:00,18.75,19.280000686645508,18.75,18.899999618530273,8.32801342010498,2626900.0
2010-05-12 00:00:00-04:00,19.200000762939453,20.040000915527344,19.200000762939453,19.799999237060547,8.724584579467773,5714300.0
2010-05-13 00:00:00-04:00,19.850000381469727,20.100000381469727,19.600000381469727,19.649999618530273,8.65848445892334,2475900.0
2010-05-14 00:00:00-04:00,19.299999237060547,19.399999618530273,18.75,18.75,8.261917114257812,3133400.0
2010-05-17 00:00:00-04:00,19.0,19.200000762939453,18.700000762939453,18.850000381469727,8.305978775024414,10117000.0
2010-05-18 00:00:00-04:00,19.049999237060547,19.31999969482422,18.25,18.790000915527344,8.279541015625,6219800.0
2010-05-19 00:00:00-04:00,18.899999618530273,18.93000030517578,17.549999237060547,17.700000762939453,7.799249172210693,6227700.0
2010-05-20 00:00:00-04:00,17.139999389648438,17.139999389648438,16.200000762939453,16.899999618530273,7.446741104125977,10248400.0
2010-05-21 00:00:00-04:00,16.350000381469727,17.1200008392334,16.25,16.549999237060547,7.292518615722656,4560800.0
2010-05-24 00:00:00-04:00,16.700000762939453,17.149999618530273,16.68000030517578,16.899999618530273,7.446741104125977,1761300.0
2010-05-25 00:00:00-04:00,16.790000915527344,16.790000915527344,16.200000762939453,16.56999969482422,7.301329135894775,4649600.0
2010-05-26 00:00:00-04:00,16.989999771118164,17.399999618530273,16.799999237060547,17.149999618530273,7.556899547576904,2079300.0
2010-05-27 00:00:00-04:00,17.649999618530273,18.0,17.649999618530273,17.899999618530273,7.8873772621154785,3156100.0
2010-05-28 00:00:00-04:00,17.899999618530273,17.899999618530273,16.25,17.770000457763672,7.8300933837890625,222200.0
2010-06-01 00:00:00-04:00,17.649999618530273,17.799999237060547,17.200000762939453,17.5,7.711122512817383,900800.0
2010-06-02 00:00:00-04:00,17.610000610351562,17.65999984741211,17.219999313354492,17.329999923706055,7.636214733123779,829900.0
2010-06-03 00:00:00-04:00,17.450000762939453,17.5,17.149999618530273,17.329999923706055,7.636214733123779,2173600.0
2010-06-04 00:00:00-04:00,17.049999237060547,17.100000381469727,16.75,17.049999237060547,7.512834072113037,3147200.0
2010-06-07 00:00:00-04:00,17.149999618530273,17.200000762939453,16.739999771118164,16.889999389648438,7.442333698272705,2826800.0
2010-06-08 00:00:00-04:00,17.030000686645508,17.030000686645508,16.5,16.75,7.380645275115967,2037700.0
2010-06-09 00:00:00-04:00,16.790000915527344,17.100000381469727,16.700000762939453,16.790000915527344,7.398268699645996,1410200.0
2010-06-10 00:00:00-04:00,16.969999313354492,17.06999969482422,16.850000381469727,16.969999313354492,7.477585315704346,1401000.0
2010-06-11 00:00:00-04:00,16.940000534057617,17.190000534057617,16.940000534057617,17.139999389648438,7.552493095397949,452500.0
2010-06-14 00:00:00-04:00,17.190000534057617,17.579999923706055,17.190000534057617,17.489999771118164,7.706715106964111,1008500.0
2010-06-15 00:00:00-04:00,17.479999542236328,18.0,17.350000381469727,17.969999313354492,7.9182209968566895,1974300.0
2010-06-16 00:00:00-04:00,17.93000030517578,17.969999313354492,17.6299991607666,17.639999389648438,7.772810935974121,1041500.0
2010-06-17 00:00:00-04:00,17.68000030517578,17.75,17.139999389648438,17.299999237060547,7.6229963302612305,1090600.0
2010-06-18 00:00:00-04:00,17.329999923706055,17.350000381469727,17.149999618530273,17.209999084472656,7.58333683013916,1373700.0
2010-06-21 00:00:00-04:00,17.450000762939453,17.530000686645508,17.09000015258789,17.100000381469727,7.534864902496338,514100.0
2010-06-22 00:00:00-04:00,17.09000015258789,17.100000381469727,16.799999237060547,16.84000015258789,7.420301914215088,1502900.0
2010-06-23 00:00:00-04:00,16.899999618530273,16.950000762939453,16.600000381469727,16.649999618530273,7.336583614349365,1125700.0
2010-06-24 00:00:00-04:00,16.690000534057617,16.920000076293945,16.350000381469727,16.799999237060547,7.402675628662109,2151600.0
2010-06-25 00:00:00-04:00,16.899999618530273,16.920000076293945,16.700000762939453,16.81999969482422,7.4114909172058105,612000.0
2010-06-28 00:00:00-04:00,16.8700008392334,16.8700008392334,16.700000762939453,16.8700008392334,7.433522701263428,355800.0
2010-06-29 00:00:00-04:00,16.739999771118164,16.739999771118164,16.25,16.25,7.1603264808654785,2561000.0
2010-06-30 00:00:00-04:00,16.270000457763672,16.5,16.149999618530273,16.149999618530273,7.116261959075928,1534100.0
2010-07-01 00:00:00-04:00,16.239999771118164,16.299999237060547,15.399999618530273,15.550000190734863,6.851883411407471,4006100.0
2010-07-02 00:00:00-04:00,15.579999923706055,15.6899995803833,15.399999618530273,15.479999542236328,6.8210344314575195,231700.0
2010-07-06 00:00:00-04:00,15.5,15.59000015258789,14.899999618530273,15.0600004196167,6.635972023010254,833700.0
2010-07-07 00:00:00-04:00,15.050000190734863,15.149999618530273,14.859999656677246,15.0,6.609532833099365,2137200.0
2010-07-08 00:00:00-04:00,14.949999809265137,15.149999618530273,14.949999809265137,15.050000190734863,6.631564140319824,2422200.0
2010-07-09 00:00:00-04:00,15.100000381469727,16.020000457763672,15.0,15.800000190734863,6.962042331695557,1478700.0
2010-07-12 00:00:00-04:00,15.819999694824219,16.020000457763672,15.800000190734863,15.819999694824219,6.97085428237915,786100.0
2010-07-13 00:00:00-04:00,15.829999923706055,16.5,15.829999923706055,16.399999618530273,7.226423740386963,1647300.0
2010-07-14 00:00:00-04:00,16.399999618530273,16.450000762939453,16.25,16.399999618530273,7.226423740386963,1537200.0
2010-07-15 00:00:00-04:00,16.43000030517578,16.43000030517578,16.0,16.3700008392334,7.213204383850098,905900.0
2010-07-16 00:00:00-04:00,16.299999237060547,16.299999237060547,16.0,16.200000762939453,7.138295650482178,624700.0
2010-07-19 00:00:00-04:00,16.18000030517578,16.700000762939453,16.110000610351562,16.450000762939453,7.248453140258789,497300.0
2010-07-20 00:00:00-04:00,16.440000534057617,16.440000534057617,16.149999618530273,16.190000534057617,7.1338887214660645,1244700.0
2010-07-21 00:00:00-04:00,16.190000534057617,16.299999237060547,16.190000534057617,16.239999771118164,7.155920505523682,1801200.0
2010-07-22 00:00:00-04:00,16.260000228881836,16.59000015258789,16.260000228881836,16.549999237060547,7.292518615722656,1126300.0
2010-07-23 00:00:00-04:00,16.549999237060547,16.790000915527344,16.520000457763672,16.780000686645508,7.393863677978516,1415100.0
2010-07-26 00:00:00-04:00,17.0,17.700000762939453,17.0,17.649999618530273,7.777215480804443,3400400.0
2010-07-27 00:00:00-04:00,17.920000076293945,18.34000015258789,17.25,18.229999542236328,8.03278636932373,5778800.0
2010-07-28 00:00:00-04:00,18.219999313354492,18.219999313354492,17.81999969482422,17.93000030517578,7.9005937576293945,2440000.0
2010-07-29 00:00:00-04:00,18.100000381469727,18.149999618530273,17.84000015258789,17.940000534057617,7.905004501342773,1598500.0
2010-07-30 00:00:00-04:00,17.920000076293945,18.06999969482422,17.68000030517578,18.0,7.9314374923706055,2023100.0
2010-08-02 00:00:00-04:00,18.149999618530273,18.260000228881836,18.049999237060547,18.059999465942383,7.957876682281494,1543000.0
2010-08-03 00:00:00-04:00,18.09000015258789,18.1200008392334,17.700000762939453,17.899999618530273,7.8873772621154785,1558700.0
2010-08-04 00:00:00-04:00,17.899999618530273,18.459999084472656,17.899999618530273,18.299999237060547,8.063629150390625,4194300.0
2010-08-05 00:00:00-04:00,18.299999237060547,18.299999237060547,18.200000762939453,18.239999771118164,8.03719425201416,252300.0
2010-08-06 00:00:00-04:00,18.219999313354492,18.25,17.920000076293945,18.0,7.9314374923706055,500600.0
2010-08-09 00:00:00-04:00,18.0,18.149999618530273,17.989999771118164,18.049999237060547,7.953470706939697,1252900.0
2010-08-10 00:00:00-04:00,18.049999237060547,18.049999237060547,17.899999618530273,17.989999771118164,7.927033424377441,1056300.0
2010-08-11 00:00:00-04:00,17.799999237060547,17.799999237060547,17.600000381469727,17.610000610351562,7.759591102600098,2021000.0
2010-08-12 00:00:00-04:00,17.6299991607666,17.6299991607666,17.399999618530273,17.5,7.711122512817383,3260500.0
2010-08-13 00:00:00-04:00,17.510000228881836,18.030000686645508,17.510000228881836,18.020000457763672,7.940252304077148,2973700.0
2010-08-16 00:00:00-04:00,18.850000381469727,19.299999237060547,18.649999618530273,18.700000762939453,8.239884376525879,10729700.0
2010-08-17 00:00:00-04:00,18.950000762939453,19.200000762939453,18.950000762939453,19.06999969482422,8.40291976928711,4572800.0
2010-08-18 00:00:00-04:00,19.100000381469727,20.049999237060547,19.100000381469727,19.799999237060547,8.724584579467773,3564800.0
2010-08-19 00:00:00-04:00,19.889999389648438,20.09000015258789,19.0,19.799999237060547,8.724584579467773,5313000.0
2010-08-20 00:00:00-04:00,19.799999237060547,20.020000457763672,19.760000228881836,19.889999389648438,8.764239311218262,3292700.0
2010-08-23 00:00:00-04:00,19.899999618530273,20.25,19.899999618530273,20.059999465942383,8.839149475097656,2222900.0
2010-08-24 00:00:00-04:00,19.799999237060547,20.049999237060547,19.700000762939453,19.989999771118164,8.80830192565918,5178500.0
2010-08-25 00:00:00-04:00,19.940000534057617,20.049999237060547,19.8700008392334,19.93000030517578,8.781865119934082,3994300.0
2010-08-26 00:00:00-04:00,19.950000762939453,20.5,19.950000762939453,20.0,8.812710762023926,2807100.0
2010-08-27 00:00:00-04:00,20.139999389648438,20.440000534057617,19.979999542236328,20.440000534057617,9.006589889526367,1984200.0
2010-08-30 00:00:00-04:00,20.399999618530273,20.799999237060547,20.219999313354492,20.219999313354492,8.909648895263672,1728000.0
2010-08-31 00:00:00-04:00,20.219999313354492,20.510000228881836,20.219999313354492,20.5,9.033032417297363,2316300.0
2010-09-01 00:00:00-04:00,20.5,21.299999237060547,20.489999771118164,21.020000457763672,9.262157440185547,5464700.0
2010-09-02 00:00:00-04:00,21.049999237060547,21.049999237060547,20.760000228881836,20.950000762939453,9.231310844421387,1548700.0
2010-09-03 00:00:00-04:00,20.989999771118164,21.299999237060547,20.989999771118164,21.1299991607666,9.310626029968262,1072600.0
2010-09-07 00:00:00-04:00,21.1200008392334,21.1200008392334,20.799999237060547,20.959999084472656,9.2357177734375,1540000.0
2010-09-08 00:00:00-04:00,20.950000762939453,21.1299991607666,20.950000762939453,20.989999771118164,9.24893856048584,2135400.0
2010-09-09 00:00:00-04:00,21.0,21.149999618530273,20.670000076293945,20.700000762939453,9.121155738830566,2958400.0
2010-09-10 00:00:00-04:00,20.709999084472656,20.81999969482422,20.690000534057617,20.790000915527344,9.160816192626953,806500.0
2010-09-13 00:00:00-04:00,20.780000686645508,21.40999984741211,20.780000686645508,21.3799991607666,9.42078971862793,3431400.0
2010-09-14 00:00:00-04:00,21.389999389648438,21.56999969482422,21.309999465942383,21.510000228881836,9.478068351745605,2403900.0
2010-09-15 00:00:00-04:00,21.510000228881836,21.639999389648438,21.450000762939453,21.559999465942383,9.500102996826172,1302100.0
2010-09-16 00:00:00-04:00,21.75,22.280000686645508,21.75,21.850000381469727,9.627887725830078,4179800.0
2010-09-17 00:00:00-04:00,22.190000534057617,22.25,22.010000228881836,22.25,9.804141998291016,2845700.0
2010-09-20 00:00:00-04:00,22.25,22.270000457763672,22.190000534057617,22.200000762939453,9.782108306884766,1651400.0
2010-09-21 00:00:00-04:00,22.209999084472656,22.270000457763672,22.170000076293945,22.209999084472656,9.786510467529297,3081900.0
2010-09-22 00:00:00-04:00,22.239999771118164,22.280000686645508,21.850000381469727,21.940000534057617,9.66754150390625,1636900.0
2010-09-23 00:00:00-04:00,21.850000381469727,21.950000762939453,21.600000381469727,21.850000381469727,9.627887725830078,1356500.0
2010-09-24 00:00:00-04:00,22.0,22.469999313354492,22.0,22.459999084472656,9.896675109863281,2632000.0
2010-09-27 00:00:00-04:00,22.690000534057617,23.110000610351562,22.690000534057617,23.100000381469727,10.178679466247559,4341200.0
2010-09-28 00:00:00-04:00,23.100000381469727,23.639999389648438,23.030000686645508,23.450000762939453,10.332901954650879,2932200.0
2010-09-29 00:00:00-04:00,23.3799991607666,23.950000762939453,23.3700008392334,23.6200008392334,10.40781307220459,3805000.0
2010-09-30 00:00:00-04:00,23.649999618530273,23.950000762939453,23.260000228881836,23.899999618530273,10.531187057495117,4344600.0
2010-10-01 00:00:00-04:00,23.920000076293945,24.059999465942383,23.709999084472656,23.8700008392334,10.517970085144043,6646000.0
2010-10-04 00:00:00-04:00,24.030000686645508,24.399999618530273,23.93000030517578,24.09000015258789,10.614907264709473,3833700.0
2010-10-05 00:00:00-04:00,24.040000915527344,25.0,24.030000686645508,24.790000915527344,10.923352241516113,7091600.0
2010-10-06 00:00:00-04:00,24.850000381469727,24.8799991607666,23.950000762939453,24.219999313354492,10.672189712524414,1901200.0
2010-10-07 00:00:00-04:00,24.260000228881836,24.540000915527344,24.190000534057617,24.450000762939453,10.773536682128906,2172800.0
2010-10-08 00:00:00-04:00,24.700000762939453,25.280000686645508,24.700000762939453,25.25,11.126049041748047,6419900.0
2010-10-11 00:00:00-04:00,25.190000534057617,26.600000381469727,25.1299991607666,26.15999984741211,11.527024269104004,8024800.0
2010-10-12 00:00:00-04:00,26.100000381469727,26.350000381469727,25.450000762939453,26.299999237060547,11.588713645935059,7003500.0
2010-10-13 00:00:00-04:00,26.399999618530273,27.1200008392334,26.290000915527344,26.969999313354492,11.883940696716309,12316200.0
2010-10-14 00:00:00-04:00,26.969999313354492,27.649999618530273,24.450000762939453,27.020000457763672,11.90597152709961,9197400.0
2010-10-15 00:00:00-04:00,27.100000381469727,27.100000381469727,26.5,26.5,11.676841735839844,3207600.0
2010-10-18 00:00:00-04:00,26.600000381469727,27.040000915527344,26.40999984741211,26.75,11.787002563476562,4034900.0
2010-10-19 00:00:00-04:00,26.989999771118164,26.989999771118164,26.440000534057617,26.520000457763672,11.685652732849121,7782900.0
2010-10-20 00:00:00-04:00,26.700000762939453,27.200000762939453,26.649999618530273,27.1299991607666,11.954440116882324,6081700.0
2010-10-21 00:00:00-04:00,27.190000534057617,28.0,27.100000381469727,27.559999465942383,12.143912315368652,6521800.0
2010-10-22 00:00:00-04:00,27.600000381469727,27.68000030517578,27.299999237060547,27.549999237060547,12.139509201049805,2442100.0
2010-10-25 00:00:00-04:00,27.84000015258789,28.270000457763672,27.719999313354492,27.959999084472656,12.320169448852539,3935100.0
2010-10-26 00:00:00-04:00,28.06999969482422,28.1200008392334,26.5,27.719999313354492,12.21441650390625,5532600.0
2010-10-27 00:00:00-04:00,27.829999923706055,27.829999923706055,26.850000381469727,27.209999084472656,11.989694595336914,3619200.0
2010-10-28 00:00:00-04:00,27.3799991607666,27.790000915527344,26.989999771118164,27.510000228881836,12.1218843460083,3821600.0
2010-10-29 00:00:00-04:00,27.850000381469727,28.25,26.600000381469727,26.860000610351562,11.835470199584961,7190600.0
2010-11-01 00:00:00-04:00,26.760000228881836,27.15999984741211,25.700000762939453,26.0,11.456521987915039,4165000.0
2010-11-02 00:00:00-04:00,26.299999237060547,26.790000915527344,26.18000030517578,26.6299991607666,11.734121322631836,3387900.0
2010-11-03 00:00:00-04:00,26.90999984741211,27.469999313354492,26.350000381469727,26.950000762939453,11.875125885009766,3338400.0
2010-11-04 00:00:00-04:00,27.25,27.559999465942383,26.989999771118164,27.40999984741211,12.077817916870117,5118300.0
2010-11-05 00:00:00-04:00,27.450000762939453,28.530000686645508,26.760000228881836,28.350000381469727,12.492021560668945,7669000.0
2010-11-08 00:00:00-05:00,28.5,28.850000381469727,28.239999771118164,28.850000381469727,12.712331771850586,4110700.0
2010-11-09 00:00:00-05:00,29.020000457763672,29.100000381469727,28.170000076293945,28.440000534057617,12.531682014465332,2267300.0
2010-11-10 00:00:00-05:00,28.399999618530273,28.5,27.739999771118164,28.34000015258789,12.487606048583984,2717000.0
2010-11-11 00:00:00-05:00,28.1200008392334,28.799999237060547,28.020000457763672,28.290000915527344,12.465579986572266,2478300.0
2010-11-12 00:00:00-05:00,28.31999969482422,28.3700008392334,27.329999923706055,27.399999618530273,12.073410034179688,4365200.0
2010-11-15 00:00:00-05:00,27.25,27.989999771118164,27.200000762939453,27.65999984741211,12.187973976135254,4142500.0
2010-11-16 00:00:00-05:00,27.56999969482422,27.649999618530273,26.25,26.700000762939453,11.764968872070312,2919300.0
2010-11-17 00:00:00-05:00,26.739999771118164,27.309999465942383,26.34000015258789,27.229999542236328,11.998503684997559,3193800.0
2010-11-18 00:00:00-05:00,28.059999465942383,28.229999542236328,27.540000915527344,27.690000534057617,12.201193809509277,3376600.0
2010-11-19 00:00:00-05:00,27.770000457763672,28.8799991607666,27.5,28.75,12.668272018432617,17483400.0
2010-11-22 00:00:00-05:00,28.6299991607666,29.81999969482422,28.549999237060547,29.68000030517578,13.078063011169434,6153800.0
2010-11-23 00:00:00-05:00,29.25,29.25,28.809999465942383,28.950000762939453,12.756399154663086,4384400.0
2010-11-24 00:00:00-05:00,29.100000381469727,29.540000915527344,28.860000610351562,29.5,12.998745918273926,3341100.0
2010-11-26 00:00:00-05:00,29.200000762939453,29.549999237060547,29.149999618530273,29.3799991607666,12.945871353149414,740600.0
2010-11-29 00:00:00-05:00,29.899999618530273,29.969999313354492,28.860000610351562,29.75,13.108903884887695,3414900.0
2010-11-30 00:00:00-05:00,29.229999542236328,29.5,29.059999465942383,29.209999084472656,12.870965957641602,2831300.0
2010-12-01 00:00:00-05:00,29.690000534057617,30.040000915527344,29.6299991607666,29.8799991607666,13.16618537902832,7132500.0
2010-12-02 00:00:00-05:00,30.209999084472656,30.5,29.40999984741211,30.489999771118164,13.434977531433105,7641100.0
2010-12-03 00:00:00-05:00,30.040000915527344,30.709999084472656,29.530000686645508,30.520000457763672,13.448193550109863,5584300.0
2010-12-06 00:00:00-05:00,30.6200008392334,31.1200008392334,30.5,31.079999923706055,13.69495677947998,4628200.0
2010-12-07 00:00:00-05:00,31.5,31.75,30.93000030517578,31.600000381469727,13.924084663391113,6296400.0
2010-12-08 00:00:00-05:00,31.600000381469727,31.850000381469727,30.729999542236328,30.860000610351562,13.598013877868652,3558100.0
2010-12-09 00:00:00-05:00,31.229999542236328,31.34000015258789,29.600000381469727,30.610000610351562,13.487858772277832,4306200.0
2010-12-10 00:00:00-05:00,30.559999465942383,31.170000076293945,30.459999084472656,31.100000381469727,13.703766822814941,3383400.0
2010-12-13 00:00:00-05:00,31.079999923706055,31.969999313354492,31.030000686645508,31.860000610351562,14.038649559020996,38066400.0
2010-12-14 00:00:00-05:00,31.610000610351562,32.459999084472656,31.06999969482422,31.989999771118164,14.095930099487305,3875100.0
2010-12-15 00:00:00-05:00,31.989999771118164,32.189998626708984,31.520000457763672,31.75,13.9901762008667,1458700.0
2010-12-16 00:00:00-05:00,32.0099983215332,32.06999969482422,30.90999984741211,31.200000762939453,13.747828483581543,2498500.0
2010-12-17 00:00:00-05:00,31.139999389648438,32.0,30.719999313354492,31.8700008392334,14.043052673339844,3980000.0
2010-12-20 00:00:00-05:00,31.90999984741211,32.119998931884766,31.6200008392334,32.099998474121094,14.144401550292969,2500900.0
2010-12-21 00:00:00-05:00,32.0,32.56999969482422,32.0,32.54999923706055,14.34268569946289,3301200.0
2010-12-22 00:00:00-05:00,32.34000015258789,32.97999954223633,32.34000015258789,32.95000076293945,14.518939018249512,3212600.0
2010-12-23 00:00:00-05:00,32.95000076293945,33.0,32.790000915527344,32.93000030517578,14.510129928588867,724400.0
2010-12-27 00:00:00-05:00,32.66999816894531,33.029998779296875,32.650001525878906,32.959999084472656,14.523350715637207,679600.0
2010-12-28 00:00:00-05:00,32.939998626708984,33.29999923706055,32.83000183105469,33.279998779296875,14.664347648620605,1111600.0
2010-12-29 00:00:00-05:00,33.209999084472656,33.45000076293945,33.18000030517578,33.400001525878906,14.717227935791016,1290400.0
2010-12-30 00:00:00-05:00,33.43000030517578,33.81999969482422,33.2599983215332,33.7599983215332,14.87585735321045,1605600.0
2010-12-31 00:00:00-05:00,33.849998474121094,34.540000915527344,33.83000183105469,34.400001525878906,15.157855033874512,1877900.0
2011-01-03 00:00:00-05:00,34.75,34.9900016784668,34.43000030517578,34.560001373291016,15.228364944458008,3403400.0
2011-01-04 00:00:00-05:00,34.79999923706055,34.95000076293945,34.540000915527344,34.869998931884766,15.36496353149414,5475700.0
2011-01-05 00:00:00-05:00,34.68000030517578,35.0,34.630001068115234,34.849998474121094,15.356145858764648,2780800.0
2011-01-06 00:00:00-05:00,34.93000030517578,35.11000061035156,34.720001220703125,34.970001220703125,15.409022331237793,3249400.0
2011-01-07 00:00:00-05:00,35.18000030517578,35.22999954223633,34.45000076293945,34.619998931884766,15.254799842834473,1889700.0
2011-01-10 00:00:00-05:00,34.91999816894531,35.29999923706055,34.599998474121094,35.2400016784668,15.528000831604004,4051600.0
2011-01-11 00:00:00-05:00,35.599998474121094,36.58000183105469,35.5099983215332,36.470001220703125,16.06997299194336,4729500.0
2011-01-12 00:00:00-05:00,36.65999984741211,37.0,36.5099983215332,36.7400016784668,16.188949584960938,2867900.0
2011-01-13 00:00:00-05:00,36.84000015258789,36.84000015258789,35.849998474121094,36.400001525878906,16.039134979248047,4404500.0
2011-01-14 00:00:00-05:00,36.279998779296875,37.0,36.040000915527344,36.61000061035156,16.13165855407715,3841100.0
2011-01-18 00:00:00-05:00,36.95000076293945,37.0,36.459999084472656,36.5,16.083189010620117,2166600.0
2011-01-19 00:00:00-05:00,36.66999816894531,36.70000076293945,35.529998779296875,35.65999984741211,15.713068962097168,3682500.0
2011-01-20 00:00:00-05:00,35.2599983215332,35.77000045776367,33.56999969482422,35.41999816894531,15.607304573059082,7837700.0
2011-01-21 00:00:00-05:00,35.880001068115234,36.220001220703125,34.400001525878906,35.04999923706055,15.444276809692383,3647600.0
2011-01-24 00:00:00-05:00,35.599998474121094,35.7400016784668,34.75,35.650001525878906,15.708653450012207,2489700.0
2011-01-25 00:00:00-05:00,35.70000076293945,36.150001525878906,35.529998779296875,35.70000076293945,15.730691909790039,6351500.0
2011-01-26 00:00:00-05:00,35.779998779296875,36.25,35.540000915527344,36.0,15.862874984741211,2325700.0
2011-01-27 00:00:00-05:00,36.060001373291016,36.5099983215332,35.83000183105469,36.20000076293945,15.951005935668945,2718800.0
2011-01-28 00:00:00-05:00,36.29999923706055,36.47999954223633,34.619998931884766,34.86000061035156,15.36055850982666,1961300.0
2011-01-31 00:00:00-05:00,34.77000045776367,36.040000915527344,34.77000045776367,35.939998626708984,15.836441993713379,2250400.0
2011-02-01 00:00:00-05:00,36.189998626708984,37.0,35.970001220703125,36.84000015258789,16.233013153076172,2823400.0
2011-02-02 00:00:00-05:00,36.5099983215332,36.880001068115234,36.16999816894531,36.54999923706055,16.105226516723633,1646500.0
2011-02-03 00:00:00-05:00,36.83000183105469,37.439998626708984,36.0,36.119998931884766,15.915753364562988,3667200.0
2011-02-04 00:00:00-05:00,36.439998626708984,36.7599983215332,35.34000015258789,36.16999816894531,15.937777519226074,4087000.0
2011-02-07 00:00:00-05:00,36.4900016784668,36.77000045776367,35.290000915527344,35.52000045776367,15.651376724243164,4454900.0
2011-02-08 00:00:00-05:00,35.77000045776367,35.849998474121094,34.36000061035156,35.47999954223633,15.633745193481445,5053800.0
2011-02-09 00:00:00-05:00,35.2400016784668,35.95000076293945,34.59000015258789,35.84000015258789,15.792378425598145,5237600.0
2011-02-10 00:00:00-05:00,35.33000183105469,36.83000183105469,35.33000183105469,36.75,16.1933536529541,2841300.0
2011-02-11 00:00:00-05:00,36.16999816894531,38.88999938964844,35.7599983215332,37.06999969482422,16.334360122680664,4639500.0
2011-02-14 00:00:00-05:00,37.41999816894531,37.439998626708984,36.810001373291016,37.400001525878906,16.479768753051758,2764300.0
2011-02-15 00:00:00-05:00,37.38999938964844,37.66999816894531,36.560001373291016,37.47999954223633,16.5150203704834,2470500.0
2011-02-16 00:00:00-05:00,37.470001220703125,37.79999923706055,37.09000015258789,37.540000915527344,16.541458129882812,2955500.0
2011-02-17 00:00:00-05:00,37.59000015258789,38.599998474121094,37.2599983215332,38.59000015258789,17.004127502441406,6305700.0
2011-02-18 00:00:00-05:00,36.900001525878906,38.119998931884766,35.34000015258789,37.95000076293945,16.72211456298828,15389100.0
2011-02-22 00:00:00-05:00,36.529998779296875,38.75,35.7400016784668,35.84000015258789,15.792378425598145,6342400.0
2011-02-23 00:00:00-05:00,35.54999923706055,37.0,34.880001068115234,36.63999938964844,16.144887924194336,6188600.0
2011-02-24 00:00:00-05:00,36.65999984741211,37.38999938964844,36.2599983215332,36.70000076293945,16.171323776245117,4456100.0
2011-02-25 00:00:00-05:00,37.52000045776367,38.540000915527344,37.5,38.16999816894531,16.819053649902344,4899300.0
2011-02-28 00:00:00-05:00,38.880001068115234,40.0,37.709999084472656,38.08000183105469,16.779399871826172,12466200.0
2011-03-01 00:00:00-05:00,38.369998931884766,38.849998474121094,36.7599983215332,37.060001373291016,16.3299560546875,3520100.0
2011-03-02 00:00:00-05:00,37.20000076293945,38.58000183105469,36.84000015258789,38.06999969482422,16.774991989135742,3930500.0
2011-03-03 00:00:00-05:00,38.650001525878906,39.849998474121094,38.650001525878906,39.560001373291016,17.431547164916992,5558300.0
2011-03-04 00:00:00-05:00,40.20000076293945,40.29999923706055,39.34000015258789,39.63999938964844,17.466787338256836,4308600.0
2011-03-07 00:00:00-05:00,40.189998626708984,40.29999923706055,39.459999084472656,39.83000183105469,17.550514221191406,4343300.0
2011-03-08 00:00:00-05:00,39.720001220703125,41.08000183105469,39.36000061035156,40.72999954223633,17.94708251953125,3269300.0
2011-03-09 00:00:00-05:00,40.91999816894531,41.119998931884766,40.310001373291016,40.900001525878906,18.021991729736328,2698300.0
2011-03-10 00:00:00-05:00,40.380001068115234,41.0,38.529998779296875,39.689998626708984,17.48882293701172,7360400.0
2011-03-11 00:00:00-05:00,39.04999923706055,39.65999984741211,38.20000076293945,39.15999984741211,17.255290985107422,3965500.0
2011-03-14 00:00:00-04:00,39.08000183105469,40.40999984741211,38.75,39.189998626708984,17.268505096435547,1751000.0
2011-03-15 00:00:00-04:00,37.45000076293945,38.63999938964844,37.33000183105469,38.279998779296875,16.867525100708008,3694900.0
2011-03-16 00:00:00-04:00,38.119998931884766,39.40999984741211,37.9900016784668,38.09000015258789,16.783809661865234,3071500.0
2011-03-17 00:00:00-04:00,38.83000183105469,39.310001373291016,38.77000045776367,38.9900016784668,17.180381774902344,1526200.0
2011-03-18 00:00:00-04:00,39.52000045776367,39.58000183105469,38.209999084472656,38.400001525878906,16.92041015625,2805700.0
2011-03-21 00:00:00-04:00,39.349998474121094,40.0,38.79999923706055,39.66999816894531,17.480009078979492,2810700.0
2011-03-22 00:00:00-04:00,39.630001068115234,39.689998626708984,38.689998626708984,39.04999923706055,17.206815719604492,1433600.0
2011-03-23 00:00:00-04:00,38.83000183105469,39.970001220703125,38.5099983215332,39.869998931884766,17.568138122558594,1289300.0
2011-03-24 00:00:00-04:00,40.0,40.599998474121094,39.75,40.38999938964844,17.797266006469727,1852300.0
2011-03-25 00:00:00-04:00,40.400001525878906,40.869998931884766,39.91999816894531,40.36000061035156,17.7840518951416,1493600.0
2011-03-28 00:00:00-04:00,40.5,40.81999969482422,39.41999816894531,40.209999084472656,17.717952728271484,3532800.0
2011-03-29 00:00:00-04:00,39.939998626708984,40.7400016784668,39.900001525878906,40.13999938964844,17.68711280822754,2103700.0
2011-03-30 00:00:00-04:00,40.38999938964844,40.38999938964844,39.4900016784668,39.68000030517578,17.484416961669922,2951200.0
2011-03-31 00:00:00-04:00,39.65999984741211,40.130001068115234,39.279998779296875,39.54999923706055,17.427135467529297,3555600.0
2011-04-01 00:00:00-04:00,39.9900016784668,40.279998779296875,39.560001373291016,40.27000045776367,17.74439239501953,4105400.0
2011-04-04 00:00:00-04:00,40.5,41.0,40.36000061035156,40.650001525878906,17.911834716796875,1992700.0
2011-04-05 00:00:00-04:00,40.470001220703125,41.5099983215332,40.290000915527344,41.34000015258789,18.215869903564453,2558000.0
2011-04-06 00:00:00-04:00,41.400001525878906,42.04999923706055,41.27000045776367,41.61000061035156,18.3348388671875,2955900.0
2011-04-07 00:00:00-04:00,41.630001068115234,41.75,40.720001220703125,41.5,18.286373138427734,3235600.0
2011-04-08 00:00:00-04:00,41.58000183105469,43.279998779296875,41.4900016784668,42.58000183105469,18.76226234436035,4861400.0
2011-04-11 00:00:00-04:00,42.599998474121094,43.20000076293945,41.810001373291016,42.4900016784668,18.722597122192383,2362700.0
2011-04-12 00:00:00-04:00,42.029998779296875,42.279998779296875,40.36000061035156,40.529998779296875,17.85895538330078,4195500.0
2011-04-13 00:00:00-04:00,40.7400016784668,40.880001068115234,40.09000015258789,40.630001068115234,17.90302276611328,2475100.0
2011-04-14 00:00:00-04:00,40.400001525878906,40.630001068115234,39.630001068115234,40.41999816894531,17.81048583984375,1606500.0
2011-04-15 00:00:00-04:00,40.41999816894531,41.18000030517578,39.9900016784668,41.0099983215332,18.070457458496094,2073400.0
2011-04-18 00:00:00-04:00,40.68000030517578,41.119998931884766,39.79999923706055,40.060001373291016,17.6518611907959,2265900.0
2011-04-19 00:00:00-04:00,40.04999923706055,41.06999969482422,39.849998474121094,40.779998779296875,17.9691104888916,3088000.0
2011-04-20 00:00:00-04:00,41.459999084472656,42.0,41.36000061035156,42.0,18.50669288635254,2382100.0
2011-04-21 00:00:00-04:00,42.04999923706055,42.79999923706055,41.93000030517578,42.72999954223633,18.82835578918457,2375100.0
2011-04-25 00:00:00-04:00,42.810001373291016,43.7400016784668,42.41999816894531,43.2599983215332,19.0618839263916,2144700.0
2011-04-26 00:00:00-04:00,43.529998779296875,44.0,42.97999954223633,43.790000915527344,19.295429229736328,2800000.0
2011-04-27 00:00:00-04:00,43.9900016784668,44.40999984741211,43.400001525878906,43.70000076293945,19.255775451660156,3105000.0
2011-04-28 00:00:00-04:00,43.779998779296875,44.540000915527344,43.619998931884766,44.439998626708984,19.58184051513672,3637300.0
2011-04-29 00:00:00-04:00,44.65999984741211,45.36000061035156,44.27000045776367,44.5,19.60828399658203,3716100.0
2011-05-02 00:00:00-04:00,48.09000015258789,48.119998931884766,44.630001068115234,45.619998931884766,20.101791381835938,6359900.0
2011-05-03 00:00:00-04:00,45.70000076293945,46.279998779296875,44.459999084472656,44.56999969482422,19.68227195739746,4248600.0
2011-05-04 00:00:00-04:00,44.40999984741211,44.529998779296875,42.0,42.83000183105469,18.913883209228516,4965300.0
2011-05-05 00:00:00-04:00,42.7400016784668,43.38999938964844,41.290000915527344,41.650001525878906,18.392778396606445,5150500.0
2011-05-06 00:00:00-04:00,41.7400016784668,42.790000915527344,40.880001068115234,41.08000183105469,18.14107894897461,7247600.0
2011-05-09 00:00:00-04:00,41.08000183105469,42.290000915527344,41.029998779296875,41.5,18.32654571533203,4505400.0
2011-05-10 00:00:00-04:00,42.029998779296875,42.5,41.75,42.2400016784668,18.653335571289062,4993700.0
2011-05-11 00:00:00-04:00,42.5,43.310001373291016,41.459999084472656,42.220001220703125,18.644506454467773,6643600.0
2011-05-12 00:00:00-04:00,42.0,42.33000183105469,41.16999816894531,41.33000183105469,18.2514705657959,4061300.0
2011-05-13 00:00:00-04:00,41.630001068115234,41.75,39.36000061035156,39.68000030517578,17.522829055786133,4637200.0
2011-05-16 00:00:00-04:00,38.31999969482422,39.25,37.72999954223633,38.099998474121094,16.825092315673828,10085100.0
2011-05-17 00:00:00-04:00,38.099998474121094,39.220001220703125,38.06999969482422,38.95000076293945,17.200462341308594,8988700.0
2011-05-18 00:00:00-04:00,39.11000061035156,41.060001373291016,38.939998626708984,41.0,18.105743408203125,7016500.0
2011-05-19 00:00:00-04:00,41.25,41.56999969482422,40.4900016784668,41.0,18.105743408203125,3130900.0
2011-05-20 00:00:00-04:00,40.70000076293945,40.83000183105469,39.66999816894531,40.0,17.664140701293945,4038400.0
2011-05-23 00:00:00-04:00,38.90999984741211,39.349998474121094,38.15999984741211,38.900001525878906,17.17837905883789,4454000.0
2011-05-24 00:00:00-04:00,39.43000030517578,40.0,39.25,39.75,17.553739547729492,4469600.0
2011-05-25 00:00:00-04:00,39.5,42.08000183105469,39.4900016784668,41.59000015258789,18.36629295349121,4805000.0
2011-05-26 00:00:00-04:00,41.630001068115234,42.20000076293945,40.779998779296875,41.7599983215332,18.441362380981445,4563200.0
2011-05-27 00:00:00-04:00,42.119998931884766,42.7400016784668,41.81999969482422,42.7400016784668,18.87413215637207,2684500.0
2011-05-31 00:00:00-04:00,43.470001220703125,43.81999969482422,42.84000015258789,43.810001373291016,19.346649169921875,8699000.0
2011-06-01 00:00:00-04:00,43.66999816894531,44.209999084472656,42.11000061035156,42.279998779296875,18.671001434326172,4180100.0
2011-06-02 00:00:00-04:00,42.65999984741211,42.97999954223633,41.060001373291016,41.70000076293945,18.41486930847168,3664300.0
2011-06-03 00:00:00-04:00,40.5,40.709999084472656,39.209999084472656,39.88999938964844,17.615568161010742,6642400.0
2011-06-06 00:00:00-04:00,40.04999923706055,40.08000183105469,38.119998931884766,38.2400016784668,16.886917114257812,5518300.0
2011-06-07 00:00:00-04:00,39.43000030517578,39.4900016784668,38.43000030517578,38.880001068115234,17.169544219970703,4363600.0
2011-06-08 00:00:00-04:00,38.5,39.5,38.2400016784668,39.220001220703125,17.31968879699707,4387500.0
2011-06-09 00:00:00-04:00,39.54999923706055,40.18000030517578,39.220001220703125,40.0,17.664140701293945,3302800.0
2011-06-10 00:00:00-04:00,39.54999923706055,39.939998626708984,38.779998779296875,39.29999923706055,17.355016708374023,3219200.0
2011-06-13 00:00:00-04:00,39.400001525878906,39.7599983215332,38.11000061035156,38.29999923706055,16.913419723510742,3357500.0
2011-06-14 00:00:00-04:00,39.13999938964844,40.25,39.060001373291016,39.880001068115234,17.61115074157715,4451000.0
2011-06-15 00:00:00-04:00,39.279998779296875,39.59000015258789,38.08000183105469,38.36000061035156,16.939912796020508,4910700.0
2011-06-16 00:00:00-04:00,38.459999084472656,38.619998931884766,36.15999984741211,37.0099983215332,16.34375,8190900.0
2011-06-17 00:00:00-04:00,37.54999923706055,37.709999084472656,36.27000045776367,36.880001068115234,16.286340713500977,6585000.0
2011-06-20 00:00:00-04:00,36.470001220703125,36.869998931884766,35.880001068115234,36.560001373291016,16.14502716064453,5519200.0
2011-06-21 00:00:00-04:00,37.09000015258789,38.7599983215332,36.970001220703125,38.61000061035156,17.05031394958496,5852000.0
2011-06-22 00:00:00-04:00,38.63999938964844,39.5099983215332,38.290000915527344,38.70000076293945,17.090057373046875,4575300.0
2011-06-23 00:00:00-04:00,37.869998931884766,38.099998474121094,36.63999938964844,38.060001373291016,16.807430267333984,4695900.0
2011-06-24 00:00:00-04:00,38.2400016784668,38.83000183105469,37.52000045776367,37.58000183105469,16.595458984375,19002500.0
2011-06-27 00:00:00-04:00,37.650001525878906,37.83000183105469,35.84000015258789,37.2599983215332,16.454147338867188,7024600.0
2011-06-28 00:00:00-04:00,37.70000076293945,37.70000076293945,36.470001220703125,37.47999954223633,16.551298141479492,5326300.0
2011-06-29 00:00:00-04:00,37.7400016784668,39.290000915527344,37.68000030517578,38.290000915527344,16.908998489379883,4354400.0
2011-06-30 00:00:00-04:00,38.29999923706055,39.04999923706055,37.86000061035156,38.52000045776367,17.010570526123047,3257400.0
2011-07-01 00:00:00-04:00,39.40999984741211,39.59000015258789,38.43000030517578,38.91999816894531,17.18720817565918,4650200.0
2011-07-05 00:00:00-04:00,39.0099983215332,40.11000061035156,38.75,39.88999938964844,17.615568161010742,3880100.0
2011-07-06 00:00:00-04:00,39.630001068115234,39.75,38.79999923706055,39.45000076293945,17.42125701904297,4517500.0
2011-07-07 00:00:00-04:00,39.95000076293945,41.349998474121094,39.95000076293945,41.22999954223633,18.207311630249023,5828900.0
2011-07-08 00:00:00-04:00,40.5099983215332,40.91999816894531,39.959999084472656,40.880001068115234,18.052751541137695,3542000.0
2011-07-11 00:00:00-04:00,39.9900016784668,40.0,37.900001525878906,38.47999954223633,16.992904663085938,4543700.0
2011-07-12 00:00:00-04:00,38.31999969482422,38.95000076293945,37.9900016784668,38.400001525878906,16.957578659057617,2300700.0
2011-07-13 00:00:00-04:00,38.86000061035156,39.099998474121094,38.150001525878906,38.470001220703125,16.988487243652344,2697100.0
2011-07-14 00:00:00-04:00,38.5,38.970001220703125,37.810001373291016,37.91999816894531,16.745601654052734,2439700.0
2011-07-15 00:00:00-04:00,38.20000076293945,38.310001373291016,37.66999816894531,38.09000015258789,16.820680618286133,2566200.0
2011-07-18 00:00:00-04:00,37.849998474121094,38.13999938964844,36.20000076293945,36.84000015258789,16.268672943115234,3953600.0
2011-07-19 00:00:00-04:00,37.279998779296875,37.70000076293945,36.869998931884766,37.08000183105469,16.374656677246094,3996300.0
2011-07-20 00:00:00-04:00,37.38999938964844,38.06999969482422,37.189998626708984,37.599998474121094,16.604290008544922,3548700.0
2011-07-21 00:00:00-04:00,37.93000030517578,39.43000030517578,37.66999816894531,39.09000015258789,17.26228141784668,4992500.0
2011-07-22 00:00:00-04:00,38.95000076293945,39.650001525878906,38.25,39.540000915527344,17.461008071899414,3996700.0
2011-07-25 00:00:00-04:00,38.810001373291016,39.290000915527344,38.220001220703125,38.310001373291016,16.917829513549805,3420900.0
2011-07-26 00:00:00-04:00,38.290000915527344,39.310001373291016,38.15999984741211,38.939998626708984,17.196041107177734,3110900.0
2011-07-27 00:00:00-04:00,38.54999923706055,39.09000015258789,37.619998931884766,38.0,16.780935287475586,3987800.0
2011-07-28 00:00:00-04:00,38.0,38.45000076293945,37.119998931884766,37.54999923706055,16.582212448120117,3514800.0
2011-07-29 00:00:00-04:00,38.0,39.97999954223633,36.88999938964844,39.459999084472656,17.425678253173828,8271700.0
2011-08-01 00:00:00-04:00,40.959999084472656,41.93000030517578,38.40999984741211,40.33000183105469,17.809871673583984,6165400.0
2011-08-02 00:00:00-04:00,40.0,40.06999969482422,37.349998474121094,37.38999938964844,16.511558532714844,5618900.0
2011-08-03 00:00:00-04:00,37.61000061035156,38.040000915527344,35.04999923706055,37.290000915527344,16.467395782470703,10588700.0
2011-08-04 00:00:00-04:00,36.599998474121094,36.599998474121094,32.290000915527344,33.5099983215332,14.798133850097656,12484200.0
2011-08-05 00:00:00-04:00,34.220001220703125,35.150001525878906,30.18000030517578,33.11000061035156,14.621489524841309,9313700.0
2011-08-08 00:00:00-04:00,31.489999771118164,32.56999969482422,26.520000457763672,28.469999313354492,12.572450637817383,14254800.0
2011-08-09 00:00:00-04:00,29.40999984741211,31.850000381469727,29.09000015258789,31.84000015258789,14.060654640197754,12420900.0
2011-08-10 00:00:00-04:00,30.860000610351562,32.47999954223633,30.309999465942383,31.1299991607666,13.747122764587402,6956500.0
2011-08-11 00:00:00-04:00,31.34000015258789,34.7400016784668,31.270000457763672,34.02000045776367,15.02334976196289,6043100.0
2011-08-12 00:00:00-04:00,34.099998474121094,34.540000915527344,33.0,33.900001525878906,14.97036361694336,5040200.0
2011-08-15 00:00:00-04:00,34.15999984741211,35.02000045776367,33.4900016784668,33.939998626708984,15.076972007751465,4467900.0
2011-08-16 00:00:00-04:00,33.4900016784668,33.540000915527344,32.06999969482422,32.619998931884766,14.49059772491455,3897100.0
2011-08-17 00:00:00-04:00,32.939998626708984,33.380001068115234,31.360000610351562,31.90999984741211,14.175195693969727,4899400.0
2011-08-18 00:00:00-04:00,30.600000381469727,30.959999084472656,28.829999923706055,29.049999237060547,12.904720306396484,7548500.0
2011-08-19 00:00:00-04:00,28.670000076293945,29.5,27.920000076293945,27.979999542236328,12.429398536682129,5068500.0
2011-08-22 00:00:00-04:00,29.209999084472656,30.43000030517578,28.239999771118164,28.75,12.771446228027344,5459500.0
2011-08-23 00:00:00-04:00,29.079999923706055,30.309999465942383,28.469999313354492,29.850000381469727,13.260095596313477,4824400.0
2011-08-24 00:00:00-04:00,29.719999313354492,30.8700008392334,29.579999923706055,30.790000915527344,13.677668571472168,3591900.0
2011-08-25 00:00:00-04:00,31.030000686645508,31.290000915527344,29.920000076293945,30.420000076293945,13.513300895690918,3639100.0
2011-08-26 00:00:00-04:00,30.030000686645508,32.08000183105469,29.729999542236328,31.850000381469727,14.148544311523438,3309700.0
2011-08-29 00:00:00-04:00,32.779998779296875,34.7400016784668,32.54999923706055,34.689998626708984,15.41014289855957,4685200.0
2011-08-30 00:00:00-04:00,34.18000030517578,34.4900016784668,33.70000076293945,34.060001373291016,15.130284309387207,3893900.0
2011-08-31 00:00:00-04:00,34.369998931884766,35.04999923706055,34.060001373291016,34.650001525878906,15.392366409301758,4338700.0
2011-09-01 00:00:00-04:00,34.58000183105469,34.72999954223633,33.650001525878906,33.91999816894531,15.068086624145508,3387600.0
2011-09-02 00:00:00-04:00,32.65999984741211,32.689998626708984,31.309999465942383,32.11000061035156,14.264047622680664,1933400.0
2011-09-06 00:00:00-04:00,30.649999618530273,32.15999984741211,30.600000381469727,32.099998474121094,14.259600639343262,4855800.0
2011-09-07 00:00:00-04:00,32.7599983215332,34.220001220703125,32.720001220703125,33.939998626708984,15.076972007751465,2229700.0
2011-09-08 00:00:00-04:00,33.439998626708984,34.0,32.900001525878906,33.349998474121094,14.814882278442383,2069500.0
2011-09-09 00:00:00-04:00,32.7599983215332,32.81999969482422,30.84000015258789,31.190000534057617,13.855358123779297,3705200.0
2011-09-12 00:00:00-04:00,30.399999618530273,31.510000228881836,30.260000228881836,31.420000076293945,13.957528114318848,3949200.0
2011-09-13 00:00:00-04:00,31.75,32.61000061035156,31.40999984741211,32.5099983215332,14.441733360290527,1712800.0
2011-09-14 00:00:00-04:00,32.63999938964844,33.779998779296875,31.6200008392334,33.290000915527344,14.788228988647461,2177600.0
2011-09-15 00:00:00-04:00,33.720001220703125,34.220001220703125,32.959999084472656,33.689998626708984,14.965914726257324,1962800.0
2011-09-16 00:00:00-04:00,33.58000183105469,34.029998779296875,32.810001373291016,34.0,15.103625297546387,2144400.0
2011-09-19 00:00:00-04:00,32.81999969482422,33.2400016784668,31.959999084472656,32.91999816894531,14.623861312866211,2805000.0
2011-09-20 00:00:00-04:00,33.11000061035156,33.52000045776367,31.68000030517578,31.760000228881836,14.108565330505371,2916900.0
2011-09-21 00:00:00-04:00,31.440000534057617,31.440000534057617,28.860000610351562,28.889999389648438,12.833640098571777,5955300.0
2011-09-22 00:00:00-04:00,27.049999237060547,28.3799991607666,25.579999923706055,27.809999465942383,12.353882789611816,6481700.0
2011-09-23 00:00:00-04:00,27.790000915527344,29.520000457763672,27.399999618530273,28.469999313354492,12.647068977355957,2601400.0
2011-09-26 00:00:00-04:00,28.799999237060547,29.190000534057617,27.809999465942383,29.0,12.882506370544434,5867000.0
2011-09-27 00:00:00-04:00,30.059999465942383,31.31999969482422,29.450000762939453,29.59000015258789,13.144593238830566,6548400.0
2011-09-28 00:00:00-04:00,29.520000457763672,29.68000030517578,27.649999618530273,27.770000457763672,12.336109161376953,3886500.0
2011-09-29 00:00:00-04:00,28.600000381469727,28.81999969482422,26.049999237060547,26.649999618530273,11.838580131530762,5166500.0
2011-09-30 00:00:00-04:00,25.700000762939453,25.84000015258789,24.40999984741211,24.43000030517578,10.852399826049805,8354500.0
2011-10-03 00:00:00-04:00,24.299999237060547,25.540000915527344,23.809999465942383,24.100000381469727,10.705804824829102,6837400.0
2011-10-04 00:00:00-04:00,23.75,26.030000686645508,22.899999618530273,25.8799991607666,11.4965238571167,7100000.0
2011-10-05 00:00:00-04:00,25.889999389648438,26.520000457763672,25.510000228881836,26.09000015258789,11.589807510375977,7499700.0
2011-10-06 00:00:00-04:00,26.1200008392334,27.6200008392334,25.90999984741211,27.389999389648438,12.167306900024414,6296900.0
2011-10-07 00:00:00-04:00,27.700000762939453,27.889999389648438,26.43000030517578,26.520000457763672,11.780828475952148,4423000.0
2011-10-10 00:00:00-04:00,27.239999771118164,28.1299991607666,26.579999923706055,27.25,12.105114936828613,3407500.0
2011-10-11 00:00:00-04:00,26.93000030517578,28.579999923706055,26.59000015258789,28.049999237060547,12.460493087768555,3501300.0
2011-10-12 00:00:00-04:00,28.260000228881836,29.469999313354492,27.950000762939453,28.700000762939453,12.749238967895508,4479500.0
2011-10-13 00:00:00-04:00,28.290000915527344,28.530000686645508,27.5,28.059999465942383,12.464932441711426,2190200.0
2011-10-14 00:00:00-04:00,28.81999969482422,29.790000915527344,28.610000610351562,29.200000762939453,12.971348762512207,4474900.0
2011-10-17 00:00:00-04:00,28.969999313354492,29.239999771118164,27.889999389648438,28.239999771118164,12.544892311096191,3140900.0
2011-10-18 00:00:00-04:00,28.040000915527344,28.6200008392334,27.34000015258789,28.290000915527344,12.56710433959961,4606200.0
2011-10-19 00:00:00-04:00,27.989999771118164,28.030000686645508,26.809999465942383,26.93000030517578,11.962961196899414,5565600.0
2011-10-20 00:00:00-04:00,26.8799991607666,27.450000762939453,26.100000381469727,27.389999389648438,12.167306900024414,3481900.0
2011-10-21 00:00:00-04:00,30.799999237060547,31.260000228881836,29.0,31.020000457763672,13.779840469360352,12613600.0
2011-10-24 00:00:00-04:00,31.100000381469727,32.36000061035156,30.959999084472656,32.33000183105469,14.361770629882812,4670800.0
2011-10-25 00:00:00-04:00,32.34000015258789,32.439998626708984,30.6200008392334,30.729999542236328,13.651012420654297,3968500.0
2011-10-26 00:00:00-04:00,31.200000762939453,32.099998474121094,30.09000015258789,31.739999771118164,14.099678993225098,5577500.0
2011-10-27 00:00:00-04:00,32.88999938964844,34.08000183105469,32.52000045776367,33.59000015258789,14.921497344970703,5040700.0
2011-10-28 00:00:00-04:00,34.25,35.5,33.31999969482422,34.5,15.325733184814453,5968000.0
2011-10-31 00:00:00-04:00,34.75,34.75,32.84000015258789,32.86000061035156,14.597211837768555,5134900.0
2011-11-01 00:00:00-04:00,30.899999618530273,32.5099983215332,29.5,32.11000061035156,14.264047622680664,5704700.0
2011-11-02 00:00:00-04:00,32.61000061035156,33.66999816894531,32.560001373291016,33.209999084472656,14.752689361572266,2339600.0
2011-11-03 00:00:00-04:00,34.040000915527344,34.63999938964844,33.029998779296875,34.459999084472656,15.307969093322754,4112400.0
2011-11-04 00:00:00-04:00,34.13999938964844,35.2599983215332,33.709999084472656,35.0099983215332,15.552292823791504,5280500.0
2011-11-07 00:00:00-05:00,34.91999816894531,35.029998779296875,33.91999816894531,34.790000915527344,15.454562187194824,2343400.0
2011-11-08 00:00:00-05:00,35.0,35.2400016784668,33.9900016784668,34.939998626708984,15.521197319030762,2375700.0
2011-11-09 00:00:00-05:00,33.36000061035156,34.4900016784668,33.279998779296875,34.060001373291016,15.130284309387207,4871000.0
2011-11-10 00:00:00-05:00,34.52000045776367,35.119998931884766,33.650001525878906,35.06999969482422,15.578949928283691,5372400.0
2011-11-11 00:00:00-05:00,35.220001220703125,36.459999084472656,34.56999969482422,36.08000183105469,16.027618408203125,4027900.0
2011-11-14 00:00:00-05:00,36.5099983215332,36.959999084472656,35.380001068115234,35.529998779296875,15.78328800201416,5244300.0
2011-11-15 00:00:00-05:00,35.5,36.04999923706055,34.849998474121094,34.91999816894531,15.512310028076172,10945200.0
2011-11-16 00:00:00-05:00,34.66999816894531,35.47999954223633,34.65999984741211,35.02000045776367,15.556737899780273,6982200.0
2011-11-17 00:00:00-05:00,34.790000915527344,35.220001220703125,34.75,35.189998626708984,15.632256507873535,8539700.0
2011-11-18 00:00:00-05:00,35.470001220703125,35.970001220703125,34.0099983215332,34.529998779296875,15.339064598083496,13064200.0
2011-11-21 00:00:00-05:00,34.099998474121094,34.61000061035156,33.90999984741211,34.5099983215332,15.330181121826172,14918200.0
2011-11-22 00:00:00-05:00,29.510000228881836,30.270000457763672,29.299999237060547,29.770000457763672,15.335332870483398,5045500.0
2011-11-23 00:00:00-05:00,29.450000762939453,29.459999084472656,28.290000915527344,28.329999923706055,14.593550682067871,5679400.0
2011-11-25 00:00:00-05:00,28.360000610351562,29.280000686645508,28.34000015258789,28.649999618530273,14.758393287658691,1704100.0
2011-11-28 00:00:00-05:00,29.770000457763672,30.260000228881836,29.3799991607666,29.90999984741211,15.407445907592773,4817100.0
2011-11-29 00:00:00-05:00,29.979999542236328,30.770000457763672,29.709999084472656,30.360000610351562,15.63925552368164,4126800.0
2011-11-30 00:00:00-05:00,31.31999969482422,32.88999938964844,31.31999969482422,32.66999816894531,16.829198837280273,4917800.0
2011-12-01 00:00:00-05:00,32.45000076293945,32.66999816894531,32.11000061035156,32.40999984741211,16.695266723632812,3915400.0
2011-12-02 00:00:00-05:00,33.0,33.400001525878906,32.560001373291016,32.79999923706055,16.896167755126953,3032000.0
2011-12-05 00:00:00-05:00,33.439998626708984,34.189998626708984,33.189998626708984,33.720001220703125,17.370084762573242,3484900.0
2011-12-06 00:00:00-05:00,33.75,34.08000183105469,33.11000061035156,33.70000076293945,17.359785079956055,3028300.0
2011-12-07 00:00:00-05:00,33.20000076293945,33.47999954223633,32.650001525878906,32.939998626708984,16.96828269958496,3758800.0
2011-12-08 00:00:00-05:00,32.58000183105469,33.189998626708984,32.2400016784668,32.619998931884766,16.80344581604004,3723100.0
2011-12-09 00:00:00-05:00,32.599998474121094,33.529998779296875,31.559999465942383,33.18000030517578,17.091917037963867,6103200.0
2011-12-12 00:00:00-05:00,32.619998931884766,32.90999984741211,31.850000381469727,32.279998779296875,16.628305435180664,3281000.0
2011-12-13 00:00:00-05:00,32.4900016784668,32.95000076293945,31.420000076293945,31.889999389648438,16.427406311035156,3351600.0
2011-12-14 00:00:00-05:00,31.270000457763672,31.719999313354492,30.3700008392334,30.700000762939453,15.814398765563965,4563300.0
2011-12-15 00:00:00-05:00,31.149999618530273,31.200000762939453,30.510000228881836,30.799999237060547,15.865913391113281,3937100.0
2011-12-16 00:00:00-05:00,31.170000076293945,32.150001525878906,31.0,32.04999923706055,16.50981903076172,7804900.0
2011-12-19 00:00:00-05:00,31.729999542236328,31.729999542236328,31.0,31.200000762939453,16.071962356567383,2878000.0
2011-12-20 00:00:00-05:00,32.150001525878906,33.22999954223633,32.0,32.91999816894531,16.957977294921875,2467600.0
2011-12-21 00:00:00-05:00,32.970001220703125,33.060001373291016,32.119998931884766,32.959999084472656,16.97858238220215,1799900.0
2011-12-22 00:00:00-05:00,32.900001525878906,33.4900016784668,32.63999938964844,32.88999938964844,16.942527770996094,2315500.0
2011-12-23 00:00:00-05:00,32.95000076293945,33.11000061035156,32.790000915527344,32.9900016784668,16.99403953552246,1553800.0
2011-12-27 00:00:00-05:00,32.95000076293945,33.290000915527344,32.689998626708984,32.970001220703125,16.983745574951172,1024300.0
2011-12-28 00:00:00-05:00,32.970001220703125,33.0,32.099998474121094,32.25,16.612850189208984,843300.0
2011-12-29 00:00:00-05:00,32.380001068115234,32.91999816894531,32.20000076293945,32.810001373291016,16.90131950378418,711600.0
2011-12-30 00:00:00-05:00,32.84000015258789,32.869998931884766,32.38999938964844,32.4900016784668,16.736480712890625,938700.0
2012-01-03 00:00:00-05:00,33.29999923706055,33.97999954223633,33.11000061035156,33.470001220703125,17.241300582885742,3601600.0
2012-01-04 00:00:00-05:00,33.43000030517578,34.93000030517578,33.400001525878906,34.7400016784668,17.895509719848633,4872600.0
2012-01-05 00:00:00-05:00,34.58000183105469,34.58000183105469,34.0,34.2400016784668,17.637956619262695,5574200.0
2012-01-06 00:00:00-05:00,34.38999938964844,34.939998626708984,33.939998626708984,34.45000076293945,17.746122360229492,4452700.0
2012-01-09 00:00:00-05:00,34.5,34.630001068115234,34.189998626708984,34.31999969482422,17.679157257080078,4329200.0
2012-01-10 00:00:00-05:00,34.52000045776367,37.220001220703125,34.43000030517578,36.95000076293945,19.03394889831543,9089400.0
2012-01-11 00:00:00-05:00,37.47999954223633,38.20000076293945,36.91999816894531,37.400001525878906,19.265750885009766,7942700.0
2012-01-12 00:00:00-05:00,37.900001525878906,39.5,37.599998474121094,38.88999938964844,20.03329086303711,8047400.0
2012-01-13 00:00:00-05:00,38.189998626708984,39.06999969482422,37.7400016784668,38.90999984741211,20.043588638305664,5794500.0
2012-01-17 00:00:00-05:00,39.81999969482422,40.04999923706055,38.95000076293945,39.189998626708984,20.18782615661621,3210400.0
2012-01-18 00:00:00-05:00,39.40999984741211,41.220001220703125,39.220001220703125,40.630001068115234,20.92961311340332,6418600.0
2012-01-19 00:00:00-05:00,40.869998931884766,40.869998931884766,39.810001373291016,40.0,20.605083465576172,3913400.0
2012-01-20 00:00:00-05:00,39.869998931884766,40.0,39.470001220703125,39.900001525878906,20.55356216430664,3772400.0
2012-01-23 00:00:00-05:00,40.0,40.06999969482422,38.97999954223633,39.34000015258789,20.265104293823242,5093400.0
2012-01-24 00:00:00-05:00,39.220001220703125,40.029998779296875,38.779998779296875,39.970001220703125,20.58963394165039,3544100.0
2012-01-25 00:00:00-05:00,39.7400016784668,40.290000915527344,39.02000045776367,40.220001220703125,20.718412399291992,3982000.0
2012-01-26 00:00:00-05:00,40.540000915527344,40.900001525878906,39.970001220703125,40.290000915527344,20.75446891784668,3192200.0
2012-01-27 00:00:00-05:00,40.150001525878906,41.540000915527344,40.150001525878906,41.22999954223633,21.238689422607422,4095200.0
2012-01-30 00:00:00-05:00,40.86000061035156,42.439998626708984,40.5099983215332,42.41999816894531,21.85169219970703,4126800.0
2012-01-31 00:00:00-05:00,42.66999816894531,43.119998931884766,42.470001220703125,43.099998474121094,22.201980590820312,5673300.0
2012-02-01 00:00:00-05:00,43.47999954223633,43.900001525878906,43.15999984741211,43.599998474121094,22.45953369140625,5709400.0
2012-02-02 00:00:00-05:00,43.90999984741211,44.0,43.13999938964844,43.29999923706055,22.30500030517578,4489600.0
2012-02-03 00:00:00-05:00,43.779998779296875,44.81999969482422,43.72999954223633,44.79999923706055,23.07769203186035,6138400.0
2012-02-06 00:00:00-05:00,44.81999969482422,44.84000015258789,44.29999923706055,44.75,23.051939010620117,2932800.0
2012-02-07 00:00:00-05:00,44.63999938964844,45.029998779296875,44.34000015258789,44.869998931884766,23.11374855041504,5522200.0
2012-02-08 00:00:00-05:00,45.0,45.060001373291016,44.439998626708984,44.70000076293945,23.02617835998535,3116000.0
2012-02-09 00:00:00-05:00,44.939998626708984,45.119998931884766,44.349998474121094,44.58000183105469,22.964365005493164,5834500.0
2012-02-10 00:00:00-05:00,44.0,45.90999984741211,43.61000061035156,44.75,23.051939010620117,9666500.0
2012-02-13 00:00:00-05:00,45.349998474121094,46.38999938964844,44.93000030517578,46.0099983215332,23.700998306274414,8934500.0
2012-02-14 00:00:00-05:00,45.5,45.939998626708984,44.029998779296875,44.61000061035156,22.97982406616211,6323800.0
2012-02-15 00:00:00-05:00,44.29999923706055,44.29999923706055,43.36000061035156,43.560001373291016,22.438940048217773,7851200.0
2012-02-16 00:00:00-05:00,43.560001373291016,44.040000915527344,43.47999954223633,43.9900016784668,22.660446166992188,4664300.0
2012-02-17 00:00:00-05:00,44.209999084472656,44.349998474121094,43.720001220703125,43.97999954223633,22.65528106689453,1922700.0
2012-02-21 00:00:00-05:00,44.06999969482422,44.279998779296875,41.970001220703125,42.88999938964844,22.093807220458984,4001900.0
2012-02-22 00:00:00-05:00,42.5,43.41999816894531,42.08000183105469,43.29999923706055,22.30500030517578,3756900.0
2012-02-23 00:00:00-05:00,43.47999954223633,43.5099983215332,42.5099983215332,43.189998626708984,22.248332977294922,2724500.0
2012-02-24 00:00:00-05:00,43.119998931884766,44.220001220703125,43.119998931884766,44.150001525878906,22.74285316467285,4583900.0
2012-02-27 00:00:00-05:00,43.70000076293945,44.97999954223633,43.5099983215332,44.2400016784668,22.78921890258789,3063600.0
2012-02-28 00:00:00-05:00,44.36000061035156,44.86000061035156,43.93000030517578,44.0,22.66558837890625,2480300.0
2012-02-29 00:00:00-05:00,43.88999938964844,44.33000183105469,42.869998931884766,43.18000030517578,22.24317741394043,2809000.0
2012-03-01 00:00:00-05:00,43.439998626708984,43.81999969482422,42.810001373291016,43.56999969482422,22.444091796875,2051400.0
2012-03-02 00:00:00-05:00,43.68000030517578,44.20000076293945,43.599998474121094,43.709999084472656,22.516204833984375,1797800.0
2012-03-05 00:00:00-05:00,43.43000030517578,43.43000030517578,41.09000015258789,41.79999923706055,21.53231430053711,5354400.0
2012-03-06 00:00:00-05:00,40.79999923706055,40.970001220703125,38.90999984741211,39.279998779296875,20.234188079833984,6016800.0
2012-03-07 00:00:00-05:00,40.099998474121094,40.79999923706055,39.79999923706055,40.599998474121094,20.91416358947754,4048900.0
2012-03-08 00:00:00-05:00,40.869998931884766,42.86000061035156,40.84000015258789,42.720001220703125,22.142568588256836,5819500.0
2012-03-09 00:00:00-05:00,43.0,43.06999969482422,41.900001525878906,42.13999938964844,21.841943740844727,3704600.0
2012-03-12 00:00:00-04:00,42.0,42.16999816894531,39.869998931884766,40.599998474121094,21.043731689453125,5599200.0
2012-03-13 00:00:00-04:00,41.119998931884766,42.290000915527344,40.720001220703125,42.2599983215332,21.90414810180664,2874800.0
2012-03-14 00:00:00-04:00,42.04999923706055,42.2400016784668,41.560001373291016,41.959999084472656,21.74864959716797,1717400.0
2012-03-15 00:00:00-04:00,42.0099983215332,43.29999923706055,41.93000030517578,42.709999084472656,22.137388229370117,2602800.0
2012-03-16 00:00:00-04:00,42.720001220703125,43.25,42.41999816894531,42.900001525878906,22.235868453979492,2479900.0
2012-03-19 00:00:00-04:00,42.630001068115234,42.849998474121094,42.2599983215332,42.540000915527344,22.049278259277344,2645800.0
2012-03-20 00:00:00-04:00,42.08000183105469,42.959999084472656,41.619998931884766,42.880001068115234,22.225502014160156,2187800.0
2012-03-21 00:00:00-04:00,42.97999954223633,43.810001373291016,42.56999969482422,43.650001525878906,22.624608993530273,1874800.0
2012-03-22 00:00:00-04:00,42.900001525878906,43.279998779296875,41.470001220703125,41.61000061035156,21.56724739074707,2537700.0
2012-03-23 00:00:00-04:00,41.630001068115234,42.599998474121094,41.380001068115234,42.52000045776367,22.038909912109375,1787700.0
2012-03-26 00:00:00-04:00,43.0,44.09000015258789,42.75,43.869998931884766,22.73863983154297,3565300.0
2012-03-27 00:00:00-04:00,43.86000061035156,44.97999954223633,43.279998779296875,43.290000915527344,22.438011169433594,3170900.0
2012-03-28 00:00:00-04:00,43.380001068115234,43.86000061035156,42.34000015258789,42.63999938964844,22.101110458374023,2613500.0
2012-03-29 00:00:00-04:00,42.0,43.25,41.060001373291016,43.130001068115234,22.355093002319336,3827700.0
2012-03-30 00:00:00-04:00,43.66999816894531,43.86000061035156,42.97999954223633,43.650001525878906,22.624608993530273,2852000.0
2012-04-02 00:00:00-04:00,43.619998931884766,44.84000015258789,43.349998474121094,44.56999969482422,23.101465225219727,3624100.0
2012-04-03 00:00:00-04:00,44.2400016784668,45.060001373291016,43.400001525878906,43.83000183105469,22.717906951904297,5588600.0
2012-04-04 00:00:00-04:00,43.20000076293945,44.2400016784668,43.040000915527344,44.09000015258789,22.852670669555664,2367700.0
2012-04-05 00:00:00-04:00,43.849998474121094,45.2400016784668,43.209999084472656,43.40999984741211,22.50021743774414,3754900.0
2012-04-09 00:00:00-04:00,42.81999969482422,42.88999938964844,42.2599983215332,42.470001220703125,22.01300048828125,1698600.0
2012-04-10 00:00:00-04:00,42.4900016784668,42.529998779296875,40.720001220703125,40.95000076293945,21.22515296936035,3242800.0
2012-04-11 00:00:00-04:00,41.810001373291016,42.20000076293945,41.0,41.220001220703125,21.365095138549805,3356300.0
2012-04-12 00:00:00-04:00,41.52000045776367,42.880001068115234,41.290000915527344,42.83000183105469,22.1995906829834,3618500.0
2012-04-13 00:00:00-04:00,42.65999984741211,44.439998626708984,42.619998931884766,44.06999969482422,22.842304229736328,4332400.0
2012-04-16 00:00:00-04:00,44.41999816894531,44.599998474121094,43.59000015258789,44.279998779296875,22.951148986816406,3779800.0
2012-04-17 00:00:00-04:00,44.88999938964844,45.150001525878906,44.0,44.130001068115234,22.873401641845703,3275000.0
2012-04-18 00:00:00-04:00,43.97999954223633,44.279998779296875,43.400001525878906,43.869998931884766,22.73863983154297,2153300.0
2012-04-19 00:00:00-04:00,43.91999816894531,44.709999084472656,43.77000045776367,44.09000015258789,22.852670669555664,3038800.0
2012-04-20 00:00:00-04:00,44.22999954223633,44.61000061035156,43.88999938964844,44.15999984741211,22.888952255249023,2261000.0
2012-04-23 00:00:00-04:00,43.209999084472656,43.95000076293945,42.720001220703125,43.75,22.67644500732422,2011800.0
2012-04-24 00:00:00-04:00,43.59000015258789,44.2599983215332,43.06999969482422,44.09000015258789,22.852670669555664,1959000.0
2012-04-25 00:00:00-04:00,44.599998474121094,45.369998931884766,44.459999084472656,45.18000030517578,23.417627334594727,2032600.0
2012-04-26 00:00:00-04:00,44.630001068115234,45.86000061035156,44.0,45.529998779296875,23.599048614501953,2352100.0
2012-04-27 00:00:00-04:00,45.689998626708984,46.130001068115234,45.209999084472656,45.72999954223633,23.702709197998047,4676100.0
2012-04-30 00:00:00-04:00,43.95000076293945,44.54999923706055,41.779998779296875,41.779998779296875,21.65534782409668,9554100.0
2012-05-01 00:00:00-04:00,42.380001068115234,43.709999084472656,41.900001525878906,42.86000061035156,22.21514892578125,5835800.0
2012-05-02 00:00:00-04:00,42.779998779296875,43.349998474121094,42.130001068115234,43.13999938964844,22.36026954650879,3178400.0
2012-05-03 00:00:00-04:00,43.25,43.27000045776367,41.09000015258789,41.25,21.380640029907227,4471500.0
2012-05-04 00:00:00-04:00,41.0,41.52000045776367,39.2400016784668,39.47999954223633,20.463214874267578,7864400.0
2012-05-07 00:00:00-04:00,39.2599983215332,40.0099983215332,39.09000015258789,39.22999954223633,20.333641052246094,5300000.0
2012-05-08 00:00:00-04:00,38.90999984741211,39.04999923706055,37.66999816894531,38.849998474121094,20.136680603027344,5677800.0
2012-05-09 00:00:00-04:00,38.720001220703125,41.279998779296875,38.369998931884766,40.099998474121094,20.784578323364258,7675500.0
2012-05-10 00:00:00-04:00,40.869998931884766,40.880001068115234,39.779998779296875,40.459999084472656,20.971174240112305,6688800.0
2012-05-11 00:00:00-04:00,39.9900016784668,40.7400016784668,39.869998931884766,40.08000183105469,20.774215698242188,3858400.0
2012-05-14 00:00:00-04:00,39.599998474121094,39.619998931884766,38.83000183105469,39.31999969482422,20.380285263061523,5081000.0
2012-05-15 00:00:00-04:00,39.459999084472656,40.130001068115234,39.310001373291016,39.7400016784668,20.59798812866211,3906900.0
2012-05-16 00:00:00-04:00,40.279998779296875,40.540000915527344,38.810001373291016,39.220001220703125,20.328460693359375,4560200.0
2012-05-17 00:00:00-04:00,38.900001525878906,38.91999816894531,36.95000076293945,36.959999084472656,19.354450225830078,5529000.0
2012-05-18 00:00:00-04:00,37.04999923706055,38.02000045776367,36.779998779296875,37.040000915527344,19.396343231201172,4279900.0
2012-05-21 00:00:00-04:00,37.099998474121094,39.15999984741211,37.040000915527344,39.0,20.42271614074707,2979400.0
2012-05-22 00:00:00-04:00,39.43000030517578,39.720001220703125,38.970001220703125,39.2599983215332,20.558866500854492,5605400.0
2012-05-23 00:00:00-04:00,38.90999984741211,39.09000015258789,37.86000061035156,38.959999084472656,20.401769638061523,3671000.0
2012-05-24 00:00:00-04:00,39.29999923706055,39.77000045776367,38.349998474121094,38.970001220703125,20.40700340270996,3206600.0
2012-05-25 00:00:00-04:00,39.130001068115234,39.84000015258789,38.849998474121094,39.599998474121094,20.73691749572754,2099600.0
2012-05-29 00:00:00-04:00,40.09000015258789,41.06999969482422,39.91999816894531,40.88999938964844,21.412433624267578,3912900.0
2012-05-30 00:00:00-04:00,39.83000183105469,40.02000045776367,38.91999816894531,39.349998474121094,20.60599708557129,2469800.0
2012-05-31 00:00:00-04:00,39.529998779296875,39.65999984741211,38.400001525878906,39.459999084472656,20.663599014282227,4627200.0
2012-06-01 00:00:00-04:00,37.22999954223633,38.20000076293945,37.040000915527344,37.2599983215332,19.511550903320312,5158900.0
2012-06-04 00:00:00-04:00,37.290000915527344,37.290000915527344,35.970001220703125,36.7599983215332,19.249725341796875,2974500.0
2012-06-05 00:00:00-04:00,36.40999984741211,37.630001068115234,36.13999938964844,37.52000045776367,19.64769744873047,4176500.0
2012-06-06 00:00:00-04:00,38.11000061035156,38.939998626708984,37.790000915527344,38.439998626708984,20.129465103149414,4048700.0
2012-06-07 00:00:00-04:00,39.36000061035156,40.09000015258789,37.81999969482422,38.0,19.899057388305664,4350600.0
2012-06-08 00:00:00-04:00,37.75,38.38999938964844,36.970001220703125,38.22999954223633,20.019495010375977,2480700.0
2012-06-11 00:00:00-04:00,38.72999954223633,38.84000015258789,36.9900016784668,37.060001373291016,19.40682029724121,1763400.0
2012-06-12 00:00:00-04:00,37.5099983215332,38.099998474121094,37.20000076293945,37.83000183105469,19.81003761291504,2234000.0
2012-06-13 00:00:00-04:00,37.45000076293945,38.349998474121094,37.27000045776367,37.77000045776367,19.778621673583984,2907600.0
2012-06-14 00:00:00-04:00,37.68000030517578,37.970001220703125,37.06999969482422,37.599998474121094,19.689592361450195,2861800.0
2012-06-15 00:00:00-04:00,37.95000076293945,39.150001525878906,37.66999816894531,38.939998626708984,20.391294479370117,3270100.0
2012-06-18 00:00:00-04:00,38.77000045776367,40.68000030517578,38.47999954223633,40.529998779296875,21.223920822143555,3667800.0
2012-06-19 00:00:00-04:00,40.75,41.90999984741211,40.599998474121094,41.47999954223633,21.721393585205078,2858200.0
2012-06-20 00:00:00-04:00,41.47999954223633,41.9900016784668,41.040000915527344,41.41999816894531,21.68997573852539,2564800.0
2012-06-21 00:00:00-04:00,41.439998626708984,41.58000183105469,39.16999816894531,39.2599983215332,20.558866500854492,4267100.0
2012-06-22 00:00:00-04:00,39.869998931884766,39.869998931884766,38.59000015258789,39.619998931884766,20.747386932373047,4051200.0
2012-06-25 00:00:00-04:00,38.959999084472656,39.290000915527344,38.5099983215332,39.119998931884766,20.485557556152344,2140700.0
2012-06-26 00:00:00-04:00,39.150001525878906,39.91999816894531,38.810001373291016,39.529998779296875,20.700254440307617,1802200.0
2012-06-27 00:00:00-04:00,39.77000045776367,39.77000045776367,38.439998626708984,38.900001525878906,20.37035369873047,3174800.0
2012-06-28 00:00:00-04:00,38.290000915527344,38.869998931884766,37.91999816894531,38.619998931884766,20.223724365234375,3221300.0
2012-06-29 00:00:00-04:00,40.040000915527344,40.40999984741211,39.54999923706055,40.27000045776367,21.087766647338867,3822600.0
2012-07-02 00:00:00-04:00,40.59000015258789,41.86000061035156,40.349998474121094,40.849998474121094,21.39149284362793,3164900.0
2012-07-03 00:00:00-04:00,40.939998626708984,42.099998474121094,40.939998626708984,41.939998626708984,21.9622802734375,1372600.0
2012-07-05 00:00:00-04:00,41.81999969482422,42.599998474121094,41.47999954223633,42.310001373291016,22.156028747558594,2727600.0
2012-07-06 00:00:00-04:00,41.790000915527344,42.130001068115234,40.77000045776367,41.150001525878906,21.5485897064209,2397400.0
2012-07-09 00:00:00-04:00,41.709999084472656,41.939998626708984,40.58000183105469,40.810001373291016,21.37053871154785,2986700.0
2012-07-10 00:00:00-04:00,41.209999084472656,41.529998779296875,40.16999816894531,40.470001220703125,21.192495346069336,2625100.0
2012-07-11 00:00:00-04:00,40.439998626708984,40.5099983215332,39.27000045776367,39.68000030517578,20.778812408447266,2778300.0
2012-07-12 00:00:00-04:00,39.15999984741211,39.970001220703125,38.439998626708984,39.619998931884766,20.747386932373047,2727500.0
2012-07-13 00:00:00-04:00,40.02000045776367,41.310001373291016,40.0,40.779998779296875,21.354822158813477,2657000.0
2012-07-16 00:00:00-04:00,40.54999923706055,41.52000045776367,40.20000076293945,41.209999084472656,21.580007553100586,2711100.0
2012-07-17 00:00:00-04:00,41.45000076293945,42.02000045776367,40.93000030517578,41.970001220703125,21.977983474731445,2256400.0
2012-07-18 00:00:00-04:00,41.599998474121094,42.560001373291016,41.59000015258789,42.2400016784668,22.1193790435791,2570700.0
2012-07-19 00:00:00-04:00,42.38999938964844,42.689998626708984,41.86000061035156,41.959999084472656,21.972747802734375,2425500.0
2012-07-20 00:00:00-04:00,41.04999923706055,41.65999984741211,40.33000183105469,41.599998474121094,21.784229278564453,2194400.0
2012-07-23 00:00:00-04:00,40.40999984741211,41.189998626708984,40.029998779296875,41.029998779296875,21.48575210571289,2614700.0
2012-07-24 00:00:00-04:00,40.959999084472656,41.29999923706055,39.7400016784668,40.43000030517578,21.17154884338379,3699800.0
2012-07-25 00:00:00-04:00,40.59000015258789,40.83000183105469,40.04999923706055,40.41999816894531,21.16631507873535,1542200.0
2012-07-26 00:00:00-04:00,41.380001068115234,41.66999816894531,40.099998474121094,40.900001525878906,21.41767692565918,4470200.0
2012-07-27 00:00:00-04:00,43.45000076293945,44.9900016784668,42.88999938964844,44.5099983215332,23.308076858520508,8802700.0
2012-07-30 00:00:00-04:00,44.689998626708984,44.9900016784668,44.31999969482422,44.58000183105469,23.344736099243164,2787200.0
2012-07-31 00:00:00-04:00,44.66999816894531,44.93000030517578,44.34000015258789,44.529998779296875,23.31855010986328,3146200.0
2012-08-01 00:00:00-04:00,44.810001373291016,44.810001373291016,43.970001220703125,44.22999954223633,23.161457061767578,2991300.0
2012-08-02 00:00:00-04:00,43.72999954223633,44.709999084472656,43.349998474121094,44.40999984741211,23.255714416503906,3331300.0
2012-08-03 00:00:00-04:00,45.459999084472656,45.84000015258789,44.720001220703125,45.369998931884766,23.75843048095703,3401700.0
2012-08-06 00:00:00-04:00,45.58000183105469,46.689998626708984,45.560001373291016,45.959999084472656,24.06739044189453,3691000.0
2012-08-07 00:00:00-04:00,46.2599983215332,47.040000915527344,46.18000030517578,46.709999084472656,24.46013069152832,2438900.0
2012-08-08 00:00:00-04:00,46.099998474121094,47.439998626708984,46.09000015258789,47.209999084472656,24.721961975097656,2725400.0
2012-08-09 00:00:00-04:00,46.970001220703125,47.439998626708984,46.65999984741211,47.349998474121094,24.795276641845703,2558800.0
2012-08-10 00:00:00-04:00,46.970001220703125,47.43000030517578,46.619998931884766,47.279998779296875,24.75861930847168,2195700.0
2012-08-13 00:00:00-04:00,47.0,47.599998474121094,46.61000061035156,47.36000061035156,24.800514221191406,2081700.0
2012-08-14 00:00:00-04:00,47.47999954223633,48.150001525878906,47.380001068115234,47.54999923706055,24.900012969970703,3439400.0
2012-08-15 00:00:00-04:00,47.560001373291016,47.93000030517578,47.15999984741211,47.77000045776367,25.01521110534668,2588400.0
2012-08-16 00:00:00-04:00,47.970001220703125,48.709999084472656,47.779998779296875,48.52000045776367,25.407947540283203,2076800.0
2012-08-17 00:00:00-04:00,48.68000030517578,49.31999969482422,48.400001525878906,49.2400016784668,25.785001754760742,2187300.0
2012-08-20 00:00:00-04:00,49.15999984741211,49.869998931884766,49.099998474121094,49.86000061035156,26.109655380249023,2986200.0
2012-08-21 00:00:00-04:00,49.959999084472656,49.959999084472656,48.939998626708984,49.060001373291016,25.69072914123535,2687800.0
2012-08-22 00:00:00-04:00,48.70000076293945,48.93000030517578,47.7599983215332,48.58000183105469,25.439380645751953,2142200.0
2012-08-23 00:00:00-04:00,48.04999923706055,48.33000183105469,47.25,47.72999954223633,24.994260787963867,2338000.0
2012-08-24 00:00:00-04:00,47.83000183105469,48.31999969482422,47.65999984741211,47.900001525878906,25.08328628540039,1938400.0
2012-08-27 00:00:00-04:00,46.52000045776367,47.400001525878906,46.310001373291016,47.130001068115234,24.680065155029297,2639400.0
2012-08-28 00:00:00-04:00,46.7400016784668,48.029998779296875,46.61000061035156,47.47999954223633,24.86334228515625,2961200.0
2012-08-29 00:00:00-04:00,47.470001220703125,47.720001220703125,46.63999938964844,47.290000915527344,24.763856887817383,3057600.0
2012-08-30 00:00:00-04:00,48.93000030517578,49.040000915527344,48.470001220703125,48.66999816894531,25.703922271728516,12324900.0
2012-08-31 00:00:00-04:00,48.9900016784668,49.09000015258789,48.61000061035156,48.84000015258789,25.793703079223633,4806500.0
2012-09-04 00:00:00-04:00,47.79999923706055,48.20000076293945,46.880001068115234,47.0099983215332,24.82723045349121,41142800.0
2012-09-05 00:00:00-04:00,47.11000061035156,47.529998779296875,46.65999984741211,46.970001220703125,24.806102752685547,10549500.0
2012-09-06 00:00:00-04:00,47.439998626708984,49.41999816894531,47.20000076293945,48.459999084472656,25.593015670776367,5913600.0
2012-09-07 00:00:00-04:00,48.63999938964844,49.709999084472656,48.400001525878906,49.459999084472656,26.121139526367188,3160100.0
2012-09-10 00:00:00-04:00,49.2599983215332,50.02000045776367,49.22999954223633,49.33000183105469,26.052488327026367,3123500.0
2012-09-11 00:00:00-04:00,49.59000015258789,50.22999954223633,49.16999816894531,49.400001525878906,26.089445114135742,2210800.0
2012-09-12 00:00:00-04:00,49.4900016784668,49.720001220703125,48.75,49.61000061035156,26.200349807739258,2819600.0
2012-09-13 00:00:00-04:00,49.59000015258789,52.349998474121094,49.58000183105469,51.91999816894531,27.420318603515625,7525900.0
2012-09-14 00:00:00-04:00,52.650001525878906,53.77000045776367,52.18000030517578,53.41999816894531,28.212512969970703,6534100.0
2012-09-17 00:00:00-04:00,53.150001525878906,53.20000076293945,51.810001373291016,51.97999954223633,27.45201873779297,3217300.0
2012-09-18 00:00:00-04:00,51.869998931884766,52.09000015258789,51.36000061035156,51.939998626708984,27.430896759033203,4171600.0
2012-09-19 00:00:00-04:00,52.40999984741211,53.619998931884766,52.220001220703125,52.5,27.726646423339844,4732000.0
2012-09-20 00:00:00-04:00,51.880001068115234,52.619998931884766,50.56999969482422,52.52000045776367,27.73720932006836,4663800.0
2012-09-21 00:00:00-04:00,52.95000076293945,53.209999084472656,52.130001068115234,52.369998931884766,27.657987594604492,6893900.0
2012-09-24 00:00:00-04:00,52.43000030517578,52.880001068115234,51.56999969482422,52.040000915527344,27.483707427978516,2775600.0
2012-09-25 00:00:00-04:00,52.52000045776367,52.689998626708984,50.689998626708984,50.79999923706055,26.82882308959961,4550800.0
2012-09-26 00:00:00-04:00,50.97999954223633,51.18000030517578,50.150001525878906,50.959999084472656,26.913330078125,3356800.0
2012-09-27 00:00:00-04:00,51.22999954223633,52.209999084472656,50.88999938964844,51.880001068115234,27.399206161499023,2210200.0
2012-09-28 00:00:00-04:00,51.459999084472656,51.790000915527344,50.91999816894531,51.65999984741211,27.283018112182617,2527700.0
2012-10-01 00:00:00-04:00,52.060001373291016,52.75,51.95000076293945,52.20000076293945,27.568199157714844,2844100.0
2012-10-02 00:00:00-04:00,52.38999938964844,52.90999984741211,52.02000045776367,52.90999984741211,27.94317054748535,3158200.0
2012-10-03 00:00:00-04:00,52.9900016784668,52.9900016784668,52.099998474121094,52.34000015258789,27.642147064208984,3184600.0
2012-10-04 00:00:00-04:00,52.939998626708984,53.369998931884766,51.93000030517578,52.0,27.462583541870117,3639300.0
2012-10-05 00:00:00-04:00,52.689998626708984,53.18000030517578,52.45000076293945,52.68000030517578,27.82170295715332,3932200.0
2012-10-08 00:00:00-04:00,52.45000076293945,52.5,51.9900016784668,52.380001068115234,27.66326904296875,1969700.0
2012-10-09 00:00:00-04:00,52.40999984741211,52.560001373291016,51.16999816894531,51.220001220703125,27.050642013549805,3021400.0
2012-10-10 00:00:00-04:00,51.33000183105469,51.459999084472656,50.470001220703125,50.70000076293945,26.776010513305664,2428500.0
2012-10-11 00:00:00-04:00,51.369998931884766,51.88999938964844,51.310001373291016,51.349998474121094,27.11928939819336,2672300.0
2012-10-12 00:00:00-04:00,51.25,51.709999084472656,50.58000183105469,50.86000061035156,26.860517501831055,3602800.0
2012-10-15 00:00:00-04:00,50.91999816894531,51.47999954223633,50.619998931884766,51.41999816894531,27.156261444091797,2848400.0
2012-10-16 00:00:00-04:00,51.959999084472656,55.380001068115234,51.959999084472656,54.36000061035156,28.708955764770508,9418500.0
2012-10-17 00:00:00-04:00,54.790000915527344,55.7599983215332,54.5,55.7400016784668,29.437776565551758,4689300.0
2012-10-18 00:00:00-04:00,55.349998474121094,56.0,54.70000076293945,55.22999954223633,29.168428421020508,3071400.0
2012-10-19 00:00:00-04:00,55.0,55.09000015258789,54.0,54.33000183105469,28.69312286376953,3232700.0
2012-10-22 00:00:00-04:00,54.310001373291016,55.54999923706055,53.7599983215332,55.470001220703125,29.29517936706543,2880900.0
2012-10-23 00:00:00-04:00,54.150001525878906,54.27000045776367,52.5,53.029998779296875,28.00655746459961,4477200.0
2012-10-24 00:00:00-04:00,53.88999938964844,54.7599983215332,53.06999969482422,53.83000183105469,28.42905616760254,4199600.0
2012-10-25 00:00:00-04:00,54.33000183105469,54.56999969482422,52.91999816894531,53.400001525878906,28.201961517333984,3619300.0
2012-10-26 00:00:00-04:00,51.86000061035156,55.630001068115234,50.90999984741211,53.75,28.386798858642578,8962500.0
2012-10-31 00:00:00-04:00,53.810001373291016,54.040000915527344,52.70000076293945,53.38999938964844,28.19667625427246,4680600.0
2012-11-01 00:00:00-04:00,53.540000915527344,55.25,53.5099983215332,55.04999923706055,29.0733699798584,5695100.0
2012-11-02 00:00:00-04:00,53.599998474121094,53.75,52.869998931884766,53.060001373291016,28.02239227294922,10595600.0
2012-11-05 00:00:00-05:00,53.18000030517578,53.5099983215332,52.7400016784668,53.40999984741211,28.207237243652344,3529200.0
2012-11-06 00:00:00-05:00,53.689998626708984,54.09000015258789,53.2599983215332,53.81999969482422,28.42377281188965,8930300.0
2012-11-07 00:00:00-05:00,53.36000061035156,53.36000061035156,51.91999816894531,52.779998779296875,27.87451171875,4930200.0
2012-11-08 00:00:00-05:00,52.810001373291016,53.13999938964844,51.83000183105469,51.91999816894531,27.420318603515625,2221000.0
2012-11-09 00:00:00-05:00,52.189998626708984,52.189998626708984,50.70000076293945,50.849998474121094,26.855241775512695,5490700.0
2012-11-12 00:00:00-05:00,51.02000045776367,51.20000076293945,50.45000076293945,50.650001525878906,26.749605178833008,2926400.0
2012-11-13 00:00:00-05:00,49.720001220703125,51.0099983215332,49.11000061035156,50.060001373291016,26.438013076782227,5199300.0
2012-11-14 00:00:00-05:00,50.68000030517578,50.68000030517578,49.040000915527344,49.209999084472656,25.989110946655273,5946300.0
2012-11-15 00:00:00-05:00,46.18000030517578,46.61000061035156,44.869998931884766,45.40999984741211,25.622350692749023,6339300.0
2012-11-16 00:00:00-05:00,45.5,47.040000915527344,45.349998474121094,46.869998931884766,26.44614601135254,6006500.0
2012-11-19 00:00:00-05:00,47.7599983215332,48.11000061035156,47.439998626708984,48.0,27.083742141723633,5382700.0
2012-11-20 00:00:00-05:00,48.0,48.099998474121094,46.95000076293945,47.54999923706055,26.8298282623291,3610000.0
2012-11-21 00:00:00-05:00,47.689998626708984,48.529998779296875,47.5,47.9900016784668,27.078102111816406,2726500.0
2012-11-23 00:00:00-05:00,48.400001525878906,50.939998626708984,48.029998779296875,48.619998931884766,27.433576583862305,1914000.0
2012-11-26 00:00:00-05:00,48.349998474121094,48.599998474121094,47.54999923706055,48.0,27.083742141723633,3504500.0
2012-11-27 00:00:00-05:00,47.970001220703125,48.150001525878906,47.33000183105469,47.54999923706055,26.8298282623291,3792200.0
2012-11-28 00:00:00-05:00,47.06999969482422,48.119998931884766,46.86000061035156,48.06999969482422,27.123231887817383,2783100.0
2012-11-29 00:00:00-05:00,48.20000076293945,49.02000045776367,48.150001525878906,48.7400016784668,27.50128746032715,4104000.0
2012-11-30 00:00:00-05:00,49.0,49.939998626708984,48.779998779296875,49.72999954223633,28.059890747070312,7392200.0
2012-12-03 00:00:00-05:00,49.88999938964844,50.22999954223633,48.459999084472656,48.880001068115234,27.58027458190918,4396200.0
2012-12-04 00:00:00-05:00,48.79999923706055,49.81999969482422,48.72999954223633,49.7599983215332,28.076807022094727,4102800.0
2012-12-05 00:00:00-05:00,49.0,51.849998474121094,48.77000045776367,51.849998474121094,29.256084442138672,19056900.0
2012-12-06 00:00:00-05:00,51.849998474121094,52.150001525878906,51.52000045776367,51.900001525878906,29.284292221069336,5978200.0
2012-12-07 00:00:00-05:00,52.47999954223633,53.86000061035156,52.400001525878906,53.810001373291016,30.36200523376465,5393100.0
2012-12-10 00:00:00-05:00,53.61000061035156,54.7400016784668,53.15999984741211,54.369998931884766,30.677976608276367,4280600.0
2012-12-11 00:00:00-05:00,54.560001373291016,54.720001220703125,53.630001068115234,54.04999923706055,30.49742317199707,4627000.0
2012-12-12 00:00:00-05:00,54.400001525878906,54.630001068115234,53.81999969482422,54.02000045776367,30.480493545532227,3597400.0
2012-12-13 00:00:00-05:00,54.02000045776367,54.25,52.810001373291016,52.97999954223633,29.8936710357666,2586300.0
2012-12-14 00:00:00-05:00,53.0099983215332,53.970001220703125,52.790000915527344,53.790000915527344,30.350709915161133,4282000.0
2012-12-17 00:00:00-05:00,54.099998474121094,54.77000045776367,53.810001373291016,54.75,30.892396926879883,3251100.0
2012-12-18 00:00:00-05:00,54.810001373291016,55.11000061035156,54.54999923706055,54.900001525878906,30.977039337158203,3091400.0
2012-12-19 00:00:00-05:00,55.119998931884766,55.25,54.77000045776367,54.849998474121094,30.94881820678711,3289100.0
2012-12-20 00:00:00-05:00,54.83000183105469,55.56999969482422,54.40999984741211,55.560001373291016,31.349437713623047,3457600.0
2012-12-21 00:00:00-05:00,54.849998474121094,55.220001220703125,54.119998931884766,55.13999938964844,31.112451553344727,6381600.0
2012-12-24 00:00:00-05:00,55.5,56.060001373291016,55.15999984741211,55.86000061035156,31.518701553344727,1752800.0
2012-12-26 00:00:00-05:00,56.130001068115234,57.04999923706055,55.83000183105469,56.4900016784668,31.87418556213379,4722300.0
2012-12-27 00:00:00-05:00,56.56999969482422,56.63999938964844,55.189998626708984,56.38999938964844,31.817758560180664,2458600.0
2012-12-28 00:00:00-05:00,55.90999984741211,56.38999938964844,55.43000030517578,55.5099983215332,31.321218490600586,2363700.0
2012-12-31 00:00:00-05:00,55.45000076293945,57.15999984741211,55.290000915527344,57.09000015258789,32.21272659301758,2679300.0
2013-01-02 00:00:00-05:00,58.40999984741211,59.59000015258789,57.939998626708984,59.16999816894531,33.38636016845703,4491100.0
2013-01-03 00:00:00-05:00,58.41999816894531,58.880001068115234,57.349998474121094,57.63999938964844,32.5230598449707,3561500.0
2013-01-04 00:00:00-05:00,58.0099983215332,58.650001525878906,57.88999938964844,58.40999984741211,32.95752716064453,2963600.0
2013-01-07 00:00:00-05:00,58.0099983215332,59.150001525878906,57.77000045776367,59.13999938964844,33.36942672729492,2329800.0
2013-01-08 00:00:00-05:00,58.93000030517578,59.79999923706055,58.279998779296875,59.7400016784668,33.707977294921875,3778700.0
2013-01-09 00:00:00-05:00,60.099998474121094,60.16999816894531,59.43000030517578,59.599998474121094,33.62898254394531,2962700.0
2013-01-10 00:00:00-05:00,60.189998626708984,60.7400016784668,59.54999923706055,60.61000061035156,34.19887161254883,3617100.0
2013-01-11 00:00:00-05:00,60.720001220703125,60.959999084472656,60.20000076293945,60.90999984741211,34.368141174316406,1993300.0
2013-01-14 00:00:00-05:00,60.779998779296875,61.41999816894531,60.72999954223633,61.20000076293945,34.53177261352539,3198300.0
2013-01-15 00:00:00-05:00,60.93000030517578,61.650001525878906,60.880001068115234,61.34000015258789,34.61076354980469,2181400.0
2013-01-16 00:00:00-05:00,61.02000045776367,61.06999969482422,60.2599983215332,60.52000045776367,34.1480827331543,2614700.0
2013-01-17 00:00:00-05:00,61.15999984741211,62.220001220703125,61.02000045776367,62.130001068115234,35.05652618408203,3670600.0
2013-01-18 00:00:00-05:00,62.04999923706055,62.59000015258789,61.529998779296875,62.59000015258789,35.31607437133789,2672400.0
2013-01-22 00:00:00-05:00,62.599998474121094,62.70000076293945,61.459999084472656,61.470001220703125,34.68411636352539,3583900.0
2013-01-23 00:00:00-05:00,61.25,62.15999984741211,61.15999984741211,62.11000061035156,35.04523849487305,4122200.0
2013-01-24 00:00:00-05:00,62.2599983215332,62.81999969482422,62.209999084472656,62.52000045776367,35.27657699584961,2664000.0
2013-01-25 00:00:00-05:00,62.90999984741211,62.970001220703125,62.18000030517578,62.75,35.40635681152344,2332800.0
2013-01-28 00:00:00-05:00,62.66999816894531,62.689998626708984,60.86000061035156,61.2400016784668,34.55434799194336,5244700.0
2013-01-29 00:00:00-05:00,61.5,63.54999923706055,61.5,63.2599983215332,35.69410705566406,5482900.0
2013-01-30 00:00:00-05:00,63.220001220703125,63.54999923706055,62.7599983215332,63.02000045776367,35.55868911743164,2485300.0
2013-01-31 00:00:00-05:00,62.560001373291016,64.19999694824219,62.20000076293945,63.41999816894531,35.78439712524414,4498800.0
2013-02-01 00:00:00-05:00,61.900001525878906,63.220001220703125,60.31999969482422,61.369998931884766,34.627685546875,8406600.0
2013-02-04 00:00:00-05:00,61.13999938964844,62.43000030517578,61.040000915527344,61.09000015258789,34.469703674316406,4986900.0
2013-02-05 00:00:00-05:00,61.709999084472656,62.27000045776367,61.220001220703125,61.25,34.55998229980469,3935300.0
2013-02-06 00:00:00-05:00,61.290000915527344,61.4900016784668,60.459999084472656,61.060001373291016,34.45279312133789,3376400.0
2013-02-07 00:00:00-05:00,61.20000076293945,61.75,60.369998931884766,61.41999816894531,34.655914306640625,2842100.0
2013-02-08 00:00:00-05:00,61.560001373291016,62.22999954223633,60.939998626708984,62.11000061035156,35.04523849487305,3317300.0
2013-02-11 00:00:00-05:00,61.81999969482422,61.81999969482422,60.290000915527344,60.540000915527344,34.15937042236328,3176500.0
2013-02-12 00:00:00-05:00,60.619998931884766,60.88999938964844,60.119998931884766,60.5099983215332,34.1424446105957,2779700.0
2013-02-13 00:00:00-05:00,61.709999084472656,63.29999923706055,61.599998474121094,62.29999923706055,35.15243148803711,3862200.0
2013-02-14 00:00:00-05:00,61.56999969482422,61.900001525878906,61.060001373291016,61.16999816894531,34.51484680175781,9634700.0
2013-02-15 00:00:00-05:00,61.189998626708984,61.290000915527344,59.880001068115234,60.400001525878906,34.08037185668945,7182900.0
2013-02-19 00:00:00-05:00,60.84000015258789,61.18000030517578,60.380001068115234,61.18000030517578,34.52048873901367,3519300.0
2013-02-20 00:00:00-05:00,61.150001525878906,61.400001525878906,60.16999816894531,60.2599983215332,34.001380920410156,8481500.0
2013-02-21 00:00:00-05:00,59.040000915527344,59.310001373291016,56.90999984741211,57.68000030517578,32.76310348510742,1058600.0
2013-02-22 00:00:00-05:00,58.29999923706055,59.31999969482422,57.970001220703125,59.31999969482422,33.69465637207031,3972500.0
2013-02-25 00:00:00-05:00,59.380001068115234,59.68000030517578,56.970001220703125,56.97999954223633,32.36549758911133,4838100.0
2013-02-26 00:00:00-05:00,57.459999084472656,57.720001220703125,55.939998626708984,56.84000015258789,32.28596878051758,7557200.0
2013-02-27 00:00:00-05:00,57.0099983215332,58.439998626708984,56.5,58.20000076293945,33.0584716796875,5336900.0
2013-02-28 00:00:00-05:00,58.380001068115234,59.459999084472656,58.16999816894531,58.619998931884766,33.29704284667969,3648900.0
2013-03-01 00:00:00-05:00,58.189998626708984,60.63999938964844,57.43000030517578,59.689998626708984,33.904823303222656,5650000.0
2013-03-04 00:00:00-05:00,59.470001220703125,60.439998626708984,58.75,60.439998626708984,34.33082580566406,3376500.0
2013-03-05 00:00:00-05:00,60.540000915527344,61.41999816894531,60.529998779296875,60.77000045776367,34.51826858520508,4684700.0
2013-03-06 00:00:00-05:00,61.900001525878906,62.790000915527344,61.40999984741211,62.52000045776367,35.51231384277344,4936700.0
2013-03-07 00:00:00-05:00,62.720001220703125,62.72999954223633,62.08000183105469,62.130001068115234,35.290775299072266,2085300.0
2013-03-08 00:00:00-05:00,62.790000915527344,63.849998474121094,62.59000015258789,63.599998474121094,36.12574768066406,3132600.0
2013-03-11 00:00:00-04:00,63.31999969482422,63.83000183105469,62.20000076293945,63.72999954223633,36.19960021972656,3089700.0
2013-03-12 00:00:00-04:00,63.77000045776367,64.4000015258789,63.619998931884766,64.08000183105469,36.39841079711914,4514200.0
2013-03-13 00:00:00-04:00,64.08999633789062,64.5199966430664,63.189998626708984,63.29999923706055,35.95535659790039,4699200.0
2013-03-14 00:00:00-04:00,63.939998626708984,65.3499984741211,63.86000061035156,64.7699966430664,36.79032897949219,4700700.0
2013-03-15 00:00:00-04:00,64.44000244140625,65.69000244140625,63.869998931884766,64.01000213623047,36.358642578125,5085600.0
2013-03-18 00:00:00-04:00,63.38999938964844,64.05999755859375,63.08000183105469,63.75,36.21095657348633,3358000.0
2013-03-19 00:00:00-04:00,63.72999954223633,64.45999908447266,62.849998474121094,64.01000213623047,36.358642578125,5836900.0
2013-03-20 00:00:00-04:00,64.5199966430664,65.66999816894531,64.45999908447266,65.41999816894531,37.159549713134766,4508000.0
2013-03-21 00:00:00-04:00,65.01000213623047,65.69000244140625,64.2300033569336,64.41000366210938,36.58584976196289,3722900.0
2013-03-22 00:00:00-04:00,64.66000366210938,64.93000030517578,64.25,64.5,36.63698959350586,2185500.0
2013-03-25 00:00:00-04:00,64.91000366210938,65.13999938964844,63.189998626708984,63.349998474121094,35.98375701904297,3528700.0
2013-03-26 00:00:00-04:00,63.7400016784668,64.0,63.36000061035156,63.45000076293945,36.040565490722656,3756100.0
2013-03-27 00:00:00-04:00,63.0099983215332,63.52000045776367,62.56999969482422,63.369998931884766,35.995113372802734,2227300.0
2013-03-28 00:00:00-04:00,63.560001373291016,64.1500015258789,63.18000030517578,63.290000915527344,35.94965744018555,2877400.0
2013-04-01 00:00:00-04:00,63.09000015258789,63.16999816894531,61.560001373291016,61.75,35.07492446899414,3734600.0
2013-04-02 00:00:00-04:00,62.43000030517578,62.61000061035156,59.540000915527344,59.84000015258789,33.99000930786133,6255400.0
2013-04-03 00:00:00-04:00,59.77000045776367,59.79999923706055,57.779998779296875,58.650001525878906,33.3140983581543,10159800.0
2013-04-04 00:00:00-04:00,58.79999923706055,59.31999969482422,58.61000061035156,58.779998779296875,33.38792037963867,3655200.0
2013-04-05 00:00:00-04:00,57.66999816894531,59.040000915527344,57.11000061035156,58.97999954223633,33.50152587890625,4232100.0
2013-04-08 00:00:00-04:00,59.029998779296875,59.099998474121094,58.20000076293945,58.79999923706055,33.3992805480957,4337600.0
2013-04-09 00:00:00-04:00,58.84000015258789,60.349998474121094,58.689998626708984,60.220001220703125,34.20587158203125,3583700.0
2013-04-10 00:00:00-04:00,60.41999816894531,60.869998931884766,59.91999816894531,60.77000045776367,34.51826858520508,2354300.0
2013-04-11 00:00:00-04:00,60.75,62.130001068115234,60.54999923706055,61.380001068115234,34.864776611328125,3175700.0
2013-04-12 00:00:00-04:00,61.06999969482422,61.20000076293945,58.66999816894531,59.459999084472656,33.77417755126953,4362800.0
2013-04-15 00:00:00-04:00,58.63999938964844,58.709999084472656,55.470001220703125,55.5099983215332,31.530515670776367,7147600.0
2013-04-16 00:00:00-04:00,56.150001525878906,57.54999923706055,55.70000076293945,57.33000183105469,32.564300537109375,4901800.0
2013-04-17 00:00:00-04:00,56.65999984741211,56.65999984741211,55.41999816894531,56.099998474121094,31.865636825561523,6444600.0
2013-04-18 00:00:00-04:00,56.2400016784668,56.349998474121094,55.02000045776367,55.810001373291016,31.700923919677734,4929300.0
2013-04-19 00:00:00-04:00,56.25,58.0099983215332,56.15999984741211,57.86000061035156,32.86536407470703,4639600.0
2013-04-22 00:00:00-04:00,58.150001525878906,59.11000061035156,57.369998931884766,58.63999938964844,33.308406829833984,2878100.0
2013-04-23 00:00:00-04:00,58.88999938964844,59.70000076293945,58.689998626708984,59.34000015258789,33.70600891113281,2779300.0
2013-04-24 00:00:00-04:00,59.560001373291016,60.560001373291016,59.130001068115234,60.33000183105469,34.268348693847656,3638700.0
2013-04-25 00:00:00-04:00,61.900001525878906,63.27000045776367,60.77000045776367,60.91999816894531,34.603485107421875,4978300.0
2013-04-26 00:00:00-04:00,61.9900016784668,62.2400016784668,58.56999969482422,60.13999938964844,34.16041564941406,4348200.0
2013-04-29 00:00:00-04:00,60.38999938964844,61.63999938964844,59.68000030517578,61.459999084472656,34.91020965576172,3344900.0
2013-04-30 00:00:00-04:00,61.439998626708984,61.4900016784668,60.47999954223633,60.70000076293945,34.478515625,3456000.0
2013-05-01 00:00:00-04:00,60.54999923706055,60.75,57.40999984741211,57.540000915527344,32.683589935302734,5845600.0
2013-05-02 00:00:00-04:00,57.959999084472656,59.470001220703125,57.33000183105469,58.900001525878906,33.45608139038086,5113500.0
2013-05-03 00:00:00-04:00,60.16999816894531,61.060001373291016,60.06999969482422,60.95000076293945,34.62051010131836,4445700.0
2013-05-06 00:00:00-04:00,62.59000015258789,62.650001525878906,61.22999954223633,62.650001525878906,35.586143493652344,4331500.0
2013-05-07 00:00:00-04:00,62.939998626708984,63.79999923706055,62.11000061035156,63.279998779296875,35.94399642944336,4320500.0
2013-05-08 00:00:00-04:00,63.29999923706055,63.52000045776367,61.90999984741211,62.84000015258789,35.694068908691406,3595700.0
2013-05-09 00:00:00-04:00,62.65999984741211,62.90999984741211,61.369998931884766,61.470001220703125,34.9158821105957,5334000.0
2013-05-10 00:00:00-04:00,61.11000061035156,61.61000061035156,60.40999984741211,61.54999923706055,34.961326599121094,4563000.0
2013-05-13 00:00:00-04:00,62.5,62.779998779296875,61.34000015258789,62.29999923706055,35.3873405456543,5771000.0
2013-05-14 00:00:00-04:00,62.06999969482422,64.98999786376953,61.9900016784668,64.63999938964844,36.71650314331055,6491800.0
2013-05-15 00:00:00-04:00,64.41999816894531,65.36000061035156,64.36000061035156,64.68000030517578,36.73921203613281,3677600.0
2013-05-16 00:00:00-04:00,64.3499984741211,66.19999694824219,64.27999877929688,66.11000061035156,37.55147933959961,5269500.0
2013-05-17 00:00:00-04:00,66.33999633789062,67.31999969482422,65.73999786376953,67.31999969482422,38.23877716064453,5283700.0
2013-05-20 00:00:00-04:00,67.2699966430664,67.44999694824219,66.80000305175781,66.94999694824219,38.02861022949219,2870000.0
2013-05-21 00:00:00-04:00,66.91999816894531,67.27999877929688,65.80999755859375,65.8499984741211,37.40378952026367,4137800.0
2013-05-22 00:00:00-04:00,65.58999633789062,67.05000305175781,64.63999938964844,65.06999969482422,36.96074295043945,3481700.0
2013-05-23 00:00:00-04:00,64.80000305175781,66.22000122070312,62.709999084472656,65.83000183105469,37.39244079589844,4929900.0
2013-05-24 00:00:00-04:00,65.26000213623047,65.91999816894531,64.8499984741211,65.72000122070312,37.3299446105957,2250300.0
2013-05-28 00:00:00-04:00,66.73999786376953,68.08999633789062,66.31999969482422,67.18000030517578,38.15925598144531,4458900.0
2013-05-29 00:00:00-04:00,66.54000091552734,67.08000183105469,65.72000122070312,66.27999877929688,37.64802551269531,3045700.0
2013-05-30 00:00:00-04:00,66.25,67.58999633789062,65.83999633789062,66.79000091552734,38.226097106933594,3137600.0
2013-05-31 00:00:00-04:00,66.61000061035156,68.06999969482422,66.01000213623047,66.6500015258789,38.14597702026367,6467400.0
2013-06-03 00:00:00-04:00,66.81999969482422,67.37000274658203,65.22000122070312,67.30999755859375,38.52369689941406,4076400.0
2013-06-04 00:00:00-04:00,67.08999633789062,68.45999908447266,67.08999633789062,67.68000030517578,38.73546600341797,4081400.0
2013-06-05 00:00:00-04:00,67.41000366210938,67.63999938964844,65.4000015258789,65.68000030517578,37.59080123901367,4468500.0
2013-06-06 00:00:00-04:00,65.55999755859375,66.58000183105469,65.30000305175781,66.4000015258789,38.00288009643555,4045600.0
2013-06-07 00:00:00-04:00,65.48999786376953,65.5999984741211,64.62000274658203,64.87000274658203,37.12721252441406,7591100.0
2013-06-10 00:00:00-04:00,65.05999755859375,65.83999633789062,64.7699966430664,65.0,37.20161819458008,3366200.0
2013-06-11 00:00:00-04:00,64.2300033569336,65.22000122070312,63.66999816894531,64.19000244140625,36.738033294677734,3285900.0
2013-06-12 00:00:00-04:00,65.04000091552734,65.29000091552734,64.02999877929688,64.12000274658203,36.697959899902344,2382100.0
2013-06-13 00:00:00-04:00,64.05000305175781,66.9000015258789,64.0,66.58999633789062,38.11162567138672,7208400.0
2013-06-14 00:00:00-04:00,66.4800033569336,68.11000061035156,66.30000305175781,67.41999816894531,38.586666107177734,4428000.0
2013-06-17 00:00:00-04:00,68.0999984741211,68.52999877929688,67.44999694824219,68.13999938964844,38.998741149902344,3489500.0
2013-06-18 00:00:00-04:00,68.4800033569336,69.44999694824219,68.38999938964844,68.80999755859375,39.382205963134766,3209500.0
2013-06-19 00:00:00-04:00,68.97000122070312,69.41999816894531,68.48999786376953,68.61000061035156,39.267738342285156,2692200.0
2013-06-20 00:00:00-04:00,67.44999694824219,68.16000366210938,66.69999694824219,67.0,38.34627914428711,3979700.0
2013-06-21 00:00:00-04:00,67.54000091552734,67.69000244140625,65.2300033569336,66.75,38.203208923339844,5077300.0
2013-06-24 00:00:00-04:00,65.05999755859375,65.75,63.88999938964844,65.02999877929688,37.21879577636719,4875000.0
2013-06-25 00:00:00-04:00,65.69000244140625,66.88999938964844,65.69000244140625,66.45999908447266,38.037227630615234,3535800.0
2013-06-26 00:00:00-04:00,66.94999694824219,67.2300033569336,65.58000183105469,66.9800033569336,38.33485794067383,3619100.0
2013-06-27 00:00:00-04:00,67.69999694824219,68.0199966430664,67.06999969482422,67.5,38.6324577331543,4610100.0
2013-06-28 00:00:00-04:00,67.44999694824219,67.75,66.26000213623047,66.26000213623047,37.922760009765625,9611400.0
2013-07-01 00:00:00-04:00,67.0,68.37999725341797,66.06999969482422,66.27999877929688,37.934200286865234,6962200.0
2013-07-02 00:00:00-04:00,66.30999755859375,66.69999694824219,64.94000244140625,65.41000366210938,37.436275482177734,5823100.0
2013-07-03 00:00:00-04:00,64.95999908447266,66.61000061035156,64.73999786376953,66.5,38.060115814208984,1988000.0
2013-07-05 00:00:00-04:00,67.33000183105469,67.69000244140625,66.70999908447266,67.68000030517578,38.73546600341797,2870300.0
2013-07-08 00:00:00-04:00,68.33000183105469,68.62000274658203,67.7699966430664,68.30000305175781,39.090328216552734,2207100.0
2013-07-09 00:00:00-04:00,69.0,69.48999786376953,68.0,68.97000122070312,39.473785400390625,2485700.0
2013-07-10 00:00:00-04:00,68.62999725341797,69.91999816894531,68.58000183105469,69.80999755859375,39.95454025268555,3841600.0
2013-07-11 00:00:00-04:00,70.61000061035156,70.63999938964844,69.11000061035156,69.38999938964844,39.71416091918945,3655800.0
2013-07-12 00:00:00-04:00,69.38999938964844,70.18000030517578,68.77999877929688,70.0,40.06328201293945,2900900.0
2013-07-15 00:00:00-04:00,70.44000244140625,71.33000183105469,69.88999938964844,70.88999938964844,40.57265090942383,3633100.0
2013-07-16 00:00:00-04:00,71.26000213623047,71.27999877929688,68.73999786376953,69.26000213623047,39.63976287841797,3074300.0
2013-07-17 00:00:00-04:00,69.7300033569336,70.0199966430664,67.83999633789062,67.94000244140625,38.8842658996582,4318400.0
2013-07-18 00:00:00-04:00,68.30000305175781,68.62000274658203,67.52999877929688,67.54000091552734,38.65534973144531,4580900.0
2013-07-19 00:00:00-04:00,67.5199966430664,68.87999725341797,67.19999694824219,68.41000366210938,39.15327453613281,3750100.0
2013-07-22 00:00:00-04:00,68.61000061035156,69.05000305175781,68.3499984741211,68.45999908447266,39.181880950927734,1821100.0
2013-07-23 00:00:00-04:00,69.05000305175781,69.26000213623047,67.8499984741211,67.9000015258789,38.86138153076172,2511000.0
2013-07-24 00:00:00-04:00,68.0,68.2699966430664,67.2300033569336,67.41999816894531,38.586666107177734,2020600.0
2013-07-25 00:00:00-04:00,67.41000366210938,68.27999877929688,67.38999938964844,68.05000305175781,38.947235107421875,2231400.0
2013-07-26 00:00:00-04:00,69.83000183105469,70.2699966430664,66.5,67.4000015258789,38.57521438598633,3382500.0
2013-07-29 00:00:00-04:00,67.4000015258789,68.02999877929688,66.3499984741211,67.72000122070312,38.75836181640625,2935300.0
2013-07-30 00:00:00-04:00,67.6500015258789,69.47000122070312,67.0199966430664,68.91999816894531,39.445159912109375,3626300.0
2013-07-31 00:00:00-04:00,68.88999938964844,69.47000122070312,68.25,68.70999908447266,39.324974060058594,2319400.0
2013-08-01 00:00:00-04:00,68.30000305175781,68.93000030517578,67.86000061035156,67.98999786376953,38.91290283203125,9263800.0
2013-08-02 00:00:00-04:00,68.0,69.23999786376953,67.73999786376953,68.94999694824219,39.46232986450195,4138500.0
2013-08-05 00:00:00-04:00,68.94000244140625,69.70999908447266,68.91999816894531,69.47000122070312,39.759952545166016,3867000.0
2013-08-06 00:00:00-04:00,69.37000274658203,69.5199966430664,68.37000274658203,68.58000183105469,39.25055694580078,4236700.0
2013-08-07 00:00:00-04:00,68.38999938964844,68.55999755859375,67.95999908447266,67.98999786376953,38.91290283203125,3351900.0
2013-08-08 00:00:00-04:00,68.75,69.0,68.23999786376953,68.58999633789062,39.25628662109375,3046500.0
2013-08-09 00:00:00-04:00,68.7699966430664,69.51000213623047,68.13999938964844,68.69999694824219,39.319252014160156,2596500.0
2013-08-12 00:00:00-04:00,68.41999816894531,68.80000305175781,68.05000305175781,68.30000305175781,39.090328216552734,3386100.0
2013-08-13 00:00:00-04:00,68.4800033569336,70.4000015258789,68.12000274658203,70.08000183105469,40.109073638916016,3925700.0
2013-08-14 00:00:00-04:00,70.16999816894531,70.52999877929688,69.55000305175781,69.58000183105469,39.822906494140625,2854600.0
2013-08-15 00:00:00-04:00,69.3499984741211,69.5199966430664,68.18000030517578,68.33999633789062,39.113189697265625,4126500.0
2013-08-16 00:00:00-04:00,68.06999969482422,69.0,67.73999786376953,68.87000274658203,39.416542053222656,2948200.0
2013-08-19 00:00:00-04:00,68.51000213623047,69.30000305175781,68.3499984741211,68.5199966430664,39.21622848510742,2247000.0
2013-08-20 00:00:00-04:00,68.5199966430664,68.5999984741211,67.5199966430664,68.23999786376953,39.05597686767578,2535800.0
2013-08-21 00:00:00-04:00,68.18000030517578,68.4000015258789,67.66999816894531,67.75,38.77554702758789,2283300.0
2013-08-22 00:00:00-04:00,67.88999938964844,69.95999908447266,67.75,69.5,39.77712631225586,2325200.0
2013-08-23 00:00:00-04:00,69.69999694824219,70.19000244140625,69.30000305175781,70.12000274658203,40.13196563720703,2065300.0
2013-08-26 00:00:00-04:00,70.30000305175781,71.04000091552734,70.08999633789062,70.12000274658203,40.13196563720703,3131400.0
2013-08-27 00:00:00-04:00,69.19999694824219,69.62000274658203,68.52999877929688,68.79000091552734,39.370750427246094,3209500.0
2013-08-28 00:00:00-04:00,68.87000274658203,69.69999694824219,68.31999969482422,69.4800033569336,39.76566696166992,2049400.0
2013-08-29 00:00:00-04:00,69.25,70.66999816894531,69.04000091552734,70.30000305175781,40.23497772216797,2661700.0
2013-08-30 00:00:00-04:00,70.43000030517578,70.66999816894531,69.77999877929688,70.1500015258789,40.14913558959961,2800100.0
2013-09-03 00:00:00-04:00,71.19000244140625,71.88999938964844,69.80000305175781,70.47000122070312,40.33228302001953,4316300.0
2013-09-04 00:00:00-04:00,69.2300033569336,69.66999816894531,68.94000244140625,69.45999908447266,39.75422668457031,6404900.0
2013-09-05 00:00:00-04:00,69.4000015258789,70.62999725341797,69.23999786376953,70.33999633789062,40.25786590576172,4686800.0
2013-09-06 00:00:00-04:00,70.62999725341797,71.0,69.9800033569336,70.31999969482422,40.246437072753906,3255000.0
2013-09-09 00:00:00-04:00,70.3499984741211,70.88999938964844,70.26000213623047,70.73999786376953,40.486812591552734,2886600.0
2013-09-10 00:00:00-04:00,71.30999755859375,71.66999816894531,70.81999969482422,70.9000015258789,40.5783805847168,4361000.0
2013-09-11 00:00:00-04:00,71.08999633789062,71.08999633789062,70.26000213623047,70.7300033569336,40.48109436035156,3891700.0
2013-09-12 00:00:00-04:00,70.73999786376953,70.94999694824219,70.08000183105469,70.19000244140625,40.172019958496094,4248800.0
2013-09-13 00:00:00-04:00,70.4800033569336,71.2300033569336,70.38999938964844,71.0,40.635616302490234,3647000.0
2013-09-16 00:00:00-04:00,71.95999908447266,72.16999816894531,71.16000366210938,71.38999938964844,40.858821868896484,4312500.0
2013-09-17 00:00:00-04:00,71.63999938964844,72.9000015258789,71.41000366210938,72.68000030517578,41.597137451171875,2937200.0
2013-09-18 00:00:00-04:00,72.87999725341797,73.5199966430664,72.51000213623047,73.37000274658203,41.99204635620117,4927700.0
2013-09-19 00:00:00-04:00,73.45999908447266,75.66999816894531,73.0,73.79000091552734,42.522193908691406,5150700.0
2013-09-20 00:00:00-04:00,73.88999938964844,74.22000122070312,72.93000030517578,73.02999877929688,42.08424758911133,12059100.0
2013-09-23 00:00:00-04:00,72.5999984741211,72.94999694824219,71.77999877929688,72.62999725341797,41.85374069213867,3255100.0
2013-09-24 00:00:00-04:00,72.66000366210938,72.97000122070312,72.30999755859375,72.41999816894531,41.732723236083984,2537000.0
2013-09-25 00:00:00-04:00,72.47000122070312,73.4000015258789,72.08999633789062,72.91999816894531,42.02084732055664,2448500.0
2013-09-26 00:00:00-04:00,73.38999938964844,74.2300033569336,73.11000061035156,74.01000213623047,42.64896774291992,3188800.0
2013-09-27 00:00:00-04:00,73.69999694824219,74.22000122070312,73.30000305175781,73.38999938964844,42.29169464111328,2364100.0
2013-09-30 00:00:00-04:00,72.37000274658203,73.58999633789062,72.0999984741211,73.2300033569336,42.19950485229492,2032900.0
2013-10-01 00:00:00-04:00,73.29000091552734,74.11000061035156,73.25,74.11000061035156,42.70661163330078,1805000.0
2013-10-02 00:00:00-04:00,73.76000213623047,74.1500015258789,72.91999816894531,74.04000091552734,42.666255950927734,2122700.0
2013-10-03 00:00:00-04:00,73.94000244140625,74.20999908447266,72.56999969482422,73.9800033569336,42.63168716430664,3364200.0
2013-10-04 00:00:00-04:00,73.86000061035156,75.47000122070312,73.6500015258789,75.38999938964844,43.444210052490234,2933400.0
2013-10-07 00:00:00-04:00,74.75,75.56999969482422,74.3499984741211,74.58000183105469,42.977447509765625,1764400.0
2013-10-08 00:00:00-04:00,74.4000015258789,74.44999694824219,72.80000305175781,73.16999816894531,42.16492462158203,3140300.0
2013-10-09 00:00:00-04:00,73.29000091552734,73.33999633789062,72.2699966430664,72.7300033569336,41.911376953125,2939800.0
2013-10-10 00:00:00-04:00,74.62999725341797,75.30999755859375,73.77999877929688,75.08999633789062,43.27132797241211,2726500.0
2013-10-11 00:00:00-04:00,75.1500015258789,76.12999725341797,74.87999725341797,75.97000122070312,43.7784423828125,1822800.0
2013-10-14 00:00:00-04:00,75.55999755859375,76.08000183105469,75.08999633789062,75.70999908447266,43.62861633300781,1990400.0
2013-10-15 00:00:00-04:00,75.66999816894531,76.04000091552734,75.08999633789062,75.19000244140625,43.32897186279297,2472400.0
2013-10-16 00:00:00-04:00,75.75,76.54000091552734,75.20999908447266,76.5,44.083866119384766,2543900.0
2013-10-17 00:00:00-04:00,76.16999816894531,77.73999786376953,76.16999816894531,77.56999969482422,44.70045471191406,1882000.0
2013-10-18 00:00:00-04:00,77.63999938964844,78.5,77.1500015258789,77.91000366210938,44.896392822265625,3210200.0
2013-10-21 00:00:00-04:00,78.12999725341797,78.5,77.7300033569336,78.36000061035156,45.15570831298828,2250300.0
2013-10-22 00:00:00-04:00,78.22000122070312,79.16999816894531,78.06999969482422,78.76000213623047,45.38621139526367,2174800.0
2013-10-23 00:00:00-04:00,78.54000091552734,79.33999633789062,78.0,78.66999816894531,45.33434295654297,2738600.0
2013-10-24 00:00:00-04:00,78.86000061035156,79.08000183105469,77.88999938964844,78.05000305175781,44.97706985473633,2580800.0
2013-10-25 00:00:00-04:00,78.08000183105469,78.1500015258789,75.63999938964844,77.0999984741211,44.429630279541016,3630700.0
2013-10-28 00:00:00-04:00,77.19000244140625,77.31999969482422,75.31999969482422,75.51000213623047,43.513370513916016,4249300.0
2013-10-29 00:00:00-04:00,73.02999877929688,75.63999938964844,72.52999877929688,75.55999755859375,43.54218292236328,6004000.0
2013-10-30 00:00:00-04:00,75.95999908447266,77.05999755859375,75.02999877929688,75.30000305175781,43.39235305786133,2821100.0
2013-10-31 00:00:00-04:00,75.29000091552734,76.0999984741211,74.5999984741211,74.5999984741211,42.98897171020508,3089700.0
2013-11-01 00:00:00-04:00,74.26000213623047,74.30000305175781,73.5999984741211,73.93000030517578,42.60288619995117,6373600.0
2013-11-04 00:00:00-05:00,74.16000366210938,74.52999877929688,73.69000244140625,74.48999786376953,42.925567626953125,3461700.0
2013-11-05 00:00:00-05:00,74.23999786376953,74.62999725341797,73.72000122070312,74.30000305175781,42.81608963012695,2836200.0
2013-11-06 00:00:00-05:00,74.70999908447266,75.37000274658203,74.55000305175781,75.16999816894531,43.317447662353516,2712400.0
2013-11-07 00:00:00-05:00,75.5199966430664,76.01000213623047,74.51000213623047,74.80999755859375,43.1099853515625,4737700.0
2013-11-08 00:00:00-05:00,74.94000244140625,75.5,74.62999725341797,75.38999938964844,43.444210052490234,3882000.0
2013-11-11 00:00:00-05:00,75.4000015258789,75.81999969482422,75.08999633789062,75.62000274658203,43.57675552368164,3104800.0
2013-11-12 00:00:00-05:00,75.5999984741211,75.9000015258789,75.2699966430664,75.33000183105469,43.409637451171875,2408500.0
2013-11-13 00:00:00-05:00,75.30000305175781,76.56999969482422,75.22000122070312,76.5199966430664,44.09538650512695,3490600.0
2013-11-14 00:00:00-05:00,76.88999938964844,78.47000122070312,76.66000366210938,78.26000213623047,45.09809112548828,3362400.0
2013-11-15 00:00:00-05:00,78.23999786376953,78.87000274658203,78.16999816894531,78.56999969482422,45.2767219543457,2660300.0
2013-11-18 00:00:00-05:00,78.63999938964844,79.29000091552734,78.23999786376953,78.47000122070312,45.2191047668457,2095500.0
2013-11-19 00:00:00-05:00,78.38999938964844,78.62000274658203,77.45999908447266,77.6500015258789,44.74655532836914,2947900.0
2013-11-20 00:00:00-05:00,77.62999725341797,78.11000061035156,77.0199966430664,77.51000213623047,44.66587829589844,2700500.0
2013-11-21 00:00:00-05:00,77.08000183105469,78.22000122070312,77.08000183105469,77.76000213623047,45.159523010253906,2569900.0
2013-11-22 00:00:00-05:00,77.9800033569336,79.33999633789062,77.70999908447266,79.29000091552734,46.0480842590332,2354500.0
2013-11-25 00:00:00-05:00,78.41999816894531,78.5199966430664,76.26000213623047,76.55000305175781,44.456825256347656,7441600.0
2013-11-26 00:00:00-05:00,76.80000305175781,77.55999755859375,76.30000305175781,76.33999633789062,44.3348503112793,3745600.0
2013-11-27 00:00:00-05:00,76.73999786376953,77.81999969482422,76.5999984741211,77.45999908447266,44.985294342041016,2782300.0
2013-11-29 00:00:00-05:00,77.75,78.19000244140625,77.04000091552734,77.18000030517578,44.82267761230469,1780100.0
2013-12-02 00:00:00-05:00,77.44000244140625,78.01000213623047,76.7699966430664,77.8499984741211,45.2117919921875,2775600.0
2013-12-03 00:00:00-05:00,77.44999694824219,78.0,76.76000213623047,77.12000274658203,44.787837982177734,3398500.0
2013-12-04 00:00:00-05:00,76.93000030517578,77.01000213623047,75.5,76.55999755859375,44.46263122558594,4103900.0
2013-12-05 00:00:00-05:00,76.19999694824219,76.36000061035156,74.51000213623047,75.1500015258789,43.64375686645508,4283400.0
2013-12-06 00:00:00-05:00,76.22000122070312,76.95999908447266,75.76000213623047,76.55000305175781,44.456825256347656,2320400.0
2013-12-09 00:00:00-05:00,77.0,77.55000305175781,76.33999633789062,76.80000305175781,44.60202407836914,3342000.0
2013-12-10 00:00:00-05:00,76.83000183105469,77.16999816894531,76.62999725341797,76.87000274658203,44.642662048339844,1897300.0
2013-12-11 00:00:00-05:00,77.30000305175781,77.5999984741211,75.29000091552734,75.55000305175781,43.87604904174805,2503000.0
2013-12-12 00:00:00-05:00,76.5,78.26000213623047,76.02999877929688,76.5,44.42777633666992,3057900.0
2013-12-13 00:00:00-05:00,76.70999908447266,76.83999633789062,76.0,76.19000244140625,44.24774932861328,2229000.0
2013-12-16 00:00:00-05:00,77.19000244140625,77.83000183105469,76.91000366210938,77.0,44.7181510925293,2859000.0
2013-12-17 00:00:00-05:00,76.70999908447266,77.81999969482422,76.63999938964844,77.62999725341797,45.08403015136719,3256100.0
2013-12-18 00:00:00-05:00,78.0199966430664,78.5199966430664,76.5999984741211,78.44000244140625,45.554443359375,4491300.0
2013-12-19 00:00:00-05:00,78.3499984741211,78.94999694824219,77.51000213623047,77.95999908447266,45.27568054199219,3258600.0
2013-12-20 00:00:00-05:00,77.94999694824219,78.70999908447266,77.68000030517578,78.5999984741211,45.64735794067383,4287600.0
2013-12-23 00:00:00-05:00,79.0,79.0999984741211,77.62999725341797,78.08000183105469,45.345367431640625,2684100.0
2013-12-24 00:00:00-05:00,78.20999908447266,79.2699966430664,78.08999633789062,79.16999816894531,45.9783935546875,1168100.0
2013-12-26 00:00:00-05:00,79.30000305175781,79.66999816894531,78.94999694824219,79.33000183105469,46.07130432128906,1633500.0
2013-12-27 00:00:00-05:00,79.3499984741211,79.56999969482422,79.11000061035156,79.43000030517578,46.12939453125,1035100.0
2013-12-30 00:00:00-05:00,79.58999633789062,79.7699966430664,78.86000061035156,79.44999694824219,46.141014099121094,3309700.0
2013-12-31 00:00:00-05:00,79.6500015258789,80.33000183105469,79.31999969482422,80.27999877929688,46.6230354309082,1618600.0
2014-01-02 00:00:00-05:00,80.05000305175781,80.20999908447266,77.9000015258789,78.77999877929688,45.75189208984375,4918500.0
2014-01-03 00:00:00-05:00,78.94999694824219,79.12999725341797,78.33000183105469,78.70999908447266,45.71124267578125,1528500.0
2014-01-06 00:00:00-05:00,79.05999755859375,79.05999755859375,77.70999908447266,77.97000122070312,45.28147888183594,3119200.0
2014-01-07 00:00:00-05:00,78.16000366210938,79.25,77.9000015258789,78.94000244140625,45.844818115234375,2730700.0
2014-01-08 00:00:00-05:00,80.37000274658203,80.41999816894531,78.5199966430664,79.7300033569336,46.303619384765625,3419200.0
2014-01-09 00:00:00-05:00,79.80999755859375,80.81999969482422,79.77999877929688,80.4800033569336,46.73917770385742,3499600.0
2014-01-10 00:00:00-05:00,80.6500015258789,81.62000274658203,80.0199966430664,80.3499984741211,46.6636848449707,2350400.0
2014-01-13 00:00:00-05:00,80.41999816894531,80.5999984741211,79.62999725341797,79.81999969482422,46.355892181396484,3218600.0
2014-01-14 00:00:00-05:00,80.16999816894531,82.18000030517578,80.05000305175781,81.80999755859375,47.5115966796875,3530400.0
2014-01-15 00:00:00-05:00,82.0199966430664,82.80999755859375,81.76000213623047,82.75,48.05748748779297,2785700.0
2014-01-16 00:00:00-05:00,82.41999816894531,82.97000122070312,81.91000366210938,82.22000122070312,47.74969482421875,2352000.0
2014-01-17 00:00:00-05:00,82.02999877929688,82.0999984741211,80.9000015258789,81.4000015258789,47.27347946166992,2520700.0
2014-01-21 00:00:00-05:00,82.12999725341797,82.61000061035156,80.69000244140625,80.94999694824219,47.01213455200195,2860600.0
2014-01-22 00:00:00-05:00,81.20999908447266,81.43000030517578,78.91000366210938,80.22000122070312,46.588199615478516,5102600.0
2014-01-23 00:00:00-05:00,80.19000244140625,80.19000244140625,76.48999786376953,77.76000213623047,45.159523010253906,10501700.0
2014-01-24 00:00:00-05:00,77.16000366210938,77.7699966430664,75.86000061035156,75.91999816894531,44.0909309387207,5905800.0
2014-01-27 00:00:00-05:00,75.91999816894531,76.6500015258789,74.37000274658203,75.73999786376953,43.98641586303711,5521300.0
2014-01-28 00:00:00-05:00,75.95999908447266,77.48999786376953,75.76000213623047,76.69000244140625,44.53812789916992,2963000.0
2014-01-29 00:00:00-05:00,76.72000122070312,78.02999877929688,75.5999984741211,76.66000366210938,44.52070617675781,4430100.0
2014-01-30 00:00:00-05:00,77.38999938964844,78.93000030517578,76.6500015258789,78.05999755859375,45.333740234375,4588100.0
2014-01-31 00:00:00-05:00,79.0,80.81999969482422,77.5,78.76000213623047,45.74028778076172,5926200.0
2014-02-03 00:00:00-05:00,78.98999786376953,79.41000366210938,76.7300033569336,77.20999908447266,44.840110778808594,4799300.0
2014-02-04 00:00:00-05:00,77.58999633789062,78.83999633789062,77.16999816894531,78.04000091552734,45.3221435546875,3660200.0
2014-02-05 00:00:00-05:00,77.37000274658203,77.94999694824219,76.31999969482422,77.61000061035156,45.07242965698242,4798800.0
2014-02-06 00:00:00-05:00,78.0,79.25,77.55999755859375,79.12000274658203,45.94935989379883,2804200.0
2014-02-07 00:00:00-05:00,79.91999816894531,81.11000061035156,79.56999969482422,80.83000183105469,46.942447662353516,3439400.0
2014-02-10 00:00:00-05:00,80.70999908447266,81.30000305175781,80.37999725341797,80.95999908447266,47.01795196533203,3019900.0
2014-02-11 00:00:00-05:00,81.27999877929688,82.2699966430664,80.81999969482422,81.68000030517578,47.43608474731445,4130700.0
2014-02-12 00:00:00-05:00,81.69999694824219,82.97000122070312,81.69999694824219,82.62000274658203,47.98199462890625,3191500.0
2014-02-13 00:00:00-05:00,81.87999725341797,83.76000213623047,81.87999725341797,83.37000274658203,48.41756820678711,3304900.0
2014-02-14 00:00:00-05:00,83.19999694824219,84.5199966430664,83.01000213623047,84.47000122070312,49.0564079284668,2930800.0
2014-02-18 00:00:00-05:00,84.98999786376953,85.4000015258789,84.02999877929688,85.33000183105469,49.55584716796875,3614800.0
2014-02-19 00:00:00-05:00,85.0,86.0999984741211,84.12999725341797,84.27999877929688,48.946041107177734,3899600.0
2014-02-20 00:00:00-05:00,84.31999969482422,86.23999786376953,83.47000122070312,85.80000305175781,49.82879638671875,4003700.0
2014-02-21 00:00:00-05:00,86.36000061035156,86.79000091552734,85.58999633789062,85.6500015258789,49.74168395996094,3302600.0
2014-02-24 00:00:00-05:00,85.69999694824219,87.0999984741211,85.61000061035156,85.97000122070312,49.927528381347656,2976100.0
2014-02-25 00:00:00-05:00,85.9000015258789,86.72000122070312,85.4000015258789,86.30000305175781,50.11915588378906,2936700.0
2014-02-26 00:00:00-05:00,86.38999938964844,87.5,86.18000030517578,87.41999816894531,50.76962661743164,3226500.0
2014-02-27 00:00:00-05:00,86.88999938964844,87.91999816894531,86.43000030517578,87.87000274658203,51.38364028930664,3754100.0
2014-02-28 00:00:00-05:00,88.13999938964844,89.19000244140625,87.62000274658203,88.08000183105469,51.50644302368164,4633800.0
2014-03-03 00:00:00-05:00,87.27999877929688,88.4800033569336,87.04000091552734,88.47000122070312,51.734474182128906,2428100.0
2014-03-04 00:00:00-05:00,89.62999725341797,89.80000305175781,88.86000061035156,89.68000030517578,52.44205856323242,3005800.0
2014-03-05 00:00:00-05:00,89.63999938964844,90.36000061035156,89.52999877929688,90.0999984741211,52.68767166137695,2930000.0
2014-03-06 00:00:00-05:00,90.56999969482422,91.94000244140625,90.52999877929688,91.05999755859375,53.24905014038086,4128400.0
2014-03-07 00:00:00-05:00,91.30999755859375,91.56999969482422,90.30000305175781,90.9000015258789,53.155479431152344,2679200.0
2014-03-10 00:00:00-04:00,90.61000061035156,91.16999816894531,90.0,91.02999877929688,53.23149490356445,2326300.0
2014-03-11 00:00:00-04:00,91.11000061035156,91.58999633789062,90.30000305175781,90.44000244140625,52.886478424072266,2827300.0
2014-03-12 00:00:00-04:00,89.88999938964844,90.83000183105469,89.44000244140625,90.16000366210938,52.72275161743164,2829400.0
2014-03-13 00:00:00-04:00,90.6500015258789,91.0199966430664,88.83000183105469,89.02999877929688,52.06196594238281,3118400.0
2014-03-14 00:00:00-04:00,88.80999755859375,90.08999633789062,88.7300033569336,88.91999816894531,51.997642517089844,3376900.0
2014-03-17 00:00:00-04:00,89.56999969482422,91.0199966430664,89.51000213623047,90.5999984741211,52.98004913330078,2286500.0
2014-03-18 00:00:00-04:00,90.76000213623047,91.11000061035156,90.55000305175781,90.69999694824219,53.038516998291016,3985600.0
2014-03-19 00:00:00-04:00,90.91999816894531,90.91999816894531,88.86000061035156,89.69999694824219,52.45376205444336,3421600.0
2014-03-20 00:00:00-04:00,89.55999755859375,90.30000305175781,89.25,90.26000213623047,52.78122329711914,2245900.0
2014-03-21 00:00:00-04:00,90.55000305175781,90.7300033569336,89.94999694824219,90.04000091552734,52.65256881713867,3906500.0
2014-03-24 00:00:00-04:00,90.5199966430664,90.9000015258789,89.12000274658203,89.56999969482422,52.377742767333984,3558800.0
2014-03-25 00:00:00-04:00,90.30999755859375,91.4800033569336,90.2699966430664,90.56999969482422,52.96251678466797,3616300.0
2014-03-26 00:00:00-04:00,91.37000274658203,91.37000274658203,89.86000061035156,89.87999725341797,52.55900573730469,3300000.0
2014-03-27 00:00:00-04:00,89.75,89.79000091552734,87.33999633789062,87.36000061035156,51.085391998291016,4686600.0
2014-03-28 00:00:00-04:00,87.2699966430664,88.7699966430664,87.19999694824219,88.37999725341797,51.681861877441406,2495800.0
2014-03-31 00:00:00-04:00,89.54000091552734,89.77999877929688,88.7699966430664,88.94000244140625,52.00933837890625,2592100.0
2014-04-01 00:00:00-04:00,89.1500015258789,89.16000366210938,88.48999786376953,88.7699966430664,51.90993118286133,3642400.0
2014-04-02 00:00:00-04:00,88.86000061035156,90.31999969482422,88.5999984741211,90.2699966430664,52.78706359863281,2517400.0
2014-04-03 00:00:00-04:00,90.06999969482422,90.91000366210938,89.80000305175781,90.45999908447266,52.8981819152832,2567300.0
2014-04-04 00:00:00-04:00,91.5,91.87000274658203,88.9800033569336,89.02999877929688,52.06196594238281,3363000.0
2014-04-07 00:00:00-04:00,88.7300033569336,89.08999633789062,86.5,87.12000274658203,50.94505310058594,3918200.0
2014-04-08 00:00:00-04:00,87.1500015258789,87.77999877929688,86.5,87.04000091552734,50.89828872680664,3388200.0
2014-04-09 00:00:00-04:00,87.26000213623047,89.05000305175781,86.91000366210938,88.54000091552734,51.77544021606445,2983600.0
2014-04-10 00:00:00-04:00,88.93000030517578,88.93000030517578,87.16999816894531,87.37999725341797,51.097110748291016,4479800.0
2014-04-11 00:00:00-04:00,85.4000015258789,88.23999786376953,85.4000015258789,87.11000061035156,50.939208984375,3775400.0
2014-04-14 00:00:00-04:00,87.86000061035156,88.56999969482422,87.41000366210938,88.1500015258789,51.54737854003906,2568800.0
2014-04-15 00:00:00-04:00,88.41999816894531,89.66999816894531,87.80000305175781,89.55000305175781,52.36603546142578,3742700.0
2014-04-16 00:00:00-04:00,91.38999938964844,92.11000061035156,90.30999755859375,91.45999908447266,53.48294448852539,3600300.0
2014-04-17 00:00:00-04:00,91.62000274658203,92.48999786376953,90.43000030517578,92.11000061035156,53.86305236816406,3280600.0
2014-04-21 00:00:00-04:00,93.43000030517578,93.43000030517578,91.80000305175781,92.23999786376953,53.939064025878906,2481900.0
2014-04-22 00:00:00-04:00,93.02999877929688,93.98999786376953,92.30999755859375,93.2699966430664,54.54137420654297,2479300.0
2014-04-23 00:00:00-04:00,92.9800033569336,93.9000015258789,91.58999633789062,92.30000305175781,53.97416305541992,3577600.0
2014-04-24 00:00:00-04:00,92.0199966430664,92.19999694824219,90.79000091552734,91.4800033569336,53.90343475341797,2298300.0
2014-04-25 00:00:00-04:00,91.3499984741211,91.58999633789062,90.66999816894531,91.05000305175781,53.65007400512695,3205200.0
2014-04-28 00:00:00-04:00,91.73999786376953,91.93000030517578,89.86000061035156,90.73999786376953,53.46742248535156,3474500.0
2014-04-29 00:00:00-04:00,90.22000122070312,92.55000305175781,89.75,90.97000122070312,53.602935791015625,6085300.0
2014-04-30 00:00:00-04:00,91.29000091552734,93.41000366210938,90.83000183105469,92.5,54.50448226928711,5344000.0
2014-05-01 00:00:00-04:00,92.79000091552734,92.83000183105469,91.87000274658203,92.41999816894531,54.45734786987305,2194700.0
2014-05-02 00:00:00-04:00,92.08000183105469,93.18000030517578,92.0,92.4000015258789,54.44554138183594,2042100.0
2014-05-05 00:00:00-04:00,92.20999908447266,94.04000091552734,92.12000274658203,93.66000366210938,55.187984466552734,1952300.0
2014-05-06 00:00:00-04:00,93.4000015258789,94.43000030517578,92.97000122070312,94.05000305175781,55.41778564453125,2235900.0
2014-05-07 00:00:00-04:00,94.37000274658203,95.80999755859375,93.93000030517578,95.7699966430664,56.4312629699707,2549400.0
2014-05-08 00:00:00-04:00,95.54000091552734,96.36000061035156,93.91000366210938,94.44999694824219,55.65348815917969,3756700.0
2014-05-09 00:00:00-04:00,94.81999969482422,95.47000122070312,93.80999755859375,95.44999694824219,56.24272918701172,2312400.0
2014-05-12 00:00:00-04:00,96.19999694824219,96.72000122070312,95.9000015258789,96.27999877929688,56.7318115234375,2369900.0
2014-05-13 00:00:00-04:00,96.72000122070312,97.11000061035156,95.91999816894531,95.98999786376953,56.560909271240234,2651200.0
2014-05-14 00:00:00-04:00,96.3499984741211,97.06999969482422,95.76000213623047,96.56999969482422,56.90267562866211,2387300.0
2014-05-15 00:00:00-04:00,96.18000030517578,96.33999633789062,94.29000091552734,95.23999786376953,56.118988037109375,2984500.0
2014-05-16 00:00:00-04:00,95.30000305175781,96.33000183105469,94.63999938964844,96.13999938964844,56.6493034362793,2218600.0
2014-05-19 00:00:00-04:00,96.16000366210938,98.18000030517578,96.08000183105469,96.80000305175781,57.0382080078125,3558700.0
2014-05-20 00:00:00-04:00,96.56999969482422,97.7300033569336,96.41999816894531,97.0,57.15604019165039,2871800.0
2014-05-21 00:00:00-04:00,97.44999694824219,98.38999938964844,97.2699966430664,98.16000366210938,57.83956527709961,2917000.0
2014-05-22 00:00:00-04:00,98.0,98.45999908447266,97.55999755859375,97.69999694824219,57.56850814819336,2662400.0
2014-05-23 00:00:00-04:00,97.69999694824219,98.91999816894531,97.68000030517578,98.77999877929688,58.20487594604492,1849300.0
2014-05-27 00:00:00-04:00,99.05000305175781,99.69999694824219,98.25,98.47000122070312,58.022239685058594,3229900.0
2014-05-28 00:00:00-04:00,98.83999633789062,99.9000015258789,98.51000213623047,98.98999786376953,58.328617095947266,3100900.0
2014-05-29 00:00:00-04:00,99.16000366210938,100.48999786376953,98.5199966430664,100.3499984741211,59.129981994628906,1954200.0
2014-05-30 00:00:00-04:00,100.26000213623047,100.29000091552734,99.12000274658203,99.56999969482422,58.67039108276367,3241500.0
2014-06-02 00:00:00-04:00,99.93000030517578,100.5,99.26000213623047,100.19999694824219,59.04158401489258,2216100.0
2014-06-03 00:00:00-04:00,100.22000122070312,101.0,99.83999633789062,99.88999938964844,58.85893249511719,2224700.0
2014-06-04 00:00:00-04:00,99.94000244140625,100.61000061035156,99.31999969482422,100.12999725341797,59.00033187866211,2455500.0
2014-06-05 00:00:00-04:00,99.9000015258789,100.33000183105469,98.7699966430664,99.04000091552734,58.35809326171875,3706500.0
2014-06-06 00:00:00-04:00,99.19999694824219,99.6500015258789,98.83000183105469,99.0,58.33451843261719,3609600.0
2014-06-09 00:00:00-04:00,98.73999786376953,99.66999816894531,98.5199966430664,98.91999816894531,58.287353515625,2126000.0
2014-06-10 00:00:00-04:00,99.0,100.06999969482422,98.9000015258789,99.94999694824219,58.894317626953125,2236900.0
2014-06-11 00:00:00-04:00,99.05999755859375,99.62000274658203,99.01000213623047,99.19999694824219,58.45237731933594,1938900.0
2014-06-12 00:00:00-04:00,98.7300033569336,101.12999725341797,98.7300033569336,99.26000213623047,58.487728118896484,4191800.0
2014-06-13 00:00:00-04:00,99.08000183105469,99.75,98.7300033569336,98.95999908447266,58.31095886230469,2530800.0
2014-06-16 00:00:00-04:00,99.12000274658203,99.33000183105469,98.12999725341797,98.87000274658203,58.25791931152344,2392100.0
2014-06-17 00:00:00-04:00,98.54000091552734,99.33999633789062,98.41000366210938,98.77999877929688,58.20487594604492,2342100.0
2014-06-18 00:00:00-04:00,98.55000305175781,99.05999755859375,97.86000061035156,98.97000122070312,58.31684112548828,2681300.0
2014-06-19 00:00:00-04:00,99.05999755859375,99.41000366210938,98.55000305175781,98.80000305175781,58.21666717529297,2091500.0
2014-06-20 00:00:00-04:00,99.36000061035156,100.33000183105469,99.08999633789062,100.1500015258789,59.01213455200195,5610500.0
2014-06-23 00:00:00-04:00,100.33000183105469,101.0,99.62999725341797,100.72000122070312,59.34800720214844,3123400.0
2014-06-24 00:00:00-04:00,102.62999725341797,102.62999725341797,100.05999755859375,100.0999984741211,58.98268127441406,4549500.0
2014-06-25 00:00:00-04:00,99.33000183105469,100.3499984741211,98.4000015258789,98.58000183105469,58.0870475769043,4048200.0
2014-06-26 00:00:00-04:00,98.95999908447266,99.0,97.62999725341797,98.5,58.03989791870117,2604500.0
2014-06-27 00:00:00-04:00,98.13999938964844,98.62999725341797,96.36000061035156,96.87000274658203,57.0794563293457,6178400.0
2014-06-30 00:00:00-04:00,97.13999938964844,98.12999725341797,96.62999725341797,97.6500015258789,57.53905487060547,3010100.0
2014-07-01 00:00:00-04:00,98.30000305175781,99.12999725341797,97.54000091552734,98.5199966430664,58.05167007446289,2248600.0
2014-07-02 00:00:00-04:00,98.20999908447266,99.22000122070312,98.16000366210938,98.75,58.187198638916016,2098000.0
2014-07-03 00:00:00-04:00,98.87000274658203,99.88999938964844,98.83999633789062,99.66999816894531,58.72930145263672,1320600.0
2014-07-07 00:00:00-04:00,99.2699966430664,99.47000122070312,97.79000091552734,98.33999633789062,57.94562530517578,2208400.0
2014-07-08 00:00:00-04:00,97.80000305175781,98.30999755859375,97.08999633789062,97.68000030517578,57.55670928955078,2346500.0
2014-07-09 00:00:00-04:00,98.16000366210938,99.06999969482422,98.01000213623047,98.81999969482422,58.22845458984375,2299800.0
2014-07-10 00:00:00-04:00,97.63999938964844,99.30000305175781,97.56999969482422,98.48999786376953,58.03399658203125,2085700.0
2014-07-11 00:00:00-04:00,98.5999984741211,99.41999816894531,98.30000305175781,99.16000366210938,58.428794860839844,1781600.0
2014-07-14 00:00:00-04:00,99.5999984741211,99.5999984741211,98.6500015258789,98.98999786376953,58.328617095947266,2168200.0
2014-07-15 00:00:00-04:00,99.26000213623047,99.77999877929688,98.2300033569336,98.47000122070312,58.022239685058594,2595300.0
2014-07-16 00:00:00-04:00,98.47000122070312,99.58999633789062,98.47000122070312,99.44999694824219,58.599647521972656,2327300.0
2014-07-17 00:00:00-04:00,98.48999786376953,100.41999816894531,98.47000122070312,99.52999877929688,58.646793365478516,2279600.0
2014-07-18 00:00:00-04:00,99.30999755859375,101.20999908447266,99.23999786376953,101.02999877929688,59.53068161010742,2624200.0
2014-07-21 00:00:00-04:00,100.62000274658203,101.37999725341797,100.0999984741211,101.22000122070312,59.64261245727539,2145800.0
2014-07-22 00:00:00-04:00,101.25,102.19999694824219,101.08000183105469,102.1500015258789,60.19060516357422,2394300.0
2014-07-23 00:00:00-04:00,102.5,103.04000091552734,102.23999786376953,102.5,60.39684295654297,2099700.0
2014-07-24 00:00:00-04:00,103.11000061035156,103.47000122070312,102.13999938964844,102.41999816894531,60.349708557128906,2287900.0
2014-07-25 00:00:00-04:00,105.0,107.68000030517578,104.5199966430664,107.48999786376953,63.33713912963867,4070300.0
2014-07-28 00:00:00-04:00,107.5,109.91000366210938,107.41999816894531,109.6500015258789,64.60989379882812,4021000.0
2014-07-29 00:00:00-04:00,109.66999816894531,110.37999725341797,108.25,108.29000091552734,63.80854415893555,2674600.0
2014-07-30 00:00:00-04:00,108.75,109.26000213623047,107.79000091552734,108.18000030517578,63.74370574951172,2842000.0
2014-07-31 00:00:00-04:00,107.33000183105469,107.58999633789062,105.94999694824219,106.25,62.60647964477539,3505700.0
2014-08-01 00:00:00-04:00,106.25,106.95999908447266,105.63999938964844,106.55000305175781,62.78327941894531,2564400.0
2014-08-04 00:00:00-04:00,107.16000366210938,108.68000030517578,106.05999755859375,108.63999938964844,64.01476287841797,3226600.0
2014-08-05 00:00:00-04:00,107.69000244140625,109.18000030517578,106.69000244140625,107.36000061035156,63.26055145263672,3053900.0
2014-08-06 00:00:00-04:00,107.37999725341797,109.75,107.37000274658203,108.98999786376953,64.22100067138672,2724000.0
2014-08-07 00:00:00-04:00,109.1500015258789,109.98999786376953,107.66000366210938,107.93000030517578,63.59638214111328,2604600.0
2014-08-08 00:00:00-04:00,108.0199966430664,108.61000061035156,107.58999633789062,108.37000274658203,63.85566711425781,3937000.0
2014-08-11 00:00:00-04:00,109.12999725341797,109.80000305175781,107.93000030517578,108.27999877929688,63.802642822265625,2932400.0
2014-08-12 00:00:00-04:00,108.41999816894531,109.04000091552734,107.7699966430664,108.88999938964844,64.16206359863281,2736500.0
2014-08-13 00:00:00-04:00,109.05000305175781,110.13999938964844,108.6500015258789,109.8499984741211,64.72775268554688,2741900.0
2014-08-14 00:00:00-04:00,110.0,110.48999786376953,109.69999694824219,109.79000091552734,64.69239044189453,1909100.0
2014-08-15 00:00:00-04:00,110.0,110.66999816894531,108.72000122070312,110.5999984741211,65.16968536376953,2593100.0
2014-08-18 00:00:00-04:00,111.58000183105469,112.0,110.68000030517578,111.16000366210938,65.4996337890625,2569100.0
2014-08-19 00:00:00-04:00,111.41000366210938,112.37000274658203,111.16999816894531,112.19999694824219,66.11244201660156,2171200.0
2014-08-20 00:00:00-04:00,112.37999725341797,112.5199966430664,111.83000183105469,112.16999816894531,66.09476470947266,1751000.0
2014-08-21 00:00:00-04:00,112.19000244140625,112.7300033569336,111.45999908447266,112.30000305175781,66.5869140625,1887600.0
2014-08-22 00:00:00-04:00,111.80000305175781,112.43000030517578,111.5,112.13999938964844,66.49205017089844,1587700.0
2014-08-25 00:00:00-04:00,112.83000183105469,113.6500015258789,112.56999969482422,112.94999694824219,66.9723129272461,2034700.0
2014-08-26 00:00:00-04:00,113.13999938964844,113.13999938964844,112.3499984741211,112.5999984741211,66.76480102539062,1516900.0
2014-08-27 00:00:00-04:00,113.12000274658203,113.70999908447266,112.44999694824219,113.5999984741211,67.35773468017578,1654800.0
2014-08-28 00:00:00-04:00,113.51000213623047,113.70999908447266,112.55999755859375,113.4800033569336,67.28659057617188,1602100.0
2014-08-29 00:00:00-04:00,113.94000244140625,114.37999725341797,113.33999633789062,114.3499984741211,67.80242156982422,2052300.0
2014-09-02 00:00:00-04:00,115.06999969482422,115.33000183105469,113.77999877929688,114.19000244140625,67.70757293701172,2548200.0
2014-09-03 00:00:00-04:00,114.44999694824219,114.77999877929688,114.08000183105469,114.2300033569336,67.73127746582031,1770800.0
2014-09-04 00:00:00-04:00,114.47000122070312,114.91000366210938,113.58000183105469,113.83999633789062,67.50004577636719,1573000.0
2014-09-05 00:00:00-04:00,113.94000244140625,114.72000122070312,113.51000213623047,114.58999633789062,67.94474029541016,1772800.0
2014-09-08 00:00:00-04:00,114.31999969482422,115.01000213623047,113.88999938964844,114.0,67.59491729736328,2064400.0
2014-09-09 00:00:00-04:00,113.77999877929688,114.26000213623047,112.94000244140625,113.02999877929688,67.01976013183594,1604700.0
2014-09-10 00:00:00-04:00,113.0199966430664,113.63999938964844,112.0,113.44999694824219,67.268798828125,1445400.0
2014-09-11 00:00:00-04:00,113.01000213623047,113.41999816894531,112.55000305175781,113.2300033569336,67.13833618164062,1806500.0
2014-09-12 00:00:00-04:00,113.37999725341797,113.5999984741211,111.45999908447266,111.68000030517578,66.21927642822266,2316300.0
2014-09-15 00:00:00-04:00,111.47000122070312,112.05000305175781,110.81999969482422,111.86000061035156,66.32603454589844,2150200.0
2014-09-16 00:00:00-04:00,111.77999877929688,112.5199966430664,111.45999908447266,111.55999755859375,66.14813995361328,2959700.0
2014-09-17 00:00:00-04:00,112.0199966430664,113.08000183105469,110.87000274658203,111.58000183105469,66.16000366210938,2981500.0
2014-09-18 00:00:00-04:00,112.22000122070312,113.86000061035156,112.19000244140625,113.75,67.44666290283203,2911500.0
2014-09-19 00:00:00-04:00,114.62999725341797,115.4000015258789,113.54000091552734,114.0,67.59491729736328,4759800.0
2014-09-22 00:00:00-04:00,114.0,114.27999877929688,112.55999755859375,112.61000061035156,66.77072143554688,2475500.0
2014-09-23 00:00:00-04:00,112.55999755859375,112.81999969482422,110.1500015258789,110.30999755859375,65.40695190429688,2779100.0
2014-09-24 00:00:00-04:00,110.91000366210938,111.9800033569336,109.73999786376953,111.94999694824219,66.37938690185547,2875800.0
2014-09-25 00:00:00-04:00,111.43000030517578,111.79000091552734,109.9800033569336,110.05999755859375,65.25874328613281,2033300.0
2014-09-26 00:00:00-04:00,110.3499984741211,113.6500015258789,110.25,113.25,67.15019989013672,2622500.0
2014-09-29 00:00:00-04:00,112.12000274658203,113.58999633789062,111.25,113.30000305175781,67.17986297607422,2202500.0
2014-09-30 00:00:00-04:00,112.48999786376953,112.69000244140625,107.66999816894531,108.66000366210938,64.42862701416016,6396000.0
2014-10-01 00:00:00-04:00,107.7699966430664,107.79000091552734,104.44999694824219,105.0,62.25847244262695,6965300.0
2014-10-02 00:00:00-04:00,104.19999694824219,104.5,100.77999877929688,103.0,61.07258224487305,7078200.0
2014-10-03 00:00:00-04:00,103.12000274658203,103.6500015258789,100.80999755859375,101.72000122070312,60.313636779785156,6060800.0
2014-10-06 00:00:00-04:00,102.0,102.5999984741211,101.37000274658203,101.88999938964844,60.414424896240234,4249600.0
2014-10-07 00:00:00-04:00,101.23999786376953,101.33999633789062,99.23999786376953,99.33000183105469,58.896507263183594,4939200.0
2014-10-08 00:00:00-04:00,99.48999786376953,102.80999755859375,98.27999877929688,102.58000183105469,60.823570251464844,6440800.0
2014-10-09 00:00:00-04:00,102.76000213623047,103.08999633789062,99.01000213623047,99.18000030517578,58.807559967041016,4465500.0
2014-10-10 00:00:00-04:00,99.0999984741211,99.11000061035156,94.94999694824219,95.04000091552734,56.35279846191406,6653500.0
2014-10-13 00:00:00-04:00,95.51000213623047,95.80000305175781,86.36000061035156,86.58999633789062,51.34247589111328,12437600.0
2014-10-14 00:00:00-04:00,88.25,89.44999694824219,84.5,85.38999938964844,50.63096237182617,12464400.0
2014-10-15 00:00:00-04:00,83.76000213623047,86.29000091552734,81.1500015258789,85.93000030517578,50.95115280151367,12921400.0
2014-10-16 00:00:00-04:00,84.47000122070312,90.54000091552734,84.45999908447266,89.33000183105469,52.967124938964844,9025100.0
2014-10-17 00:00:00-04:00,92.29000091552734,92.81999969482422,89.2699966430664,89.62999725341797,53.145015716552734,7247700.0
2014-10-20 00:00:00-04:00,89.37999725341797,92.2699966430664,89.26000213623047,92.0199966430664,54.562137603759766,4532800.0
2014-10-21 00:00:00-04:00,92.88999938964844,95.70999908447266,92.83000183105469,95.19000244140625,56.441749572753906,5721900.0
2014-10-22 00:00:00-04:00,96.4800033569336,96.80999755859375,93.36000061035156,93.4800033569336,55.42781066894531,4837700.0
2014-10-23 00:00:00-04:00,94.4800033569336,94.9000015258789,92.30999755859375,94.33000183105469,55.93182373046875,5020200.0
2014-10-24 00:00:00-04:00,92.22000122070312,93.41999816894531,90.01000213623047,92.38999938964844,54.78152084350586,7485100.0
2014-10-27 00:00:00-04:00,89.1500015258789,89.91000366210938,84.69000244140625,87.19000244140625,51.6982307434082,12042900.0
2014-10-28 00:00:00-04:00,87.25,89.2699966430664,86.33000183105469,89.2300033569336,52.90782928466797,6405500.0
2014-10-29 00:00:00-04:00,90.20999908447266,90.87000274658203,88.41000366210938,90.79000091552734,53.83281326293945,11498800.0
2014-10-30 00:00:00-04:00,90.02999877929688,91.44000244140625,89.3499984741211,91.01000213623047,53.96324920654297,4771200.0
2014-10-31 00:00:00-04:00,92.2300033569336,92.5199966430664,89.70999908447266,91.62999725341797,54.33088302612305,6514200.0
2014-11-03 00:00:00-05:00,91.88999938964844,92.5,89.02999877929688,89.22000122070312,52.90190887451172,6612300.0
2014-11-04 00:00:00-05:00,88.48999786376953,88.5,83.16000366210938,84.06999969482422,49.848262786865234,9161200.0
2014-11-05 00:00:00-05:00,84.45999908447266,86.76000213623047,84.02999877929688,85.25,50.547943115234375,6079900.0
2014-11-06 00:00:00-05:00,84.80999755859375,87.22000122070312,84.43000030517578,86.30000305175781,51.170536041259766,4870000.0
2014-11-07 00:00:00-05:00,86.51000213623047,87.83000183105469,86.30999755859375,87.45999908447266,51.85834503173828,4184500.0
2014-11-10 00:00:00-05:00,87.4800033569336,89.06999969482422,87.02999877929688,88.02999877929688,52.196319580078125,3982200.0
2014-11-11 00:00:00-05:00,87.95999908447266,88.55000305175781,86.56999969482422,88.54000091552734,52.498722076416016,3119600.0
2014-11-12 00:00:00-05:00,88.75,89.12000274658203,86.83999633789062,88.58999633789062,52.528358459472656,5527200.0
2014-11-13 00:00:00-05:00,88.55999755859375,89.6500015258789,86.87999725341797,87.94000244140625,52.1429443359375,4850400.0
2014-11-14 00:00:00-05:00,87.94000244140625,89.37999725341797,87.5999984741211,88.33000183105469,52.37419509887695,4124200.0
2014-11-17 00:00:00-05:00,88.18000030517578,88.33000183105469,86.73999786376953,87.69999694824219,52.000640869140625,4940100.0
2014-11-18 00:00:00-05:00,88.08999633789062,89.62999725341797,88.06999969482422,89.04000091552734,52.795169830322266,4714200.0
2014-11-19 00:00:00-05:00,89.16999816894531,89.62000274658203,88.33000183105469,89.3499984741211,52.97898483276367,3339700.0
2014-11-20 00:00:00-05:00,88.0,90.75,87.66000366210938,90.41999816894531,54.036773681640625,6185500.0
2014-11-21 00:00:00-05:00,94.0,94.33000183105469,90.43000030517578,91.19999694824219,54.5029182434082,6461600.0
2014-11-24 00:00:00-05:00,91.12999725341797,91.61000061035156,90.30999755859375,90.55999755859375,54.12045669555664,4207500.0
2014-11-25 00:00:00-05:00,91.29000091552734,91.66000366210938,90.0999984741211,90.6500015258789,54.17424392700195,3914000.0
2014-11-26 00:00:00-05:00,90.38999938964844,90.38999938964844,88.37000274658203,89.54000091552734,53.5108757019043,3836700.0
2014-11-28 00:00:00-05:00,83.91999816894531,84.0199966430664,78.58000183105469,78.86000061035156,47.1282958984375,8323300.0
2014-12-01 00:00:00-05:00,76.20999908447266,78.61000061035156,75.30000305175781,76.80999755859375,45.903160095214844,12690600.0
2014-12-02 00:00:00-05:00,77.2300033569336,77.9800033569336,75.87999725341797,77.02999877929688,46.034645080566406,6125500.0
2014-12-03 00:00:00-05:00,77.5999984741211,80.16999816894531,77.05999755859375,78.72000122070312,47.04462814331055,7430000.0
2014-12-04 00:00:00-05:00,78.25,81.13999938964844,78.20999908447266,81.13999938964844,48.490867614746094,7154100.0
2014-12-05 00:00:00-05:00,83.43000030517578,83.44000244140625,80.20999908447266,80.7699966430664,48.269752502441406,7066100.0
2014-12-08 00:00:00-05:00,80.19000244140625,80.77999877929688,76.26000213623047,77.69999694824219,46.43505096435547,7485800.0
2014-12-09 00:00:00-05:00,77.30999755859375,78.76000213623047,76.66999816894531,78.69000244140625,47.026710510253906,5000900.0
2014-12-10 00:00:00-05:00,77.56999969482422,77.56999969482422,74.04000091552734,74.62000274658203,44.594398498535156,6823100.0
2014-12-11 00:00:00-05:00,74.41999816894531,76.88999938964844,74.41000366210938,75.30000305175781,45.00077819824219,5133700.0
2014-12-12 00:00:00-05:00,71.31999969482422,73.19000244140625,70.26000213623047,70.61000061035156,42.19792938232422,9431100.0
2014-12-15 00:00:00-05:00,71.66999816894531,72.19000244140625,70.05999755859375,70.66999816894531,42.23379135131836,6465500.0
2014-12-16 00:00:00-05:00,71.13999938964844,73.69000244140625,70.37000274658203,71.55000305175781,42.759700775146484,8812000.0
2014-12-17 00:00:00-05:00,72.08000183105469,77.11000061035156,72.0,75.5999984741211,45.180057525634766,8659100.0
2014-12-18 00:00:00-05:00,80.87000274658203,81.20999908447266,76.8499984741211,79.26000213623047,47.367347717285156,9716200.0
2014-12-19 00:00:00-05:00,80.37000274658203,82.30999755859375,79.70999908447266,82.0,49.00482940673828,8325700.0
2014-12-22 00:00:00-05:00,82.43000030517578,82.43000030517578,80.19999694824219,81.11000061035156,48.472930908203125,4721300.0
2014-12-23 00:00:00-05:00,81.33999633789062,82.81999969482422,80.38999938964844,82.19999694824219,49.12434005737305,4041900.0
2014-12-24 00:00:00-05:00,81.62999725341797,82.36000061035156,80.7699966430664,81.30999755859375,48.59247589111328,2367200.0
2014-12-26 00:00:00-05:00,81.20999908447266,81.9800033569336,80.54000091552734,80.9800033569336,48.395263671875,2846900.0
2014-12-29 00:00:00-05:00,80.97000122070312,81.98999786376953,80.37000274658203,80.7300033569336,48.24583435058594,3418500.0
2014-12-30 00:00:00-05:00,81.2300033569336,81.69999694824219,80.29000091552734,80.5999984741211,48.16814422607422,2985900.0
2014-12-31 00:00:00-05:00,80.12999725341797,80.58000183105469,78.94999694824219,79.38999938964844,47.44502639770508,3299600.0
2015-01-02 00:00:00-05:00,79.94000244140625,80.58999633789062,79.29000091552734,80.06999969482422,47.85141372680664,2868700.0
2015-01-05 00:00:00-05:00,78.79000091552734,78.98999786376953,75.2300033569336,76.04000091552734,45.4430046081543,5461200.0
2015-01-06 00:00:00-05:00,76.44000244140625,76.9000015258789,74.11000061035156,74.43000030517578,44.4808349609375,5074600.0
2015-01-07 00:00:00-05:00,75.13999938964844,75.97000122070312,74.01000213623047,75.20999908447266,44.946983337402344,3456900.0
2015-01-08 00:00:00-05:00,76.05000305175781,78.55999755859375,75.86000061035156,78.22000122070312,46.74580764770508,6055600.0
2015-01-09 00:00:00-05:00,79.45999908447266,79.7699966430664,77.69000244140625,78.9800033569336,47.200016021728516,5082600.0
2015-01-12 00:00:00-05:00,78.36000061035156,78.80000305175781,75.76000213623047,76.1500015258789,45.50874328613281,5468400.0
2015-01-13 00:00:00-05:00,77.30000305175781,77.30000305175781,74.51000213623047,75.30000305175781,45.00077819824219,6464200.0
2015-01-14 00:00:00-05:00,74.12999725341797,74.81999969482422,71.73999786376953,74.36000061035156,44.439002990722656,6020500.0
2015-01-15 00:00:00-05:00,75.08000183105469,76.83999633789062,74.33000183105469,75.2699966430664,44.98283004760742,5791200.0
2015-01-16 00:00:00-05:00,75.41999816894531,80.23999786376953,75.41999816894531,79.83999633789062,47.713966369628906,7351700.0
2015-01-20 00:00:00-05:00,79.20999908447266,79.58000183105469,76.19999694824219,77.94000244140625,46.5784912109375,4823100.0
2015-01-21 00:00:00-05:00,78.0999984741211,81.72000122070312,77.4000015258789,81.37999725341797,48.634307861328125,5420000.0
2015-01-22 00:00:00-05:00,82.31999969482422,82.97000122070312,80.41000366210938,81.41000366210938,48.6522331237793,5269300.0
2015-01-23 00:00:00-05:00,80.94000244140625,81.7300033569336,80.36000061035156,80.80000305175781,48.28767395019531,4169200.0
2015-01-26 00:00:00-05:00,80.16999816894531,80.36000061035156,78.87999725341797,79.2699966430664,47.37331771850586,5172900.0
2015-01-27 00:00:00-05:00,78.05000305175781,79.80000305175781,76.98999786376953,78.66999816894531,47.01474380493164,5096500.0
2015-01-28 00:00:00-05:00,79.20999908447266,79.20999908447266,76.12000274658203,76.45999908447266,45.69400405883789,4814000.0
2015-01-29 00:00:00-05:00,77.18000030517578,78.02999877929688,75.43000030517578,77.7699966430664,46.476898193359375,5502100.0
2015-01-30 00:00:00-05:00,76.94999694824219,81.08999633789062,76.47000122070312,79.08999633789062,47.2657470703125,5012100.0
2015-02-02 00:00:00-05:00,79.25,82.86000061035156,79.25,82.0,49.00482940673828,6821300.0
2015-02-03 00:00:00-05:00,83.70999908447266,87.13999938964844,83.37999725341797,86.9000015258789,51.933162689208984,8715600.0
2015-02-04 00:00:00-05:00,85.83999633789062,86.7300033569336,84.36000061035156,85.3499984741211,51.0068473815918,6207100.0
2015-02-05 00:00:00-05:00,86.44999694824219,90.19999694824219,86.27999877929688,87.6500015258789,52.38137435913086,6285000.0
2015-02-06 00:00:00-05:00,88.05999755859375,88.61000061035156,86.62999725341797,86.81999969482422,51.88534927368164,5236000.0
2015-02-09 00:00:00-05:00,88.18000030517578,89.29000091552734,87.27999877929688,88.33999633789062,52.793724060058594,5524400.0
2015-02-10 00:00:00-05:00,88.48999786376953,88.6500015258789,87.37000274658203,88.20999908447266,52.71603012084961,4870100.0
2015-02-11 00:00:00-05:00,87.55999755859375,88.13999938964844,86.37999725341797,87.18000030517578,52.10049057006836,4364800.0
2015-02-12 00:00:00-05:00,88.25,90.81999969482422,88.16000366210938,89.80000305175781,53.666255950927734,5468700.0
2015-02-13 00:00:00-05:00,89.20999908447266,90.3499984741211,89.20999908447266,89.98999786376953,53.77979278564453,6000900.0
2015-02-17 00:00:00-05:00,89.0999984741211,90.58000183105469,88.12999725341797,89.94000244140625,53.74991989135742,3967800.0
2015-02-18 00:00:00-05:00,88.1500015258789,89.52999877929688,87.80999755859375,89.48999786376953,53.48099136352539,2998700.0
2015-02-19 00:00:00-05:00,88.19000244140625,91.44999694824219,87.45999908447266,91.23999786376953,54.526832580566406,4946500.0
2015-02-20 00:00:00-05:00,90.66999816894531,91.13999938964844,89.37000274658203,90.47000122070312,54.066654205322266,4922900.0
2015-02-23 00:00:00-05:00,89.94999694824219,91.79000091552734,89.54000091552734,91.55000305175781,54.712074279785156,4000100.0
2015-02-24 00:00:00-05:00,91.81999969482422,91.98999786376953,90.51000213623047,91.31999969482422,54.57463836669922,3168000.0
2015-02-25 00:00:00-05:00,91.52999877929688,91.75,89.5,89.58999633789062,53.54075622558594,3449600.0
2015-02-26 00:00:00-05:00,88.30000305175781,89.52999877929688,85.63999938964844,86.75,52.25177001953125,6015000.0
2015-02-27 00:00:00-05:00,86.87999725341797,88.01000213623047,85.86000061035156,85.91000366210938,51.74583435058594,3891900.0
2015-03-02 00:00:00-05:00,85.91000366210938,86.29000091552734,84.05000305175781,86.0999984741211,51.86027526855469,4474700.0
2015-03-03 00:00:00-05:00,85.63999938964844,86.83000183105469,85.4000015258789,86.48999786376953,52.09518051147461,3095100.0
2015-03-04 00:00:00-05:00,85.98999786376953,87.4000015258789,85.5,87.23999786376953,52.54692077636719,3092800.0
2015-03-05 00:00:00-05:00,87.08000183105469,88.13999938964844,86.44999694824219,87.9800033569336,52.99262619018555,4889900.0
2015-03-06 00:00:00-05:00,86.48999786376953,87.87000274658203,86.36000061035156,87.4000015258789,52.643287658691406,5861700.0
2015-03-09 00:00:00-04:00,87.5,88.5,87.48999786376953,87.5999984741211,52.76375961303711,2951700.0
2015-03-10 00:00:00-04:00,86.33999633789062,86.58999633789062,84.05999755859375,84.37999725341797,50.82427215576172,4497000.0
2015-03-11 00:00:00-04:00,84.63999938964844,85.47000122070312,83.80999755859375,85.11000061035156,51.26396942138672,2827000.0
2015-03-12 00:00:00-04:00,85.19999694824219,86.88999938964844,85.19999694824219,86.0199966430664,51.81207275390625,3027200.0
2015-03-13 00:00:00-04:00,85.29000091552734,85.45999908447266,83.20999908447266,83.72000122070312,50.42672348022461,3159400.0
2015-03-16 00:00:00-04:00,83.93000030517578,85.36000061035156,82.3499984741211,85.2699966430664,51.36033248901367,3220400.0
2015-03-17 00:00:00-04:00,84.25,84.70999908447266,81.7699966430664,82.66000366210938,49.788265228271484,6033400.0
2015-03-18 00:00:00-04:00,82.4000015258789,87.0,81.76000213623047,86.80999755859375,52.28792953491211,4938500.0
2015-03-19 00:00:00-04:00,85.9000015258789,86.29000091552734,84.70999908447266,85.0199966430664,51.209754943847656,2808800.0
2015-03-20 00:00:00-04:00,85.56999969482422,86.20999908447266,85.30999755859375,85.52999877929688,51.51693344116211,7202900.0
2015-03-23 00:00:00-04:00,86.12999725341797,87.68000030517578,86.01000213623047,86.37999725341797,52.0289192199707,2711400.0
2015-03-24 00:00:00-04:00,86.70999908447266,86.8499984741211,85.62000274658203,86.04000091552734,51.82412338256836,1876500.0
2015-03-25 00:00:00-04:00,86.47000122070312,87.31999969482422,85.33999633789062,85.4000015258789,51.438636779785156,2426300.0
2015-03-26 00:00:00-04:00,86.0,88.58999633789062,86.0,87.86000061035156,52.920379638671875,4983400.0
2015-03-27 00:00:00-04:00,88.45999908447266,88.56999969482422,85.69999694824219,86.55999755859375,52.13734436035156,4408700.0
2015-03-30 00:00:00-04:00,87.27999877929688,88.25,87.26000213623047,87.7699966430664,52.866153717041016,3006200.0
2015-03-31 00:00:00-04:00,87.04000091552734,88.18000030517578,86.30999755859375,87.80000305175781,52.884220123291016,2765800.0
2015-04-01 00:00:00-04:00,88.33000183105469,88.79000091552734,87.02999877929688,88.62999725341797,53.38414001464844,3556200.0
2015-04-02 00:00:00-04:00,88.31999969482422,89.4800033569336,87.97000122070312,87.9800033569336,52.99262619018555,3919000.0
2015-04-06 00:00:00-04:00,88.30000305175781,91.76000213623047,88.08000183105469,90.94999694824219,54.78156280517578,4443900.0
2015-04-07 00:00:00-04:00,90.5199966430664,91.93000030517578,90.13999938964844,91.83000183105469,55.31159210205078,5250700.0
2015-04-08 00:00:00-04:00,92.05000305175781,92.63999938964844,91.16000366210938,91.26000213623047,54.96826934814453,4694300.0
2015-04-09 00:00:00-04:00,91.58999633789062,92.62000274658203,90.44000244140625,90.73999786376953,54.655067443847656,4364500.0
2015-04-10 00:00:00-04:00,91.27999877929688,91.5,90.45999908447266,91.41000366210938,55.05861282348633,2519500.0
2015-04-13 00:00:00-04:00,91.72000122070312,91.94999694824219,90.95999908447266,91.0999984741211,54.87190628051758,1809300.0
2015-04-14 00:00:00-04:00,91.72000122070312,93.6500015258789,91.63999938964844,93.30000305175781,56.19702911376953,3130500.0
2015-04-15 00:00:00-04:00,93.91999816894531,97.0,93.8499984741211,96.5199966430664,58.13650894165039,5097500.0
2015-04-16 00:00:00-04:00,96.4800033569336,96.69999694824219,95.5,95.91000366210938,57.76907730102539,3138200.0
2015-04-17 00:00:00-04:00,94.91000366210938,95.95999908447266,94.5199966430664,95.6500015258789,57.61247634887695,4089500.0
2015-04-20 00:00:00-04:00,95.93000030517578,96.81999969482422,95.83999633789062,96.3499984741211,58.034122467041016,2648200.0
2015-04-21 00:00:00-04:00,96.3499984741211,96.68000030517578,95.16999816894531,96.55000305175781,58.154571533203125,3251700.0
2015-04-22 00:00:00-04:00,96.58000183105469,97.56999969482422,95.8499984741211,97.11000061035156,58.49187088012695,2594600.0
2015-04-23 00:00:00-04:00,96.9800033569336,98.48999786376953,96.73999786376953,97.56999969482422,58.76895523071289,3187900.0
2015-04-24 00:00:00-04:00,100.61000061035156,102.11000061035156,98.70999908447266,100.83000183105469,60.7325325012207,6306300.0
2015-04-27 00:00:00-04:00,101.4000015258789,103.7699966430664,101.08999633789062,103.52999877929688,62.358802795410156,6129400.0
2015-04-28 00:00:00-04:00,102.23999786376953,104.16000366210938,101.5999984741211,104.13999938964844,62.726219177246094,6156900.0
2015-04-29 00:00:00-04:00,102.5199966430664,105.19999694824219,101.5,104.44999694824219,62.9129524230957,6294000.0
2015-04-30 00:00:00-04:00,104.0999984741211,105.2300033569336,103.18000030517578,103.5199966430664,62.35275650024414,3846400.0
2015-05-01 00:00:00-04:00,104.30999755859375,105.0999984741211,103.05000305175781,104.5,62.94305419921875,3724200.0
2015-05-04 00:00:00-04:00,104.75,104.95999908447266,103.69999694824219,103.87000274658203,62.56360626220703,2939200.0
2015-05-05 00:00:00-04:00,104.27999877929688,105.94999694824219,102.4800033569336,102.97000122070312,62.021514892578125,4511100.0
2015-05-06 00:00:00-04:00,104.25,104.98999786376953,102.83000183105469,103.26000213623047,62.19617462158203,4341500.0
2015-05-07 00:00:00-04:00,101.37999725341797,102.4800033569336,100.0199966430664,101.79000091552734,61.31075668334961,4461100.0
2015-05-08 00:00:00-04:00,107.02999877929688,107.31999969482422,102.66000366210938,103.83000183105469,62.539493560791016,3905800.0
2015-05-11 00:00:00-04:00,103.83999633789062,104.37999725341797,103.2699966430664,103.41999816894531,62.292545318603516,2007600.0
2015-05-12 00:00:00-04:00,103.1500015258789,104.3499984741211,102.33999633789062,103.2300033569336,62.17811965942383,2169300.0
2015-05-13 00:00:00-04:00,103.36000061035156,105.18000030517578,103.20999908447266,104.4000015258789,62.8828239440918,3190600.0
2015-05-14 00:00:00-04:00,104.9000015258789,105.77999877929688,103.95999908447266,104.20999908447266,62.76841354370117,2451700.0
2015-05-15 00:00:00-04:00,103.7699966430664,104.81999969482422,102.83999633789062,104.73999786376953,63.08761215209961,2438700.0
2015-05-18 00:00:00-04:00,104.19999694824219,104.66000366210938,103.33999633789062,104.4000015258789,62.8828239440918,1949400.0
2015-05-19 00:00:00-04:00,103.55999755859375,104.06999969482422,100.16999816894531,101.2300033569336,60.97344970703125,4413200.0
2015-05-20 00:00:00-04:00,101.51000213623047,102.43000030517578,100.81999969482422,101.80999755859375,61.32280731201172,2459900.0
2015-05-21 00:00:00-04:00,101.9000015258789,104.12000274658203,101.9000015258789,103.41999816894531,62.292545318603516,2077600.0
2015-05-22 00:00:00-04:00,103.12000274658203,103.8499984741211,102.23999786376953,102.9000015258789,61.979339599609375,2071200.0
2015-05-26 00:00:00-04:00,101.87999725341797,102.11000061035156,99.80000305175781,100.62000274658203,60.606056213378906,3000000.0
2015-05-27 00:00:00-04:00,100.7300033569336,101.81999969482422,99.91999816894531,101.33999633789062,61.039695739746094,2669300.0
2015-05-28 00:00:00-04:00,99.63999938964844,101.55000305175781,99.63999938964844,101.45999908447266,61.11199951171875,2599700.0
2015-05-29 00:00:00-04:00,101.12000274658203,102.37000274658203,100.73999786376953,101.0999984741211,60.89516830444336,4396700.0
2015-06-01 00:00:00-04:00,101.79000091552734,102.41000366210938,100.63999938964844,101.43000030517578,61.09393310546875,2130800.0
2015-06-02 00:00:00-04:00,101.36000061035156,103.33000183105469,101.36000061035156,102.31999969482422,61.6300048828125,3617500.0
2015-06-03 00:00:00-04:00,103.02999877929688,104.3499984741211,102.61000061035156,102.77999877929688,61.90705108642578,4929600.0
2015-06-04 00:00:00-04:00,100.83999633789062,101.19000244140625,99.4000015258789,99.4800033569336,59.91937255859375,5154400.0
2015-06-05 00:00:00-04:00,99.2699966430664,100.62000274658203,98.62000274658203,99.68000030517578,60.03985595703125,3291900.0
2015-06-08 00:00:00-04:00,99.77999877929688,100.37999725341797,99.33999633789062,99.4800033569336,59.91937255859375,2726600.0
2015-06-09 00:00:00-04:00,100.30000305175781,102.69999694824219,100.23999786376953,101.83000183105469,61.334869384765625,3013700.0
2015-06-10 00:00:00-04:00,103.0,104.91000366210938,102.66999816894531,104.05999755859375,62.67803192138672,3442400.0
2015-06-11 00:00:00-04:00,104.26000213623047,104.79000091552734,103.80999755859375,104.31999969482422,62.83464813232422,1907800.0
2015-06-12 00:00:00-04:00,103.94999694824219,104.58000183105469,103.5,104.27999877929688,62.81055450439453,2091900.0
2015-06-15 00:00:00-04:00,103.05999755859375,104.30999755859375,102.48999786376953,103.87000274658203,62.56360626220703,1649800.0
2015-06-16 00:00:00-04:00,103.38999938964844,104.7699966430664,102.72000122070312,104.66999816894531,63.04547119140625,1764000.0
2015-06-17 00:00:00-04:00,105.22000122070312,105.72000122070312,102.55999755859375,103.63999938964844,62.4250373840332,4748200.0
2015-06-18 00:00:00-04:00,104.51000213623047,105.37999725341797,103.76000213623047,104.81999969482422,63.135807037353516,3366200.0
2015-06-19 00:00:00-04:00,104.5199966430664,105.05000305175781,103.93000030517578,103.94000244140625,62.60575866699219,3179800.0
2015-06-22 00:00:00-04:00,104.97000122070312,105.4800033569336,104.01000213623047,104.95999908447266,63.22013473510742,2012100.0
2015-06-23 00:00:00-04:00,105.0,105.33000183105469,103.70999908447266,104.44999694824219,62.9129524230957,3171600.0
2015-06-24 00:00:00-04:00,104.6500015258789,105.0999984741211,103.76000213623047,104.80999755859375,63.129764556884766,2980500.0
2015-06-25 00:00:00-04:00,105.16999816894531,106.5,104.88999938964844,106.12999725341797,63.924861907958984,2883300.0
2015-06-26 00:00:00-04:00,105.7300033569336,106.36000061035156,104.31999969482422,104.62999725341797,63.0213623046875,2860200.0
2015-06-29 00:00:00-04:00,102.63999938964844,103.62000274658203,101.55000305175781,101.62000274658203,61.208351135253906,2936800.0
2015-06-30 00:00:00-04:00,102.37000274658203,104.94999694824219,102.25,103.5199966430664,62.35275650024414,3005900.0
2015-07-01 00:00:00-04:00,104.1500015258789,104.66000366210938,100.5,101.05999755859375,60.871055603027344,4304700.0
2015-07-02 00:00:00-04:00,101.5,102.02999877929688,101.02999877929688,101.6500015258789,61.226436614990234,2396000.0
2015-07-06 00:00:00-04:00,100.0,101.55999755859375,98.62999725341797,98.75,59.479679107666016,3860400.0
2015-07-07 00:00:00-04:00,98.80000305175781,99.0,94.29000091552734,97.62000274658203,58.7990837097168,9028200.0
2015-07-08 00:00:00-04:00,96.44999694824219,96.83999633789062,94.45999908447266,95.06999969482422,57.263118743896484,3426200.0
2015-07-09 00:00:00-04:00,96.81999969482422,98.93000030517578,96.68000030517578,97.30999755859375,58.612361907958984,3585400.0
2015-07-10 00:00:00-04:00,98.5199966430664,99.05999755859375,97.58999633789062,98.37999725341797,59.2568244934082,2130400.0
2015-07-13 00:00:00-04:00,99.12999725341797,99.95999908447266,98.87999725341797,99.44999694824219,59.90130615234375,2078700.0
2015-07-14 00:00:00-04:00,99.33999633789062,101.4000015258789,99.02999877929688,101.12000274658203,60.90721130371094,3021700.0
2015-07-15 00:00:00-04:00,100.9800033569336,101.37000274658203,99.5,100.30000305175781,60.413291931152344,2225400.0
2015-07-16 00:00:00-04:00,100.75,101.48999786376953,99.91000366210938,100.75,60.6843376159668,1975700.0
2015-07-17 00:00:00-04:00,100.43000030517578,100.43000030517578,96.91000366210938,97.5,58.72678756713867,3825200.0
2015-07-20 00:00:00-04:00,97.05000305175781,97.5,95.31999969482422,96.2300033569336,57.96183395385742,3873500.0
2015-07-21 00:00:00-04:00,96.37000274658203,97.55999755859375,95.19000244140625,96.05999755859375,57.85942459106445,3223800.0
2015-07-22 00:00:00-04:00,95.94999694824219,96.27999877929688,95.0999984741211,95.70999908447266,57.64861297607422,2980000.0
2015-07-23 00:00:00-04:00,96.08999633789062,96.11000061035156,93.77999877929688,93.80000305175781,56.49820327758789,4504800.0
2015-07-24 00:00:00-04:00,93.98999786376953,93.98999786376953,88.51000213623047,90.37000274658203,54.43220520019531,6388500.0
2015-07-27 00:00:00-04:00,89.04000091552734,90.69999694824219,88.76000213623047,89.8499984741211,54.11898422241211,4871200.0
2015-07-28 00:00:00-04:00,93.23999786376953,93.36000061035156,88.69999694824219,92.45999908447266,55.69106674194336,6223800.0
2015-07-29 00:00:00-04:00,92.94999694824219,94.98999786376953,91.2699966430664,93.76000213623047,56.47407531738281,5471600.0
2015-07-30 00:00:00-04:00,93.80000305175781,94.19999694824219,92.66000366210938,94.1500015258789,56.709007263183594,2351400.0
2015-07-31 00:00:00-04:00,94.94000244140625,95.75,93.5,93.83000183105469,56.51624298095703,3303000.0
2015-08-03 00:00:00-04:00,93.3499984741211,93.52999877929688,89.05999755859375,90.06999969482422,54.25148010253906,6221200.0
2015-08-04 00:00:00-04:00,90.52999877929688,91.93000030517578,90.44000244140625,91.55999755859375,55.14896011352539,3098800.0
2015-08-05 00:00:00-04:00,92.44999694824219,93.45999908447266,90.88999938964844,91.63999938964844,55.197147369384766,3867900.0
2015-08-06 00:00:00-04:00,91.4000015258789,92.0999984741211,90.01000213623047,90.18000030517578,54.317752838134766,3443100.0
2015-08-07 00:00:00-04:00,89.80000305175781,90.5199966430664,86.87000274658203,86.98999786376953,52.396324157714844,4421800.0
2015-08-10 00:00:00-04:00,87.5,91.5,86.36000061035156,91.41999816894531,55.06465148925781,4384200.0
2015-08-11 00:00:00-04:00,89.2699966430664,89.55000305175781,88.1500015258789,89.36000061035156,53.8238410949707,3525400.0
2015-08-12 00:00:00-04:00,87.93000030517578,89.81999969482422,87.30000305175781,89.37999725341797,53.835899353027344,3899300.0
2015-08-13 00:00:00-04:00,89.48999786376953,89.87999725341797,88.48999786376953,89.27999877929688,53.77566909790039,3137300.0
2015-08-14 00:00:00-04:00,89.08999633789062,90.0999984741211,86.55000305175781,87.11000061035156,52.4686164855957,4581000.0
2015-08-17 00:00:00-04:00,86.76000213623047,87.69999694824219,85.5,87.31999969482422,52.59508514404297,3411200.0
2015-08-18 00:00:00-04:00,87.19000244140625,87.69000244140625,85.91999816894531,86.18000030517578,51.908447265625,3215300.0
2015-08-19 00:00:00-04:00,85.30999755859375,85.69000244140625,82.80000305175781,84.93000030517578,51.155540466308594,5802000.0
2015-08-20 00:00:00-04:00,84.4800033569336,85.76000213623047,83.79000091552734,83.91000366210938,50.541160583496094,4695800.0
2015-08-21 00:00:00-04:00,82.86000061035156,83.47000122070312,80.1500015258789,80.25,48.79021072387695,6246500.0
2015-08-24 00:00:00-04:00,75.0,80.69000244140625,72.76000213623047,77.25,46.96626281738281,7916800.0
2015-08-25 00:00:00-04:00,81.75,82.2300033569336,77.6500015258789,77.72000122070312,47.252010345458984,7428200.0
2015-08-26 00:00:00-04:00,80.7699966430664,81.58000183105469,79.73999786376953,80.9000015258789,49.18539047241211,7122200.0
2015-08-27 00:00:00-04:00,83.0,85.94000244140625,82.61000061035156,85.26000213623047,51.83617401123047,6441000.0
2015-08-28 00:00:00-04:00,84.0199966430664,86.3499984741211,84.0199966430664,85.43000030517578,51.939517974853516,4249100.0
2015-08-31 00:00:00-04:00,83.23999786376953,86.16999816894531,82.5,85.37999725341797,51.909122467041016,3472500.0
2015-09-01 00:00:00-04:00,82.30999755859375,84.81999969482422,81.11000061035156,81.55000305175781,49.580570220947266,4562700.0
2015-09-02 00:00:00-04:00,82.9800033569336,82.9800033569336,80.94000244140625,82.76000213623047,50.31622314453125,3565800.0
2015-09-03 00:00:00-04:00,83.33999633789062,84.12999725341797,82.1500015258789,82.69000244140625,50.27367401123047,3706800.0
2015-09-04 00:00:00-04:00,80.81999969482422,81.76000213623047,79.77999877929688,80.25,48.79021072387695,4031700.0
2015-09-08 00:00:00-04:00,81.88999938964844,83.5,81.69999694824219,83.16999816894531,50.56548309326172,3429000.0
2015-09-09 00:00:00-04:00,85.01000213623047,86.08000183105469,82.66000366210938,83.12000274658203,50.53510665893555,5653900.0
2015-09-10 00:00:00-04:00,82.87999725341797,85.02999877929688,82.77999877929688,84.11000061035156,51.136985778808594,3701000.0
2015-09-11 00:00:00-04:00,83.48999786376953,83.97000122070312,82.62000274658203,83.7699966430664,50.93029022216797,3845200.0
2015-09-14 00:00:00-04:00,83.68000030517578,83.7300033569336,81.6500015258789,82.38999938964844,50.09126663208008,3496100.0
2015-09-15 00:00:00-04:00,82.80000305175781,84.41000366210938,82.6500015258789,83.77999877929688,50.93635940551758,3989700.0
2015-09-16 00:00:00-04:00,84.30000305175781,87.41999816894531,83.66999816894531,87.30000305175781,53.076438903808594,3935700.0
2015-09-17 00:00:00-04:00,86.2699966430664,87.62000274658203,85.86000061035156,86.19999694824219,52.40765380859375,4302200.0
2015-09-18 00:00:00-04:00,84.52999877929688,85.7699966430664,84.01000213623047,85.69000244140625,52.09761047363281,6854800.0
2015-09-21 00:00:00-04:00,86.22000122070312,87.51000213623047,85.73999786376953,86.76000213623047,52.748130798339844,3102100.0
2015-09-22 00:00:00-04:00,85.0199966430664,85.69000244140625,84.0199966430664,84.93000030517578,51.63554000854492,3770900.0
2015-09-23 00:00:00-04:00,84.93000030517578,85.86000061035156,83.08999633789062,83.19999694824219,50.58373260498047,3066200.0
2015-09-24 00:00:00-04:00,82.16000366210938,84.30000305175781,80.81999969482422,83.8499984741211,50.97892761230469,4057700.0
2015-09-25 00:00:00-04:00,85.05000305175781,85.2300033569336,83.66999816894531,84.51000213623047,51.380191802978516,2758900.0
2015-09-28 00:00:00-04:00,83.48999786376953,83.66000366210938,80.22000122070312,80.5999984741211,49.00299072265625,3504700.0
2015-09-29 00:00:00-04:00,80.83999633789062,81.9000015258789,80.13999938964844,80.95999908447266,49.221858978271484,3733000.0
2015-09-30 00:00:00-04:00,82.33000183105469,84.05999755859375,81.95999908447266,83.36000061035156,50.68101119995117,3580500.0
2015-10-01 00:00:00-04:00,84.72000122070312,87.04000091552734,84.12999725341797,85.9800033569336,52.27391815185547,5318500.0
2015-10-02 00:00:00-04:00,83.93000030517578,88.47000122070312,83.83999633789062,88.43000030517578,53.763458251953125,2967800.0
2015-10-05 00:00:00-04:00,89.48999786376953,91.29000091552734,89.37000274658203,90.55000305175781,55.0523681640625,4334000.0
2015-10-06 00:00:00-04:00,90.87999725341797,94.56999969482422,90.52999877929688,93.62999725341797,56.92493438720703,4996400.0
2015-10-07 00:00:00-04:00,95.2300033569336,96.62999725341797,92.7699966430664,95.58999633789062,58.116580963134766,5468700.0
2015-10-08 00:00:00-04:00,95.56999969482422,97.51000213623047,95.16000366210938,97.5,59.277809143066406,3712300.0
2015-10-09 00:00:00-04:00,98.1500015258789,98.25,94.7300033569336,95.44999694824219,58.031455993652344,5172600.0
2015-10-12 00:00:00-04:00,94.70999908447266,94.79000091552734,91.95999908447266,92.68000030517578,56.347347259521484,4156200.0
2015-10-13 00:00:00-04:00,92.12999725341797,94.44000244140625,91.73999786376953,92.27999877929688,56.10415267944336,4469500.0
2015-10-14 00:00:00-04:00,92.5,94.52999877929688,92.0,94.1500015258789,57.2411003112793,2982000.0
2015-10-15 00:00:00-04:00,93.75,94.1500015258789,91.48999786376953,93.4000015258789,56.785099029541016,4289700.0
2015-10-16 00:00:00-04:00,94.66000366210938,95.23999786376953,92.52999877929688,94.16000366210938,57.24715805053711,3321500.0
2015-10-19 00:00:00-04:00,93.44999694824219,93.70999908447266,92.4000015258789,93.36000061035156,56.76077651977539,3647900.0
2015-10-20 00:00:00-04:00,93.33000183105469,95.4000015258789,92.73999786376953,93.33999633789062,56.74861526489258,3158600.0
2015-10-21 00:00:00-04:00,93.93000030517578,94.0,90.83999633789062,91.25,55.47793960571289,4963400.0
2015-10-22 00:00:00-04:00,93.2699966430664,94.61000061035156,92.91999816894531,94.51000213623047,57.459957122802734,5116200.0
2015-10-23 00:00:00-04:00,95.16000366210938,95.5,90.75,94.16000366210938,57.24715805053711,5286700.0
2015-10-26 00:00:00-04:00,93.83999633789062,94.54000091552734,92.4000015258789,92.41000366210938,56.18321228027344,3254700.0
2015-10-27 00:00:00-04:00,91.38999938964844,92.38999938964844,89.6500015258789,90.43000030517578,54.97941589355469,5199200.0
2015-10-28 00:00:00-04:00,90.91000366210938,92.9800033569336,90.23999786376953,92.1500015258789,56.025123596191406,5376500.0
2015-10-29 00:00:00-04:00,91.58000183105469,92.47000122070312,91.55999755859375,92.0,55.93394088745117,3095500.0
2015-10-30 00:00:00-04:00,92.27999877929688,93.56999969482422,91.62999725341797,92.91000366210938,56.48720169067383,5478900.0
2015-11-02 00:00:00-05:00,92.69000244140625,94.29000091552734,92.26000213623047,93.62000274658203,56.918861389160156,3314700.0
2015-11-03 00:00:00-05:00,93.58999633789062,96.19999694824219,93.5,95.30999755859375,57.946346282958984,4619900.0
2015-11-04 00:00:00-05:00,95.58000183105469,96.5,94.97000122070312,95.41999816894531,58.013214111328125,4021000.0
2015-11-05 00:00:00-05:00,94.83000183105469,95.81999969482422,93.87999725341797,94.98999786376953,57.75178909301758,3028900.0
2015-11-06 00:00:00-05:00,94.55000305175781,96.22000122070312,94.19999694824219,96.18000030517578,58.475276947021484,3653000.0
2015-11-09 00:00:00-05:00,95.77999877929688,96.77999877929688,94.2300033569336,94.48999786376953,57.44780349731445,2484700.0
2015-11-10 00:00:00-05:00,94.33000183105469,94.72000122070312,92.12999725341797,93.47000122070312,56.82767868041992,2729800.0
2015-11-11 00:00:00-05:00,93.77999877929688,94.43000030517578,92.33999633789062,92.52999877929688,56.25617218017578,2149900.0
2015-11-12 00:00:00-05:00,90.75,91.0,88.7699966430664,90.05000305175781,54.7484016418457,4101900.0
2015-11-13 00:00:00-05:00,90.0999984741211,92.27999877929688,90.08000183105469,91.77999877929688,55.8001823425293,3130500.0
2015-11-16 00:00:00-05:00,91.8499984741211,94.5199966430664,91.62999725341797,94.41999816894531,57.405235290527344,2861700.0
2015-11-17 00:00:00-05:00,94.0,95.37000274658203,93.0,93.98999786376953,57.14381408691406,2828000.0
2015-11-18 00:00:00-05:00,94.37999725341797,95.12000274658203,93.98999786376953,95.06999969482422,57.8004264831543,2870300.0
2015-11-19 00:00:00-05:00,94.8499984741211,95.0999984741211,92.9000015258789,93.12000274658203,57.08321762084961,2332300.0
2015-11-20 00:00:00-05:00,93.44999694824219,94.93000030517578,93.13999938964844,93.29000091552734,57.18742752075195,2252500.0
2015-11-23 00:00:00-05:00,93.62000274658203,95.08999633789062,93.5999984741211,94.41999816894531,57.880123138427734,2672200.0
2015-11-24 00:00:00-05:00,94.2699966430664,96.81999969482422,93.93000030517578,96.31999969482422,59.044822692871094,3666000.0
2015-11-25 00:00:00-05:00,96.0199966430664,96.87000274658203,95.2699966430664,95.94999694824219,58.8180046081543,2031800.0
2015-11-27 00:00:00-05:00,94.4800033569336,95.88999938964844,94.4800033569336,95.16000366210938,58.333736419677734,1115100.0
2015-11-30 00:00:00-05:00,95.61000061035156,96.80000305175781,95.41000366210938,95.81999969482422,58.738338470458984,2828400.0
2015-12-01 00:00:00-05:00,96.0,97.19999694824219,95.70999908447266,97.08000183105469,59.510719299316406,3352500.0
2015-12-02 00:00:00-05:00,96.37000274658203,96.81999969482422,94.5,95.08000183105469,58.284698486328125,2541500.0
2015-12-03 00:00:00-05:00,95.66000366210938,96.30000305175781,94.27999877929688,95.16999816894531,58.33986282348633,3879900.0
2015-12-04 00:00:00-05:00,94.94000244140625,96.63999938964844,93.88999938964844,96.33000183105469,59.050968170166016,3582900.0
2015-12-07 00:00:00-05:00,95.5,95.62999725341797,89.56999969482422,90.48999786376953,55.47099685668945,5429100.0
2015-12-08 00:00:00-05:00,88.69999694824219,89.37000274658203,85.81999969482422,87.37000274658203,53.55841827392578,7115000.0
2015-12-09 00:00:00-05:00,88.25,90.97000122070312,87.41000366210938,88.83000183105469,54.453399658203125,6489800.0
2015-12-10 00:00:00-05:00,88.30000305175781,88.94999694824219,87.13999938964844,87.5,53.63809585571289,2526100.0
2015-12-11 00:00:00-05:00,86.0,87.2300033569336,85.19999694824219,85.58000183105469,52.46113204956055,4169100.0
2015-12-14 00:00:00-05:00,85.33999633789062,85.80999755859375,83.22000122070312,85.72000122070312,52.54696273803711,4247300.0
2015-12-15 00:00:00-05:00,86.95999908447266,89.30999755859375,86.80999755859375,88.05000305175781,53.975257873535156,4245100.0
2015-12-16 00:00:00-05:00,88.61000061035156,90.12999725341797,87.55999755859375,88.93000030517578,54.514713287353516,3632400.0
2015-12-17 00:00:00-05:00,89.30000305175781,89.36000061035156,87.36000061035156,87.69000244140625,53.75456619262695,2498600.0
2015-12-18 00:00:00-05:00,87.44000244140625,89.58999633789062,87.05999755859375,87.52999877929688,53.656490325927734,6437700.0
2015-12-21 00:00:00-05:00,87.97000122070312,88.62999725341797,86.30999755859375,86.9800033569336,53.31934356689453,3024700.0
2015-12-22 00:00:00-05:00,88.05999755859375,88.05999755859375,86.62999725341797,87.08999633789062,53.38679122924805,2816800.0
2015-12-23 00:00:00-05:00,88.16999816894531,89.80000305175781,87.72000122070312,89.75,55.017372131347656,2862600.0
2015-12-24 00:00:00-05:00,89.44999694824219,89.88999938964844,88.16999816894531,88.16999816894531,54.04880905151367,1314900.0
2015-12-28 00:00:00-05:00,87.70999908447266,87.87000274658203,86.7699966430664,86.91999816894531,53.28256607055664,2168900.0
2015-12-29 00:00:00-05:00,87.7699966430664,89.0,87.7699966430664,88.66000366210938,54.349205017089844,2085100.0
2015-12-30 00:00:00-05:00,88.06999969482422,88.79000091552734,87.55000305175781,87.76000213623047,53.797489166259766,1240100.0
2015-12-31 00:00:00-05:00,87.0,87.9000015258789,86.87999725341797,86.9000015258789,53.27030563354492,1804400.0
2016-01-04 00:00:00-05:00,86.27999877929688,87.2699966430664,85.55000305175781,87.18000030517578,53.441932678222656,2657300.0
2016-01-05 00:00:00-05:00,87.81999969482422,88.33999633789062,86.25,87.63999938964844,53.72393035888672,2333600.0
2016-01-06 00:00:00-05:00,85.11000061035156,85.56999969482422,82.66000366210938,83.51000213623047,51.192195892333984,3824000.0
2016-01-07 00:00:00-05:00,82.37999725341797,82.56999969482422,79.62000274658203,80.08999633789062,49.095726013183594,5271000.0
2016-01-08 00:00:00-05:00,80.5199966430664,81.52999877929688,79.1500015258789,79.58999633789062,48.789215087890625,4011900.0
2016-01-11 00:00:00-05:00,78.83000183105469,78.9800033569336,75.52999877929688,76.33000183105469,46.79082489013672,6074900.0
2016-01-12 00:00:00-05:00,77.44000244140625,78.2699966430664,75.83999633789062,78.1500015258789,47.906497955322266,4539500.0
2016-01-13 00:00:00-05:00,79.75,79.75,74.81999969482422,74.94000244140625,45.938743591308594,5040500.0
2016-01-14 00:00:00-05:00,74.91000366210938,77.66999816894531,73.94000244140625,76.37000274658203,46.81534957885742,4797900.0
2016-01-15 00:00:00-05:00,74.72000122070312,75.93000030517578,74.13999938964844,74.9800033569336,45.963260650634766,4970400.0
2016-01-19 00:00:00-05:00,75.0199966430664,75.97000122070312,72.18000030517578,73.9800033569336,45.35026168823242,5176100.0
2016-01-20 00:00:00-05:00,71.73999786376953,73.41000366210938,69.0999984741211,72.33999633789062,44.34492111206055,5215700.0
2016-01-21 00:00:00-05:00,72.43000030517578,74.79000091552734,71.55000305175781,74.58999633789062,45.724178314208984,4437500.0
2016-01-22 00:00:00-05:00,77.43000030517578,80.0,77.12999725341797,78.48999786376953,48.11491012573242,6191400.0
2016-01-25 00:00:00-05:00,78.5,78.58000183105469,75.80000305175781,75.83999633789062,46.490440368652344,4050100.0
2016-01-26 00:00:00-05:00,76.44000244140625,77.66999816894531,75.55000305175781,77.62000274658203,47.58159255981445,3629700.0
2016-01-27 00:00:00-05:00,77.20999908447266,78.62000274658203,76.0199966430664,76.70999908447266,47.02375793457031,2994100.0
2016-01-28 00:00:00-05:00,78.75,80.19000244140625,77.16000366210938,77.38999938964844,47.44060516357422,3831900.0
2016-01-29 00:00:00-05:00,77.51000213623047,78.51000213623047,76.08000183105469,77.97000122070312,47.79615020751953,5172200.0
2016-02-01 00:00:00-05:00,77.58999633789062,77.95999908447266,76.0,77.25,47.35478591918945,5507600.0
2016-02-02 00:00:00-05:00,75.2300033569336,76.27999877929688,73.81999969482422,75.19999694824219,46.09812545776367,5035900.0
2016-02-03 00:00:00-05:00,75.38999938964844,76.44999694824219,71.5,75.4800033569336,46.2697639465332,6170100.0
2016-02-04 00:00:00-05:00,75.81999969482422,80.45999908447266,75.81999969482422,79.66000366210938,48.832130432128906,5640500.0
2016-02-05 00:00:00-05:00,78.83999633789062,81.3499984741211,78.62999725341797,79.75,48.88731384277344,5351900.0
2016-02-08 00:00:00-05:00,78.30999755859375,78.33999633789062,73.13999938964844,75.72000122070312,46.4168815612793,5161600.0
2016-02-09 00:00:00-05:00,75.0,76.47000122070312,74.06999969482422,75.72000122070312,46.4168815612793,3909400.0
2016-02-10 00:00:00-05:00,75.58999633789062,77.61000061035156,74.55000305175781,75.0199966430664,45.987770080566406,2236800.0
2016-02-11 00:00:00-05:00,73.30000305175781,74.73999786376953,72.1500015258789,73.43000030517578,45.01309585571289,4018800.0
2016-02-12 00:00:00-05:00,74.87000274658203,76.52999877929688,73.44000244140625,76.45999908447266,46.87051010131836,3533100.0
2016-02-16 00:00:00-05:00,77.61000061035156,78.38999938964844,76.9000015258789,77.93000030517578,47.771644592285156,3706600.0
2016-02-17 00:00:00-05:00,79.0,81.04000091552734,78.55000305175781,79.0999984741211,48.48885726928711,3789400.0
2016-02-18 00:00:00-05:00,79.5,80.25,78.72000122070312,80.19999694824219,49.16315841674805,3711600.0
2016-02-19 00:00:00-05:00,79.66000366210938,80.0,77.93000030517578,78.13999938964844,47.90035629272461,3250100.0
2016-02-22 00:00:00-05:00,78.13999938964844,81.38999938964844,78.13999938964844,80.55999755859375,49.38383865356445,2729500.0
2016-02-23 00:00:00-05:00,80.08999633789062,80.30999755859375,76.58999633789062,77.0,47.201534271240234,2662100.0
2016-02-24 00:00:00-05:00,76.0,78.41000366210938,75.04000091552734,78.25,47.96779251098633,3358200.0
2016-02-25 00:00:00-05:00,77.45999908447266,78.55999755859375,76.33000183105469,78.18000030517578,48.40740203857422,2567100.0
2016-02-26 00:00:00-05:00,80.63999938964844,81.16000366210938,79.47000122070312,80.16999816894531,49.63956832885742,3526800.0
2016-02-29 00:00:00-05:00,80.5199966430664,82.01000213623047,79.94000244140625,80.20999908447266,49.66434097290039,4193300.0
2016-03-01 00:00:00-05:00,81.08999633789062,81.61000061035156,79.75,80.88999938964844,50.085384368896484,3816800.0
2016-03-02 00:00:00-05:00,81.36000061035156,81.56999969482422,79.38999938964844,80.43000030517578,49.800575256347656,3638600.0
2016-03-03 00:00:00-05:00,80.16999816894531,80.9000015258789,79.72000122070312,79.9000015258789,49.4724006652832,3608300.0
2016-03-04 00:00:00-05:00,80.38999938964844,83.23999786376953,79.75,82.0,50.77267074584961,5472400.0
2016-03-07 00:00:00-05:00,82.12000274658203,84.26000213623047,81.93000030517578,84.23999786376953,52.15962600708008,3567300.0
2016-03-08 00:00:00-05:00,83.19000244140625,84.08000183105469,80.54000091552734,80.58000183105469,49.89344787597656,6366400.0
2016-03-09 00:00:00-05:00,81.94999694824219,82.91999816894531,80.88999938964844,82.58999633789062,51.13797378540039,7156100.0
2016-03-10 00:00:00-05:00,82.68000030517578,85.04000091552734,82.36000061035156,84.9800033569336,52.61783218383789,4738600.0
2016-03-11 00:00:00-05:00,86.48999786376953,87.83000183105469,86.25,87.4800033569336,54.165771484375,4436600.0
2016-03-14 00:00:00-04:00,86.80999755859375,87.44999694824219,84.63999938964844,84.75,52.47541809082031,4337400.0
2016-03-15 00:00:00-04:00,83.69999694824219,84.6500015258789,82.5199966430664,84.22000122070312,52.14725875854492,4304400.0
2016-03-16 00:00:00-04:00,83.30000305175781,86.41999816894531,83.30000305175781,86.33000183105469,53.45371627807617,3289100.0
2016-03-17 00:00:00-04:00,86.55000305175781,89.18000030517578,86.54000091552734,88.5999984741211,54.859256744384766,4898200.0
2016-03-18 00:00:00-04:00,89.72000122070312,89.98999786376953,86.79000091552734,87.62000274658203,54.2524528503418,9606400.0
2016-03-21 00:00:00-04:00,87.62000274658203,88.16000366210938,85.52999877929688,86.19999694824219,53.373226165771484,3486000.0
2016-03-22 00:00:00-04:00,85.79000091552734,86.69999694824219,84.8499984741211,86.06999969482422,53.29273986816406,2974800.0
2016-03-23 00:00:00-04:00,85.8499984741211,85.91999816894531,84.26000213623047,84.70999908447266,52.450653076171875,3714200.0
2016-03-24 00:00:00-04:00,83.61000061035156,85.4000015258789,83.29000091552734,85.37000274658203,52.85930633544922,2736400.0
2016-03-28 00:00:00-04:00,85.52999877929688,85.58000183105469,84.66000366210938,85.11000061035156,52.698307037353516,1805400.0
2016-03-29 00:00:00-04:00,84.37999725341797,85.30999755859375,83.6500015258789,85.19000244140625,52.74785232543945,2963100.0
2016-03-30 00:00:00-04:00,85.9000015258789,86.91000366210938,85.38999938964844,85.9000015258789,53.18747329711914,2704600.0
2016-03-31 00:00:00-04:00,86.06999969482422,87.2300033569336,85.4000015258789,85.58000183105469,52.98932647705078,2413200.0
2016-04-01 00:00:00-04:00,84.5,86.91000366210938,83.58000183105469,86.83000183105469,53.76331329345703,2740600.0
2016-04-04 00:00:00-04:00,86.73999786376953,87.68000030517578,85.97000122070312,86.16000366210938,53.34845733642578,2082000.0
2016-04-05 00:00:00-04:00,84.87000274658203,85.29000091552734,84.23999786376953,84.87000274658203,52.54972839355469,2559400.0
2016-04-06 00:00:00-04:00,85.11000061035156,86.33999633789062,84.02999877929688,86.2300033569336,53.39180374145508,2850600.0
2016-04-07 00:00:00-04:00,85.38999938964844,86.0999984741211,84.11000061035156,84.38999938964844,52.25252914428711,2166500.0
2016-04-08 00:00:00-04:00,85.7699966430664,86.7699966430664,82.23999786376953,83.87000274658203,51.930545806884766,6172900.0
2016-04-11 00:00:00-04:00,84.69000244140625,86.6500015258789,84.47000122070312,85.19000244140625,52.74785232543945,2582200.0
2016-04-12 00:00:00-04:00,85.81999969482422,88.16000366210938,85.44999694824219,87.87999725341797,54.41345977783203,3389800.0
2016-04-13 00:00:00-04:00,88.69000244140625,89.66999816894531,87.61000061035156,88.4000015258789,54.735408782958984,3205200.0
2016-04-14 00:00:00-04:00,89.37000274658203,89.37000274658203,87.9000015258789,88.4000015258789,54.735408782958984,1838000.0
2016-04-15 00:00:00-04:00,88.75,89.30999755859375,88.06999969482422,88.1500015258789,54.580623626708984,2541100.0
2016-04-18 00:00:00-04:00,88.1500015258789,88.79000091552734,85.33000183105469,88.4800033569336,54.78493881225586,2151500.0
2016-04-19 00:00:00-04:00,89.12999725341797,91.23999786376953,89.12999725341797,91.0999984741211,56.40721130371094,3483400.0
2016-04-20 00:00:00-04:00,90.80999755859375,91.41000366210938,90.12999725341797,90.44000244140625,55.99855041503906,2584300.0
2016-04-21 00:00:00-04:00,90.88999938964844,93.75,90.48999786376953,90.69000244140625,56.153343200683594,4673300.0
2016-04-22 00:00:00-04:00,93.1500015258789,93.1500015258789,88.30999755859375,90.19999694824219,55.84993362426758,5242000.0
2016-04-25 00:00:00-04:00,89.16999816894531,90.0,87.94999694824219,88.25,54.642539978027344,3272300.0
2016-04-26 00:00:00-04:00,88.8499984741211,90.06999969482422,88.58000183105469,89.63999938964844,55.50318908691406,2597900.0
2016-04-27 00:00:00-04:00,89.55000305175781,90.27999877929688,88.01000213623047,89.16000366210938,55.20600509643555,3680800.0
2016-04-28 00:00:00-04:00,88.36000061035156,89.0,86.11000061035156,86.36000061035156,53.47229766845703,3555700.0
2016-04-29 00:00:00-04:00,85.66000366210938,86.05999755859375,81.5999984741211,82.66999816894531,51.18751525878906,6077700.0
2016-05-02 00:00:00-04:00,83.0,84.18000030517578,82.0,83.81999969482422,51.899593353271484,3874400.0
2016-05-03 00:00:00-04:00,82.61000061035156,83.33999633789062,81.1500015258789,82.97000122070312,51.373287200927734,3860200.0
2016-05-04 00:00:00-04:00,82.0999984741211,82.9800033569336,81.18000030517578,81.4000015258789,50.40117645263672,3241800.0
2016-05-05 00:00:00-04:00,81.91999816894531,82.93000030517578,81.30000305175781,81.62000274658203,50.537376403808594,2786500.0
2016-05-06 00:00:00-04:00,81.44000244140625,82.5,81.20999908447266,82.0999984741211,50.8345947265625,1922000.0
2016-05-09 00:00:00-04:00,81.54000091552734,82.5,80.05000305175781,81.16000366210938,50.2525520324707,2623400.0
2016-05-10 00:00:00-04:00,81.36000061035156,82.62999725341797,81.0,82.31999969482422,50.9708137512207,2940900.0
2016-05-11 00:00:00-04:00,82.33000183105469,83.0,81.26000213623047,81.87000274658203,50.69218063354492,2386900.0
2016-05-12 00:00:00-04:00,83.2300033569336,83.5,81.08000183105469,81.25,50.30830764770508,2590700.0
2016-05-13 00:00:00-04:00,81.02999877929688,82.3499984741211,80.38999938964844,80.72000122070312,49.980133056640625,2549300.0
2016-05-16 00:00:00-04:00,81.05000305175781,83.79000091552734,80.80000305175781,83.2699966430664,51.55902862548828,3504300.0
2016-05-17 00:00:00-04:00,83.05999755859375,85.0,83.0,83.88999938964844,51.94292449951172,3539900.0
2016-05-18 00:00:00-04:00,83.1500015258789,83.7699966430664,81.20999908447266,81.62000274658203,50.537376403808594,2727100.0
2016-05-19 00:00:00-04:00,81.56999969482422,81.66000366210938,80.01000213623047,80.83000183105469,50.0482292175293,3164500.0
2016-05-20 00:00:00-04:00,80.69999694824219,81.58999633789062,80.06999969482422,80.44000244140625,50.336082458496094,2224200.0
2016-05-23 00:00:00-04:00,80.12000274658203,81.0199966430664,79.83999633789062,80.0999984741211,50.12331008911133,2187700.0
2016-05-24 00:00:00-04:00,80.38999938964844,80.58000183105469,79.80000305175781,80.44999694824219,50.34233856201172,3141800.0
2016-05-25 00:00:00-04:00,81.20999908447266,82.98999786376953,81.0999984741211,82.70999908447266,51.75655746459961,3050300.0
2016-05-26 00:00:00-04:00,82.98999786376953,83.69999694824219,81.33999633789062,81.37000274658203,50.91805648803711,1850500.0
2016-05-27 00:00:00-04:00,81.12000274658203,81.97000122070312,80.69999694824219,81.4000015258789,50.93682098388672,1913800.0
2016-05-31 00:00:00-04:00,81.87000274658203,82.19999694824219,81.0,81.36000061035156,50.91178512573242,3238200.0
2016-06-01 00:00:00-04:00,80.69999694824219,82.75,80.08999633789062,82.5,51.62515640258789,2625100.0
2016-06-02 00:00:00-04:00,81.88999938964844,81.98999786376953,80.0999984741211,80.58000183105469,50.42369842529297,3679200.0
2016-06-03 00:00:00-04:00,80.30999755859375,80.38999938964844,78.6500015258789,79.76000213623047,49.910579681396484,3455900.0
2016-06-06 00:00:00-04:00,80.41000366210938,81.95999908447266,79.97000122070312,81.51000213623047,51.00566101074219,3380100.0
2016-06-07 00:00:00-04:00,81.87000274658203,82.87000274658203,81.16999816894531,82.30999755859375,51.50625228881836,3514900.0
2016-06-08 00:00:00-04:00,82.7300033569336,83.51000213623047,82.12999725341797,82.3499984741211,51.53129196166992,2700400.0
2016-06-09 00:00:00-04:00,81.61000061035156,81.61000061035156,79.7699966430664,79.91999816894531,50.010684967041016,4533700.0
2016-06-10 00:00:00-04:00,79.11000061035156,81.16000366210938,78.93000030517578,80.47000122070312,50.3548583984375,3743000.0
2016-06-13 00:00:00-04:00,79.66000366210938,80.54000091552734,78.86000061035156,79.22000122070312,49.572662353515625,3670600.0
2016-06-14 00:00:00-04:00,79.0,80.62000274658203,77.38999938964844,78.6500015258789,49.21596908569336,5036700.0
2016-06-15 00:00:00-04:00,79.04000091552734,80.25,78.83000183105469,79.11000061035156,49.50382614135742,3209400.0
2016-06-16 00:00:00-04:00,78.31999969482422,79.2300033569336,77.70999908447266,79.08999633789062,49.491302490234375,2969500.0
2016-06-17 00:00:00-04:00,79.18000030517578,80.23999786376953,78.94999694824219,80.05000305175781,50.09203338623047,3674900.0
2016-06-20 00:00:00-04:00,80.87999725341797,82.5999984741211,79.58000183105469,79.61000061035156,49.81670379638672,4025700.0
2016-06-21 00:00:00-04:00,79.86000061035156,80.2699966430664,78.5,78.91000366210938,49.37868118286133,3326800.0
2016-06-22 00:00:00-04:00,79.56999969482422,79.80000305175781,78.8499984741211,78.97000122070312,49.41621017456055,1543900.0
2016-06-23 00:00:00-04:00,78.62999725341797,79.62000274658203,78.08999633789062,79.05000305175781,49.46628189086914,3999800.0
2016-06-24 00:00:00-04:00,77.38999938964844,77.38999938964844,74.73999786376953,74.91000366210938,46.87563705444336,7179600.0
2016-06-27 00:00:00-04:00,73.7699966430664,73.94000244140625,69.81999969482422,71.31999969482422,44.629146575927734,8556000.0
2016-06-28 00:00:00-04:00,72.79000091552734,74.30999755859375,70.62999725341797,72.33999633789062,45.26742935180664,4994600.0
2016-06-29 00:00:00-04:00,73.75,74.33000183105469,72.97000122070312,74.01000213623047,46.31245040893555,2796300.0
2016-06-30 00:00:00-04:00,74.51000213623047,74.62999725341797,73.20999908447266,74.41999816894531,46.56900405883789,3750700.0
2016-07-01 00:00:00-04:00,74.5999984741211,75.77999877929688,74.08999633789062,74.69000244140625,46.737972259521484,2845700.0
2016-07-05 00:00:00-04:00,73.87999725341797,73.98999786376953,72.45999908447266,72.8499984741211,45.586570739746094,3557700.0
2016-07-06 00:00:00-04:00,72.70999908447266,73.13999938964844,71.4800033569336,73.11000061035156,45.749271392822266,4557800.0
2016-07-07 00:00:00-04:00,73.63999938964844,75.19999694824219,73.45999908447266,74.5199966430664,46.63158416748047,3480200.0
2016-07-08 00:00:00-04:00,75.45999908447266,77.2699966430664,75.29000091552734,76.73999786376953,48.02077102661133,2928100.0
2016-07-11 00:00:00-04:00,77.1500015258789,77.7699966430664,75.81999969482422,75.95999908447266,47.53268051147461,3653200.0
2016-07-12 00:00:00-04:00,76.62000274658203,78.08999633789062,76.58999633789062,77.45999908447266,48.47132110595703,3516900.0
2016-07-13 00:00:00-04:00,77.5199966430664,77.8499984741211,76.1500015258789,76.76000213623047,48.03328323364258,3017200.0
2016-07-14 00:00:00-04:00,78.0,78.4000015258789,77.27999877929688,77.61000061035156,48.565181732177734,2861500.0
2016-07-15 00:00:00-04:00,77.97000122070312,78.3499984741211,77.44000244140625,77.91000366210938,48.75291061401367,2303000.0
2016-07-18 00:00:00-04:00,77.55000305175781,78.66000366210938,77.3499984741211,78.5,49.12211227416992,1891200.0
2016-07-19 00:00:00-04:00,78.19999694824219,79.1500015258789,77.83999633789062,78.73999786376953,49.272300720214844,2393800.0
2016-07-20 00:00:00-04:00,78.55999755859375,79.86000061035156,78.20999908447266,79.4800033569336,49.73536682128906,2120500.0
2016-07-21 00:00:00-04:00,79.13999938964844,80.23999786376953,78.9800033569336,79.08999633789062,49.491302490234375,2200300.0
2016-07-22 00:00:00-04:00,79.08999633789062,79.37999725341797,78.12999725341797,78.16000366210938,48.909358978271484,3137300.0
2016-07-25 00:00:00-04:00,77.98999786376953,78.87999725341797,77.70999908447266,78.87000274658203,49.35364532470703,2258800.0
2016-07-26 00:00:00-04:00,78.7699966430664,79.2699966430664,78.31999969482422,78.8499984741211,49.341129302978516,1684900.0
2016-07-27 00:00:00-04:00,78.97000122070312,79.16000366210938,77.79000091552734,78.13999938964844,48.896827697753906,2337100.0
2016-07-28 00:00:00-04:00,77.9000015258789,79.41000366210938,77.58000183105469,79.0199966430664,49.447509765625,2795600.0
2016-07-29 00:00:00-04:00,76.25,76.25,73.7699966430664,75.26000213623047,47.09463882446289,7180300.0
2016-08-01 00:00:00-04:00,75.26000213623047,75.43000030517578,74.26000213623047,74.88999938964844,46.86311340332031,3864900.0
2016-08-02 00:00:00-04:00,74.52999877929688,74.88999938964844,71.75,71.97000122070312,45.03589630126953,5507100.0
2016-08-03 00:00:00-04:00,72.05999755859375,73.86000061035156,71.55000305175781,73.55999755859375,46.030853271484375,2898400.0
2016-08-04 00:00:00-04:00,73.45999908447266,74.9000015258789,73.41000366210938,74.33999633789062,46.51893997192383,3147700.0
2016-08-05 00:00:00-04:00,74.63999938964844,75.36000061035156,74.33999633789062,74.5,46.619083404541016,2988900.0
2016-08-08 00:00:00-04:00,74.7699966430664,75.62999725341797,74.58999633789062,75.41999816894531,47.194766998291016,3085100.0
2016-08-09 00:00:00-04:00,75.63999938964844,75.73999786376953,74.38999938964844,74.55000305175781,46.65037536621094,2534100.0
2016-08-10 00:00:00-04:00,74.9000015258789,75.44999694824219,74.33000183105469,74.4000015258789,46.55649948120117,2287100.0
2016-08-11 00:00:00-04:00,74.7300033569336,76.9000015258789,74.41999816894531,76.62999725341797,47.95193862915039,3454500.0
2016-08-12 00:00:00-04:00,75.51000213623047,76.5,74.98999786376953,75.33000183105469,47.66718292236328,2574500.0
2016-08-15 00:00:00-04:00,75.48999786376953,77.87999725341797,75.48999786376953,77.48999786376953,49.033973693847656,3263900.0
2016-08-16 00:00:00-04:00,77.7300033569336,78.11000061035156,76.75,76.80000305175781,48.597373962402344,3478000.0
2016-08-17 00:00:00-04:00,76.54000091552734,77.45999908447266,76.30000305175781,77.19000244140625,48.84416198730469,3111000.0
2016-08-18 00:00:00-04:00,77.43000030517578,78.2699966430664,76.76000213623047,78.11000061035156,49.42631149291992,3108300.0
2016-08-19 00:00:00-04:00,77.77999877929688,80.33000183105469,77.77999877929688,79.87000274658203,50.53999328613281,4193300.0
2016-08-22 00:00:00-04:00,79.2699966430664,79.5,78.37000274658203,78.43000030517578,49.62879180908203,2687600.0
2016-08-23 00:00:00-04:00,79.19000244140625,79.9800033569336,78.30000305175781,78.97000122070312,49.970497131347656,2487400.0
2016-08-24 00:00:00-04:00,78.70999908447266,79.37000274658203,77.94000244140625,78.08999633789062,49.41364669799805,2139800.0
2016-08-25 00:00:00-04:00,78.0999984741211,79.70999908447266,77.95999908447266,78.94000244140625,49.95152282714844,2341900.0
2016-08-26 00:00:00-04:00,79.37000274658203,80.33000183105469,78.75,79.16999816894531,50.0970573425293,2841800.0
2016-08-29 00:00:00-04:00,79.08000183105469,79.75,79.08000183105469,79.66999816894531,50.41345977783203,1776500.0
2016-08-30 00:00:00-04:00,79.66999816894531,80.44999694824219,78.51000213623047,79.94000244140625,50.58429718017578,2059500.0
2016-08-31 00:00:00-04:00,79.52999877929688,80.33000183105469,78.33000183105469,78.88999938964844,49.91986846923828,2838000.0
2016-09-01 00:00:00-04:00,78.87000274658203,79.2699966430664,78.22000122070312,78.4800033569336,49.66044998168945,2415900.0
2016-09-02 00:00:00-04:00,79.2300033569336,80.02999877929688,79.12999725341797,79.72000122070312,50.445091247558594,1677500.0
2016-09-06 00:00:00-04:00,79.66000366210938,79.97000122070312,78.4000015258789,79.47000122070312,50.286888122558594,2501000.0
2016-09-07 00:00:00-04:00,79.20999908447266,80.29000091552734,79.13999938964844,79.5,50.305877685546875,2937100.0
2016-09-08 00:00:00-04:00,79.58999633789062,79.76000213623047,78.27999877929688,78.52999877929688,49.692073822021484,3423200.0
2016-09-09 00:00:00-04:00,78.22000122070312,78.9800033569336,76.16999816894531,76.19000244140625,48.211387634277344,3804000.0
2016-09-12 00:00:00-04:00,75.7300033569336,77.25,75.55000305175781,76.75,48.56572723388672,3050400.0
2016-09-13 00:00:00-04:00,75.83000183105469,76.29000091552734,74.0199966430664,74.47000122070312,47.12299728393555,3696000.0
2016-09-14 00:00:00-04:00,74.52999877929688,75.73999786376953,74.08000183105469,75.45999908447266,47.749427795410156,7890600.0
2016-09-15 00:00:00-04:00,75.45999908447266,76.66999816894531,75.33000183105469,76.5199966430664,48.42019271850586,4585100.0
2016-09-16 00:00:00-04:00,75.91999816894531,77.30999755859375,75.55999755859375,77.12000274658203,48.79985046386719,5193600.0
2016-09-19 00:00:00-04:00,77.87000274658203,78.79000091552734,77.76000213623047,78.44000244140625,49.63512420654297,2882300.0
2016-09-20 00:00:00-04:00,78.70999908447266,78.98999786376953,77.47000122070312,77.54000091552734,49.06563186645508,2835700.0
2016-09-21 00:00:00-04:00,78.0999984741211,78.80000305175781,77.5199966430664,78.13999938964844,49.445289611816406,3230900.0
2016-09-22 00:00:00-04:00,78.6500015258789,79.33999633789062,78.01000213623047,78.18000030517578,49.47060775756836,1873900.0
2016-09-23 00:00:00-04:00,77.83999633789062,78.36000061035156,77.38999938964844,77.38999938964844,48.970706939697266,2132400.0
2016-09-26 00:00:00-04:00,77.33999633789062,77.33999633789062,76.33000183105469,76.48999786376953,48.401214599609375,2373300.0
2016-09-27 00:00:00-04:00,76.1500015258789,77.86000061035156,75.76000213623047,77.77999877929688,49.217506408691406,3777700.0
2016-09-28 00:00:00-04:00,78.2300033569336,80.06999969482422,77.19000244140625,80.0,50.62226104736328,4113900.0
2016-09-29 00:00:00-04:00,79.9800033569336,81.75,79.8499984741211,80.47000122070312,50.91967010498047,4314100.0
2016-09-30 00:00:00-04:00,80.83999633789062,81.44000244140625,80.29000091552734,80.66000366210938,51.03990173339844,3776700.0
2016-10-03 00:00:00-04:00,80.8499984741211,81.01000213623047,79.97000122070312,80.83999633789062,51.15378952026367,3204400.0
2016-10-04 00:00:00-04:00,81.11000061035156,81.94999694824219,79.44000244140625,79.83999633789062,50.521018981933594,3076600.0
2016-10-05 00:00:00-04:00,80.4800033569336,82.44999694824219,80.37999725341797,81.33000183105469,51.463863372802734,3249700.0
2016-10-06 00:00:00-04:00,81.31999969482422,84.58999633789062,81.19999694824219,84.08999633789062,53.21034240722656,5045100.0
2016-10-07 00:00:00-04:00,83.83999633789062,83.94000244140625,80.95999908447266,81.44000244140625,51.5334587097168,3353000.0
2016-10-10 00:00:00-04:00,82.20999908447266,83.31999969482422,81.98999786376953,82.26000213623047,52.052337646484375,2351200.0
2016-10-11 00:00:00-04:00,81.5,81.7699966430664,79.8499984741211,80.30000305175781,50.812095642089844,3283000.0
2016-10-12 00:00:00-04:00,80.25,80.45999908447266,79.16000366210938,80.0,50.62226104736328,2106900.0
2016-10-13 00:00:00-04:00,78.94000244140625,80.19999694824219,78.12000274658203,79.9000015258789,50.55898666381836,2854000.0
2016-10-14 00:00:00-04:00,80.87000274658203,81.4000015258789,79.55000305175781,79.55000305175781,50.3375129699707,2735300.0
2016-10-17 00:00:00-04:00,79.5,80.12000274658203,78.9800033569336,79.52999877929688,50.32485580444336,3454100.0
2016-10-18 00:00:00-04:00,80.83000183105469,81.5,80.08000183105469,80.18000030517578,50.73616027832031,4162400.0
2016-10-19 00:00:00-04:00,80.41000366210938,81.83999633789062,79.6500015258789,81.6500015258789,51.66635513305664,2887700.0
2016-10-20 00:00:00-04:00,81.12000274658203,82.3499984741211,81.04000091552734,81.55999755859375,51.60942077636719,2089200.0
2016-10-21 00:00:00-04:00,80.97000122070312,81.9800033569336,80.69999694824219,81.87000274658203,51.80556106567383,2772600.0
2016-10-24 00:00:00-04:00,81.94999694824219,82.95999908447266,81.33000183105469,81.62000274658203,51.6473503112793,1798000.0
2016-10-25 00:00:00-04:00,81.6500015258789,81.79000091552734,79.80999755859375,79.95999908447266,50.59694290161133,3571800.0
2016-10-26 00:00:00-04:00,79.37000274658203,80.51000213623047,79.16000366210938,80.3499984741211,50.84373474121094,2242300.0
2016-10-27 00:00:00-04:00,81.13999938964844,81.16000366210938,79.93000030517578,80.25,50.780460357666016,1567800.0
2016-10-28 00:00:00-04:00,80.5199966430664,81.41999816894531,79.54000091552734,80.27999877929688,50.79944610595703,2118700.0
2016-10-31 00:00:00-04:00,80.08000183105469,80.23999786376953,79.4000015258789,79.55000305175781,50.3375129699707,4374300.0
2016-11-01 00:00:00-04:00,80.01000213623047,80.55000305175781,77.2300033569336,78.20999908447266,49.489593505859375,4303200.0
2016-11-02 00:00:00-04:00,77.94000244140625,78.13999938964844,76.70999908447266,77.38999938964844,48.970706939697266,3749400.0
2016-11-03 00:00:00-04:00,77.69999694824219,78.58000183105469,77.56999969482422,78.30999755859375,49.55286407470703,2764300.0
2016-11-04 00:00:00-04:00,78.48999786376953,79.19999694824219,77.63999938964844,78.44999694824219,49.641448974609375,2701300.0
2016-11-07 00:00:00-05:00,79.63999938964844,80.12999725341797,78.94999694824219,79.16000366210938,50.090721130371094,1938200.0
2016-11-08 00:00:00-05:00,78.88999938964844,79.4000015258789,77.87000274658203,78.94999694824219,49.957862854003906,2009000.0
2016-11-09 00:00:00-05:00,78.27999877929688,81.7300033569336,77.8499984741211,80.94000244140625,51.21707534790039,2918900.0
2016-11-10 00:00:00-05:00,81.33999633789062,84.37000274658203,81.12000274658203,83.3499984741211,52.74205780029297,4628100.0
2016-11-11 00:00:00-05:00,83.20999908447266,83.72000122070312,80.9000015258789,82.19999694824219,52.01438903808594,3754200.0
2016-11-14 00:00:00-05:00,82.2300033569336,82.6500015258789,80.68000030517578,82.4000015258789,52.14093017578125,3539900.0
2016-11-15 00:00:00-05:00,82.0999984741211,83.48999786376953,82.0999984741211,83.41999816894531,52.78635787963867,3564400.0
2016-11-16 00:00:00-05:00,83.23999786376953,83.94000244140625,82.63999938964844,83.19999694824219,52.64717102050781,2971500.0
2016-11-17 00:00:00-05:00,83.7699966430664,83.80999755859375,82.70999908447266,83.01000213623047,52.526920318603516,2380300.0
2016-11-18 00:00:00-05:00,82.72000122070312,83.33999633789062,82.5999984741211,83.12000274658203,52.596534729003906,1901000.0
2016-11-21 00:00:00-05:00,83.69999694824219,85.19999694824219,83.54000091552734,85.16000366210938,53.88737869262695,3355300.0
2016-11-22 00:00:00-05:00,85.62000274658203,85.87000274658203,84.88999938964844,85.7699966430664,54.273399353027344,2860500.0
2016-11-23 00:00:00-05:00,85.37000274658203,86.66999816894531,85.0,86.63999938964844,54.82392120361328,2853100.0
2016-11-25 00:00:00-05:00,85.79000091552734,86.7300033569336,85.70999908447266,86.66999816894531,55.38627624511719,1853800.0
2016-11-28 00:00:00-05:00,86.70999908447266,86.9800033569336,85.38999938964844,85.58000183105469,54.68971252441406,3687200.0
2016-11-29 00:00:00-05:00,84.76000213623047,85.12000274658203,83.05999755859375,83.72000122070312,53.5010871887207,4271200.0
2016-11-30 00:00:00-05:00,85.79000091552734,90.98999786376953,85.79000091552734,90.31999969482422,57.718780517578125,8648700.0
2016-12-01 00:00:00-05:00,90.97000122070312,92.68000030517578,90.63999938964844,91.18000030517578,58.26838684082031,6803300.0
2016-12-02 00:00:00-05:00,90.8499984741211,91.0,88.66000366210938,89.13999938964844,56.96471405029297,3804900.0
2016-12-05 00:00:00-05:00,90.01000213623047,90.58000183105469,87.9800033569336,88.5999984741211,56.61963653564453,4147500.0
2016-12-06 00:00:00-05:00,88.22000122070312,88.22000122070312,87.05000305175781,87.77999877929688,56.095603942871094,3601100.0
2016-12-07 00:00:00-05:00,87.98999786376953,89.5999984741211,87.5199966430664,89.41000366210938,57.137264251708984,2239000.0
2016-12-08 00:00:00-05:00,89.44999694824219,90.80999755859375,88.9000015258789,90.54000091552734,57.85938262939453,2741600.0
2016-12-09 00:00:00-05:00,90.4800033569336,90.69999694824219,88.05999755859375,88.41999816894531,56.50461196899414,3021400.0
2016-12-12 00:00:00-05:00,89.08999633789062,89.91999816894531,88.91999816894531,89.58999633789062,57.25228500366211,3411700.0
2016-12-13 00:00:00-05:00,89.41000366210938,89.9000015258789,88.48999786376953,89.62000274658203,57.27145767211914,2414600.0
2016-12-14 00:00:00-05:00,89.13999938964844,89.80000305175781,87.69999694824219,88.08999633789062,56.29371643066406,3031000.0
2016-12-15 00:00:00-05:00,87.5,89.04000091552734,86.31999969482422,88.83000183105469,56.76661682128906,3684400.0
2016-12-16 00:00:00-05:00,89.11000061035156,89.12000274658203,88.30000305175781,88.68000030517578,56.67074966430664,6179100.0
2016-12-19 00:00:00-05:00,88.94000244140625,89.1500015258789,87.30999755859375,88.13999938964844,56.325679779052734,1931700.0
2016-12-20 00:00:00-05:00,88.44999694824219,88.95999908447266,87.80000305175781,88.12999725341797,56.31927490234375,1708200.0
2016-12-21 00:00:00-05:00,88.22000122070312,88.22000122070312,87.45999908447266,87.7699966430664,56.0892219543457,2155500.0
2016-12-22 00:00:00-05:00,88.01000213623047,88.16000366210938,86.91999816894531,87.52999877929688,55.935848236083984,1458500.0
2016-12-23 00:00:00-05:00,87.44999694824219,87.7300033569336,86.95999908447266,87.69999694824219,56.04448318481445,842500.0
2016-12-27 00:00:00-05:00,87.80999755859375,88.25,86.88999938964844,87.0999984741211,55.66105651855469,1139000.0
2016-12-28 00:00:00-05:00,87.37000274658203,87.69999694824219,85.93000030517578,86.37999725341797,55.20094299316406,1283300.0
2016-12-29 00:00:00-05:00,86.44000244140625,87.0199966430664,85.73999786376953,86.01000213623047,54.96449661254883,1583800.0
2016-12-30 00:00:00-05:00,86.29000091552734,86.29000091552734,85.13999938964844,85.77999877929688,54.817508697509766,1831400.0
2017-01-03 00:00:00-05:00,87.0199966430664,87.80000305175781,85.87000274658203,86.87999725341797,55.52046585083008,2560300.0
2017-01-04 00:00:00-05:00,87.25,89.27999877929688,87.2300033569336,88.79000091552734,56.74105453491211,3022900.0
2017-01-05 00:00:00-05:00,88.4000015258789,89.58999633789062,87.91000366210938,88.68000030517578,56.67074966430664,2330800.0
2017-01-06 00:00:00-05:00,88.81999969482422,88.87999725341797,87.37999725341797,88.16999816894531,56.3448371887207,1937600.0
2017-01-09 00:00:00-05:00,87.80999755859375,88.5,86.79000091552734,86.88999938964844,55.52686309814453,3227400.0
2017-01-10 00:00:00-05:00,87.0199966430664,87.54000091552734,86.30000305175781,86.87999725341797,55.52046585083008,2707900.0
2017-01-11 00:00:00-05:00,87.18000030517578,88.45999908447266,86.55999755859375,88.44000244140625,56.517398834228516,2841000.0
2017-01-12 00:00:00-05:00,88.44999694824219,90.0,88.19999694824219,89.62000274658203,57.27145767211914,3429400.0
2017-01-13 00:00:00-05:00,89.7300033569336,90.69999694824219,89.25,89.7300033569336,57.34175109863281,1920000.0
2017-01-17 00:00:00-05:00,89.63999938964844,90.22000122070312,89.37000274658203,89.97000122070312,57.4951286315918,2778100.0
2017-01-18 00:00:00-05:00,89.98999786376953,90.70999908447266,89.61000061035156,90.05000305175781,57.54625701904297,2030500.0
2017-01-19 00:00:00-05:00,90.23999786376953,90.47000122070312,89.05999755859375,89.76000213623047,57.36093521118164,2095200.0
2017-01-20 00:00:00-05:00,90.91999816894531,91.94999694824219,90.16000366210938,90.88999938964844,58.08305740356445,3372700.0
2017-01-23 00:00:00-05:00,90.58999633789062,91.19999694824219,90.2300033569336,91.16000366210938,58.2556037902832,2396700.0
2017-01-24 00:00:00-05:00,91.87999725341797,95.88999938964844,91.75,95.12999725341797,60.79262161254883,4948400.0
2017-01-25 00:00:00-05:00,95.0999984741211,96.83000183105469,94.19000244140625,96.37999725341797,61.5914421081543,4606500.0
2017-01-26 00:00:00-05:00,95.81999969482422,97.63999938964844,94.87999725341797,95.38999938964844,60.958770751953125,4841400.0
2017-01-27 00:00:00-05:00,95.31999969482422,95.68000030517578,94.4800033569336,95.30000305175781,60.901248931884766,2579300.0
2017-01-30 00:00:00-05:00,94.97000122070312,94.97000122070312,93.63999938964844,94.30000305175781,60.2622184753418,2846600.0
2017-01-31 00:00:00-05:00,93.7699966430664,93.87999725341797,92.80999755859375,93.2699966430664,59.60398864746094,3850100.0
2017-02-01 00:00:00-05:00,93.75,95.37999725341797,93.68000030517578,95.06999969482422,60.7542610168457,2506300.0
2017-02-02 00:00:00-05:00,94.86000061035156,95.19000244140625,93.4000015258789,93.75,59.91072463989258,4174800.0
2017-02-03 00:00:00-05:00,93.75,95.91999816894531,93.0,94.69000244140625,60.51143264770508,5093800.0
2017-02-06 00:00:00-05:00,94.20999908447266,95.41999816894531,94.12000274658203,94.94000244140625,60.67118835449219,2788400.0
2017-02-07 00:00:00-05:00,93.16999816894531,94.20999908447266,91.4000015258789,92.3499984741211,59.01606750488281,4435000.0
2017-02-08 00:00:00-05:00,92.4000015258789,92.5,91.33000183105469,91.66000366210938,58.57511901855469,4523100.0
2017-02-09 00:00:00-05:00,91.66000366210938,92.80999755859375,91.66000366210938,92.23999786376953,58.94577407836914,3110500.0
2017-02-10 00:00:00-05:00,92.0,92.79000091552734,91.37000274658203,91.86000061035156,58.70294189453125,3765200.0
2017-02-13 00:00:00-05:00,92.66999816894531,92.77999877929688,91.76000213623047,92.22000122070312,58.932979583740234,2646700.0
2017-02-14 00:00:00-05:00,92.30000305175781,93.25,92.05999755859375,93.1500015258789,59.52729415893555,1991000.0
2017-02-15 00:00:00-05:00,93.0199966430664,93.27999877929688,92.3499984741211,93.08999633789062,59.48896026611328,1765000.0
2017-02-16 00:00:00-05:00,93.0,93.54000091552734,92.41999816894531,92.69000244140625,59.233333587646484,1698400.0
2017-02-17 00:00:00-05:00,92.47000122070312,93.5,92.25,92.91000366210938,59.37393569946289,2401800.0
2017-02-21 00:00:00-05:00,93.23999786376953,94.70999908447266,92.86000061035156,94.5199966430664,60.402793884277344,2704500.0
2017-02-22 00:00:00-05:00,94.0199966430664,94.79000091552734,93.66999816894531,94.01000213623047,60.076900482177734,2244400.0
2017-02-23 00:00:00-05:00,94.22000122070312,94.6500015258789,92.5999984741211,93.12999725341797,59.514530181884766,2015100.0
2017-02-24 00:00:00-05:00,92.2300033569336,92.5,91.36000061035156,92.43000030517578,59.067176818847656,2639200.0
2017-02-27 00:00:00-05:00,91.31999969482422,92.63999938964844,90.58000183105469,91.33000183105469,58.364227294921875,2683900.0
2017-02-28 00:00:00-05:00,91.0199966430664,91.68000030517578,89.86000061035156,91.23999786376953,58.306724548339844,4352800.0
2017-03-01 00:00:00-05:00,92.61000061035156,94.83000183105469,92.55000305175781,93.88999938964844,60.00022888183594,3413400.0
2017-03-02 00:00:00-05:00,92.94000244140625,93.51000213623047,92.22000122070312,92.29000091552734,59.51652526855469,2671900.0
2017-03-03 00:00:00-05:00,92.30000305175781,92.66999816894531,91.73999786376953,92.23999786376953,59.48430252075195,1672600.0
2017-03-06 00:00:00-05:00,91.94999694824219,92.31999969482422,91.4000015258789,91.55000305175781,59.03931427001953,2361900.0
2017-03-07 00:00:00-05:00,91.33000183105469,91.5,90.26000213623047,91.2300033569336,58.832950592041016,2455300.0
2017-03-08 00:00:00-05:00,91.19000244140625,91.5,89.5199966430664,89.79000091552734,57.90433120727539,2968300.0
2017-03-09 00:00:00-05:00,89.9000015258789,89.91000366210938,88.61000061035156,89.5,57.7172966003418,3085600.0
2017-03-10 00:00:00-05:00,90.06999969482422,90.08999633789062,88.80999755859375,89.79000091552734,57.90433120727539,2666400.0
2017-03-13 00:00:00-04:00,89.83999633789062,90.31999969482422,89.54000091552734,90.18000030517578,58.15581130981445,1673600.0
2017-03-14 00:00:00-04:00,89.19999694824219,89.41000366210938,87.9000015258789,88.58000183105469,57.12401580810547,3030500.0
2017-03-15 00:00:00-04:00,89.66999816894531,91.4000015258789,89.23999786376953,90.88999938964844,58.61370086669922,3070100.0
2017-03-16 00:00:00-04:00,91.12000274658203,91.18000030517578,90.08999633789062,90.3499984741211,58.26546096801758,1900800.0
2017-03-17 00:00:00-04:00,90.6500015258789,90.9800033569336,90.01000213623047,90.08000183105469,58.091331481933594,2405900.0
2017-03-20 00:00:00-04:00,90.12999725341797,90.47000122070312,89.33000183105469,90.30000305175781,58.23319625854492,1694100.0
2017-03-21 00:00:00-04:00,90.23999786376953,90.87999725341797,87.94999694824219,88.1500015258789,56.84669494628906,2728600.0
2017-03-22 00:00:00-04:00,88.16999816894531,88.68000030517578,87.58999633789062,88.1500015258789,56.84669494628906,2252200.0
2017-03-23 00:00:00-04:00,88.05000305175781,89.05999755859375,87.31999969482422,88.30000305175781,56.94344711303711,2165500.0
2017-03-24 00:00:00-04:00,88.3499984741211,88.80999755859375,87.04000091552734,87.55999755859375,56.46621322631836,1698100.0
2017-03-27 00:00:00-04:00,86.73999786376953,88.87999725341797,85.66000366210938,88.62000274658203,57.149818420410156,2467100.0
2017-03-28 00:00:00-04:00,88.6500015258789,91.66000366210938,88.6500015258789,90.9000015258789,58.62013244628906,3151600.0
2017-03-29 00:00:00-04:00,90.6500015258789,91.52999877929688,90.2699966430664,90.7300033569336,58.5105094909668,1996100.0
2017-03-30 00:00:00-04:00,90.86000061035156,91.91999816894531,90.61000061035156,91.2699966430664,58.8587646484375,1487700.0
2017-03-31 00:00:00-04:00,90.9800033569336,91.5199966430664,90.61000061035156,91.19000244140625,58.80717086791992,1850300.0
2017-04-03 00:00:00-04:00,91.48999786376953,91.75,89.23999786376953,90.26000213623047,58.2074089050293,1643900.0
2017-04-04 00:00:00-04:00,90.37000274658203,90.87999725341797,89.72000122070312,90.69000244140625,58.484710693359375,2083800.0
2017-04-05 00:00:00-04:00,91.38999938964844,92.02999877929688,88.33000183105469,88.4000015258789,57.00791931152344,4072900.0
2017-04-06 00:00:00-04:00,88.55999755859375,89.44000244140625,88.0,89.19000244140625,57.51740646362305,2492900.0
2017-04-07 00:00:00-04:00,88.91999816894531,89.36000061035156,87.75,88.79000091552734,57.25941467285156,2198100.0
2017-04-10 00:00:00-04:00,89.55000305175781,89.9000015258789,88.36000061035156,88.52999877929688,57.09175491333008,1822600.0
2017-04-11 00:00:00-04:00,88.45999908447266,88.69000244140625,87.37000274658203,88.0199966430664,56.76285934448242,2212700.0
2017-04-12 00:00:00-04:00,88.08000183105469,88.2300033569336,86.05000305175781,86.33999633789062,55.67946243286133,2838400.0
2017-04-13 00:00:00-04:00,86.25,87.13999938964844,84.68000030517578,84.91000366210938,54.75727081298828,3579000.0
2017-04-17 00:00:00-04:00,85.27999877929688,85.5199966430664,84.91000366210938,85.27999877929688,54.995880126953125,2377500.0
2017-04-18 00:00:00-04:00,84.91999816894531,86.25,84.7300033569336,85.83999633789062,55.35700988769531,2726800.0
2017-04-19 00:00:00-04:00,86.30000305175781,86.98999786376953,85.2300033569336,85.52999877929688,55.15708923339844,2426800.0
2017-04-20 00:00:00-04:00,86.01000213623047,86.81999969482422,85.47000122070312,85.51000213623047,55.14419937133789,2569800.0
2017-04-21 00:00:00-04:00,85.5199966430664,86.27999877929688,85.33999633789062,85.41999816894531,55.08615493774414,2529200.0
2017-04-24 00:00:00-04:00,86.61000061035156,86.87999725341797,86.16000366210938,86.5199966430664,55.79553985595703,2194700.0
2017-04-25 00:00:00-04:00,86.9800033569336,87.7300033569336,86.56999969482422,87.01000213623047,56.11153793334961,2020200.0
2017-04-26 00:00:00-04:00,86.7699966430664,87.56999969482422,86.43000030517578,87.05999755859375,56.14378356933594,1863800.0
2017-04-27 00:00:00-04:00,86.91999816894531,87.4800033569336,86.08999633789062,87.41999816894531,56.37594223022461,3117300.0
2017-04-28 00:00:00-04:00,86.4000015258789,86.4000015258789,84.0999984741211,84.76000213623047,54.66054153442383,4565400.0
2017-05-01 00:00:00-04:00,85.0,85.19000244140625,83.4000015258789,83.45999908447266,53.82218933105469,3379500.0
2017-05-02 00:00:00-04:00,83.23999786376953,83.72000122070312,82.47000122070312,83.54000091552734,53.87378692626953,5118800.0
2017-05-03 00:00:00-04:00,83.0,83.6500015258789,81.75,81.87999725341797,52.803260803222656,3729300.0
2017-05-04 00:00:00-04:00,81.87999725341797,81.9800033569336,80.54000091552734,81.41999816894531,52.506622314453125,3873200.0
2017-05-05 00:00:00-04:00,81.66999816894531,84.16999816894531,81.51000213623047,84.16000366210938,54.27360916137695,3830800.0
2017-05-08 00:00:00-04:00,81.61000061035156,82.62000274658203,80.5,80.77999877929688,52.093894958496094,5066800.0
2017-05-09 00:00:00-04:00,80.94000244140625,82.12000274658203,80.8499984741211,81.91000366210938,52.8226203918457,3279900.0
2017-05-10 00:00:00-04:00,82.18000030517578,83.04000091552734,81.91999816894531,82.45999908447266,53.17730712890625,3111800.0
2017-05-11 00:00:00-04:00,82.4800033569336,83.0999984741211,81.47000122070312,81.97000122070312,52.86132049560547,2192700.0
2017-05-12 00:00:00-04:00,81.43000030517578,82.05000305175781,80.88999938964844,81.04000091552734,52.26156234741211,1980900.0
2017-05-15 00:00:00-04:00,81.80999755859375,83.68000030517578,81.63999938964844,82.52999877929688,53.222434997558594,2948100.0
2017-05-16 00:00:00-04:00,82.69999694824219,83.36000061035156,82.3499984741211,83.05999755859375,53.564247131347656,2690900.0
2017-05-17 00:00:00-04:00,83.05999755859375,83.05999755859375,79.87999725341797,79.9800033569336,51.5779914855957,3411800.0
2017-05-18 00:00:00-04:00,79.55000305175781,80.79000091552734,79.02999877929688,80.41000366210938,51.85529327392578,3130500.0
2017-05-19 00:00:00-04:00,80.83999633789062,81.83999633789062,80.54000091552734,81.0999984741211,52.300254821777344,3608200.0
2017-05-22 00:00:00-04:00,81.75,82.04000091552734,79.76000213623047,80.30000305175781,51.78434371948242,2569000.0
2017-05-23 00:00:00-04:00,80.6500015258789,80.98999786376953,80.16000366210938,80.56999969482422,51.95846939086914,1557600.0
2017-05-24 00:00:00-04:00,81.55999755859375,82.58000183105469,81.01000213623047,81.62999725341797,52.64204788208008,2542600.0
2017-05-25 00:00:00-04:00,81.75,82.2699966430664,80.0,80.66999816894531,52.02296447753906,2906500.0
2017-05-26 00:00:00-04:00,80.62000274658203,80.97000122070312,80.0199966430664,80.7300033569336,52.061641693115234,1841700.0
2017-05-30 00:00:00-04:00,80.54000091552734,80.87000274658203,80.26000213623047,80.55999755859375,51.952022552490234,2086000.0
2017-05-31 00:00:00-04:00,80.33000183105469,80.5999984741211,79.47000122070312,80.5199966430664,51.926212310791016,3092600.0
2017-06-01 00:00:00-04:00,79.73999786376953,80.80999755859375,79.56999969482422,80.55000305175781,52.532752990722656,3605200.0
2017-06-02 00:00:00-04:00,80.45999908447266,80.95999908447266,79.75,80.04000091552734,52.20013427734375,4657600.0
2017-06-05 00:00:00-04:00,79.77999877929688,79.9800033569336,78.8499984741211,78.91000366210938,51.46318435668945,2901900.0
2017-06-06 00:00:00-04:00,78.44000244140625,79.27999877929688,78.01000213623047,79.13999938964844,51.61317825317383,3710500.0
2017-06-07 00:00:00-04:00,79.25,80.3499984741211,78.91999816894531,79.23999786376953,51.67839813232422,2934600.0
2017-06-08 00:00:00-04:00,79.23999786376953,80.16999816894531,79.05999755859375,79.4800033569336,51.83492660522461,2386800.0
2017-06-09 00:00:00-04:00,79.5999984741211,82.2300033569336,79.55999755859375,81.87999725341797,53.4001350402832,3394500.0
2017-06-12 00:00:00-04:00,81.86000061035156,82.97000122070312,81.45999908447266,81.77999877929688,53.334896087646484,2419200.0
2017-06-13 00:00:00-04:00,81.30999755859375,83.22000122070312,81.06999969482422,82.94999694824219,54.097965240478516,2714600.0
2017-06-14 00:00:00-04:00,83.16999816894531,83.16999816894531,80.68000030517578,80.93000030517578,52.78057861328125,4056800.0
2017-06-15 00:00:00-04:00,80.18000030517578,80.75,79.52999877929688,80.13999938964844,52.265350341796875,2326000.0
2017-06-16 00:00:00-04:00,80.12000274658203,80.9000015258789,79.75,80.87999725341797,52.747955322265625,3133400.0
2017-06-19 00:00:00-04:00,81.47000122070312,81.86000061035156,81.12999725341797,81.30000305175781,53.02187728881836,1535500.0
2017-06-20 00:00:00-04:00,80.38999938964844,80.63999938964844,78.87999725341797,80.0999984741211,52.2392692565918,2052400.0
2017-06-21 00:00:00-04:00,80.41999816894531,80.5999984741211,79.26000213623047,79.56999969482422,51.893611907958984,2440100.0
2017-06-22 00:00:00-04:00,79.88999938964844,80.55000305175781,79.58000183105469,80.01000213623047,52.18056869506836,1994700.0
2017-06-23 00:00:00-04:00,80.0999984741211,80.61000061035156,79.5999984741211,80.16999816894531,52.28491973876953,2426200.0
2017-06-26 00:00:00-04:00,80.56999969482422,81.37000274658203,80.19000244140625,80.88999938964844,52.75448226928711,2879300.0
2017-06-27 00:00:00-04:00,81.3499984741211,82.83000183105469,81.11000061035156,82.06999969482422,53.5240592956543,2845400.0
2017-06-28 00:00:00-04:00,82.68000030517578,84.0,82.58000183105469,83.80000305175781,54.652313232421875,2870800.0
2017-06-29 00:00:00-04:00,84.37999725341797,84.81999969482422,83.30000305175781,83.7699966430664,54.632755279541016,3253000.0
2017-06-30 00:00:00-04:00,84.47000122070312,85.08000183105469,83.9000015258789,84.38999938964844,55.037109375,2600600.0
2017-07-03 00:00:00-04:00,85.05000305175781,85.91999816894531,84.87000274658203,85.36000061035156,55.669715881347656,1428100.0
2017-07-05 00:00:00-04:00,85.6500015258789,85.75,82.9000015258789,83.36000061035156,54.365352630615234,2367600.0
2017-07-06 00:00:00-04:00,82.91000366210938,84.25,82.88999938964844,83.05000305175781,54.16318893432617,2487600.0
2017-07-07 00:00:00-04:00,83.29000091552734,84.44999694824219,82.54000091552734,83.93000030517578,54.73710632324219,2257700.0
2017-07-10 00:00:00-04:00,83.5,84.5999984741211,83.2300033569336,84.19999694824219,54.91318893432617,1918900.0
2017-07-11 00:00:00-04:00,84.19999694824219,84.75,83.7300033569336,84.45999908447266,55.08274841308594,2083600.0
2017-07-12 00:00:00-04:00,84.94000244140625,85.9800033569336,84.86000061035156,85.72000122070312,55.904502868652344,3004100.0
2017-07-13 00:00:00-04:00,85.75,85.98999786376953,85.0,85.4800033569336,55.74795913696289,1890200.0
2017-07-14 00:00:00-04:00,85.77999877929688,86.62999725341797,85.62000274658203,85.87000274658203,56.00232696533203,1760500.0
2017-07-17 00:00:00-04:00,85.94999694824219,86.29000091552734,85.54000091552734,85.6500015258789,55.85884094238281,1442300.0
2017-07-18 00:00:00-04:00,85.58000183105469,86.08000183105469,84.94999694824219,85.25,55.59796905517578,1496300.0
2017-07-19 00:00:00-04:00,85.26000213623047,87.33999633789062,85.26000213623047,87.16000366210938,56.84363555908203,2109400.0
2017-07-20 00:00:00-04:00,87.18000030517578,87.94999694824219,86.87000274658203,87.0199966430664,56.7523078918457,3159000.0
2017-07-21 00:00:00-04:00,87.16000366210938,87.16000366210938,86.20999908447266,86.87000274658203,56.65449905395508,2152200.0
2017-07-24 00:00:00-04:00,86.83999633789062,87.43000030517578,86.69000244140625,87.25,56.90232849121094,1853500.0
2017-07-25 00:00:00-04:00,88.0199966430664,88.56999969482422,87.55999755859375,87.94999694824219,57.358856201171875,1993200.0
2017-07-26 00:00:00-04:00,88.41000366210938,88.80999755859375,87.0,87.33999633789062,56.961029052734375,1806700.0
2017-07-27 00:00:00-04:00,87.55000305175781,87.72000122070312,86.0999984741211,86.52999877929688,56.43276596069336,2959900.0
2017-07-28 00:00:00-04:00,88.51000213623047,90.68000030517578,88.04000091552734,89.88999938964844,58.624080657958984,3977300.0
2017-07-31 00:00:00-04:00,90.37000274658203,91.2699966430664,89.62000274658203,90.08999633789062,58.75448989868164,2670300.0
2017-08-01 00:00:00-04:00,90.27999877929688,90.27999877929688,88.37999725341797,89.26000213623047,58.213191986083984,2642700.0
2017-08-02 00:00:00-04:00,88.75,89.30000305175781,87.8499984741211,88.37000274658203,57.63277053833008,2620600.0
2017-08-03 00:00:00-04:00,88.4800033569336,89.2699966430664,88.2699966430664,88.75,57.88058090209961,4259900.0
2017-08-04 00:00:00-04:00,89.16000366210938,89.38999938964844,88.66999816894531,88.77999877929688,57.900150299072266,1514200.0
2017-08-07 00:00:00-04:00,89.12999725341797,89.4000015258789,88.86000061035156,89.12000274658203,58.12188720703125,1832300.0
2017-08-08 00:00:00-04:00,88.98999786376953,89.45999908447266,88.37000274658203,88.7300033569336,57.8675537109375,2375200.0
2017-08-09 00:00:00-04:00,88.61000061035156,89.4800033569336,88.38999938964844,89.19999694824219,58.17406463623047,2593400.0
2017-08-10 00:00:00-04:00,88.58000183105469,89.0199966430664,87.58000183105469,87.5999984741211,57.130592346191406,2176700.0
2017-08-11 00:00:00-04:00,86.95999908447266,87.9800033569336,86.95999908447266,87.19000244140625,56.863197326660156,1893200.0
2017-08-14 00:00:00-04:00,87.37999725341797,88.25,87.25,88.02999877929688,57.4110221862793,1608000.0
2017-08-15 00:00:00-04:00,88.05999755859375,88.51000213623047,87.83000183105469,87.94999694824219,57.358856201171875,1548400.0
2017-08-16 00:00:00-04:00,87.94999694824219,88.36000061035156,87.30000305175781,87.66000366210938,57.16970443725586,2052900.0
2017-08-17 00:00:00-04:00,87.51000213623047,87.88999938964844,86.19000244140625,86.2300033569336,56.237098693847656,2470900.0
2017-08-18 00:00:00-04:00,86.0999984741211,87.62999725341797,85.3499984741211,87.33999633789062,56.961029052734375,2683700.0
2017-08-21 00:00:00-04:00,87.33000183105469,88.4000015258789,87.16999816894531,88.0999984741211,57.45667266845703,2454500.0
2017-08-22 00:00:00-04:00,88.6500015258789,89.30999755859375,88.38999938964844,88.7699966430664,57.89362716674805,1550300.0
2017-08-23 00:00:00-04:00,88.38999938964844,90.0,88.33999633789062,89.36000061035156,58.27841567993164,1410000.0
2017-08-24 00:00:00-04:00,89.4000015258789,89.7699966430664,88.9800033569336,89.51000213623047,58.376243591308594,1294400.0
2017-08-25 00:00:00-04:00,90.30000305175781,91.41000366210938,89.98999786376953,90.26000213623047,58.8653678894043,2309400.0
2017-08-28 00:00:00-04:00,90.56999969482422,90.93000030517578,89.68000030517578,90.31999969482422,58.90449142456055,1392400.0
2017-08-29 00:00:00-04:00,89.66999816894531,89.83000183105469,88.9000015258789,89.5999984741211,58.43492889404297,1803200.0
2017-08-30 00:00:00-04:00,89.41999816894531,90.94999694824219,89.37000274658203,90.33000183105469,58.91102981567383,2194200.0
2017-08-31 00:00:00-04:00,90.86000061035156,91.06999969482422,89.41000366210938,90.58999633789062,59.08059310913086,2609400.0
2017-09-01 00:00:00-04:00,90.0999984741211,90.98999786376953,89.83000183105469,90.25,59.449462890625,1529100.0
2017-09-05 00:00:00-04:00,90.58000183105469,90.83999633789062,88.80999755859375,89.38999938964844,58.88298416137695,2453000.0
2017-09-06 00:00:00-04:00,89.80000305175781,92.27999877929688,89.02999877929688,91.72000122070312,60.41780471801758,2674700.0
2017-09-07 00:00:00-04:00,91.76000213623047,92.2699966430664,90.97000122070312,91.72000122070312,60.41780471801758,2360100.0
2017-09-08 00:00:00-04:00,91.56999969482422,92.08000183105469,91.33000183105469,91.5999984741211,60.33873748779297,1747000.0
2017-09-11 00:00:00-04:00,92.29000091552734,93.97000122070312,92.12000274658203,93.66000366210938,61.69572067260742,2426200.0
2017-09-12 00:00:00-04:00,93.5,94.69999694824219,93.38999938964844,94.58000183105469,62.30174255371094,2182700.0
2017-09-13 00:00:00-04:00,94.5,94.73999786376953,94.08000183105469,94.16999816894531,62.031654357910156,1588500.0
2017-09-14 00:00:00-04:00,94.0,94.83000183105469,93.94000244140625,94.43000030517578,62.20293045043945,1559500.0
2017-09-15 00:00:00-04:00,94.29000091552734,95.72000122070312,94.0,95.16999816894531,62.69038009643555,7251700.0
2017-09-18 00:00:00-04:00,95.48999786376953,95.88999938964844,95.05999755859375,95.58000183105469,62.96048355102539,3637500.0
2017-09-19 00:00:00-04:00,95.88999938964844,96.69000244140625,95.44000244140625,96.55999755859375,63.605979919433594,1971600.0
2017-09-20 00:00:00-04:00,96.68000030517578,97.05999755859375,95.51000213623047,96.05000305175781,63.27003860473633,2375600.0
2017-09-21 00:00:00-04:00,95.94000244140625,96.25,95.54000091552734,95.79000091552734,63.09878921508789,2309000.0
2017-09-22 00:00:00-04:00,95.75,97.0,95.61000061035156,96.87000274658203,63.810203552246094,1531600.0
2017-09-25 00:00:00-04:00,96.87999725341797,98.08999633789062,96.79000091552734,97.91999816894531,64.50184631347656,2508700.0
2017-09-26 00:00:00-04:00,98.11000061035156,100.0999984741211,97.98999786376953,99.76000213623047,65.71388244628906,3017400.0
2017-09-27 00:00:00-04:00,100.01000213623047,100.69000244140625,99.25,99.77999877929688,65.72708129882812,2989300.0
2017-09-28 00:00:00-04:00,100.01000213623047,100.27999877929688,99.56999969482422,99.77999877929688,65.72708129882812,2652300.0
2017-09-29 00:00:00-04:00,99.80999755859375,99.97000122070312,98.77999877929688,99.05000305175781,65.24620819091797,2185400.0
2017-10-02 00:00:00-04:00,98.56999969482422,100.72000122070312,98.56999969482422,100.55000305175781,66.23428344726562,2268800.0
2017-10-03 00:00:00-04:00,100.6500015258789,100.73999786376953,98.91999816894531,99.76000213623047,65.71388244628906,2535300.0
2017-10-04 00:00:00-04:00,99.94999694824219,100.36000061035156,98.79000091552734,98.87999725341797,65.13423156738281,1932200.0
2017-10-05 00:00:00-04:00,99.43000030517578,99.61000061035156,99.05000305175781,99.4800033569336,65.52945709228516,2182100.0
2017-10-06 00:00:00-04:00,98.81999969482422,99.2300033569336,98.16999816894531,98.9000015258789,65.14738464355469,2506900.0
2017-10-09 00:00:00-04:00,99.20999908447266,99.20999908447266,98.66999816894531,99.04000091552734,65.2396240234375,1476300.0
2017-10-10 00:00:00-04:00,98.37999725341797,98.62999725341797,97.68000030517578,98.05999755859375,64.59406280517578,2181800.0
2017-10-11 00:00:00-04:00,97.83000183105469,97.91000366210938,97.0199966430664,97.26000213623047,64.0671157836914,2425200.0
2017-10-12 00:00:00-04:00,96.87999725341797,97.62000274658203,96.19999694824219,97.52999877929688,64.24493408203125,1999300.0
2017-10-13 00:00:00-04:00,98.5999984741211,98.86000061035156,97.5,97.68000030517578,64.3437728881836,1474900.0
2017-10-16 00:00:00-04:00,98.27999877929688,98.37999725341797,97.33000183105469,97.69999694824219,64.35693359375,1196600.0
2017-10-17 00:00:00-04:00,97.88999938964844,98.4000015258789,97.44999694824219,98.20999908447266,64.69287872314453,1527100.0
2017-10-18 00:00:00-04:00,98.04000091552734,98.5999984741211,97.80999755859375,98.26000213623047,64.72579956054688,1540300.0
2017-10-19 00:00:00-04:00,97.91000366210938,99.77999877929688,97.61000061035156,99.38999938964844,65.47016906738281,1941200.0
2017-10-20 00:00:00-04:00,99.95999908447266,100.0,98.61000061035156,98.94000244140625,65.17373657226562,2142200.0
2017-10-23 00:00:00-04:00,98.9000015258789,99.41000366210938,98.5,98.55999755859375,64.92343139648438,1570100.0
2017-10-24 00:00:00-04:00,99.05000305175781,101.47000122070312,98.98999786376953,100.94000244140625,66.49120330810547,2973700.0
2017-10-25 00:00:00-04:00,100.56999969482422,100.62000274658203,99.06999969482422,99.75,65.70732116699219,2435100.0
2017-10-26 00:00:00-04:00,100.41999816894531,101.70999908447266,99.66999816894531,101.2300033569336,66.68221282958984,3166900.0
2017-10-27 00:00:00-04:00,99.0,100.69999694824219,97.7300033569336,99.01000213623047,65.21986389160156,3433900.0
2017-10-30 00:00:00-04:00,99.12000274658203,107.83000183105469,98.81999969482422,106.0,69.82431030273438,8374600.0
2017-10-31 00:00:00-04:00,104.7699966430664,105.33999633789062,102.98999786376953,103.52999877929688,68.197265625,4100700.0
2017-11-01 00:00:00-04:00,104.20999908447266,105.22000122070312,103.16000366210938,103.43000030517578,68.13139343261719,3111700.0
2017-11-02 00:00:00-04:00,103.55999755859375,104.25,102.94999694824219,103.54000091552734,68.20387268066406,2547900.0
2017-11-03 00:00:00-04:00,103.04000091552734,105.91999816894531,102.36000061035156,105.58000183105469,69.54765319824219,2075400.0
2017-11-06 00:00:00-05:00,105.81999969482422,106.98999786376953,105.48999786376953,106.48999786376953,70.14706420898438,1786900.0
2017-11-07 00:00:00-05:00,106.56999969482422,107.19999694824219,105.20999908447266,105.91999816894531,69.77161407470703,1778300.0
2017-11-08 00:00:00-05:00,105.62999725341797,106.0199966430664,104.91999816894531,105.86000061035156,69.73210144042969,1615100.0
2017-11-09 00:00:00-05:00,105.30000305175781,105.9800033569336,103.9000015258789,104.19000244140625,68.63202667236328,2271600.0
2017-11-10 00:00:00-05:00,104.18000030517578,104.79000091552734,103.44999694824219,104.26000213623047,68.67811584472656,1533200.0
2017-11-13 00:00:00-05:00,103.62000274658203,104.72000122070312,103.01000213623047,104.19000244140625,68.63202667236328,1547800.0
2017-11-14 00:00:00-05:00,103.16999816894531,104.75,103.13999938964844,103.73999786376953,68.33560943603516,1796600.0
2017-11-15 00:00:00-05:00,103.19000244140625,103.44999694824219,101.77999877929688,102.5,67.518798828125,1438000.0
2017-11-16 00:00:00-05:00,103.04000091552734,103.5999984741211,102.23999786376953,103.19999694824219,67.9798812866211,2331500.0
2017-11-17 00:00:00-05:00,103.05000305175781,104.6500015258789,102.5199966430664,103.9000015258789,68.44100189208984,1544200.0
2017-11-20 00:00:00-05:00,103.86000061035156,104.41000366210938,103.41000366210938,104.2699966430664,68.68470764160156,1940400.0
2017-11-21 00:00:00-05:00,104.63999938964844,104.91999816894531,103.62000274658203,103.81999969482422,68.3883056640625,1916000.0
2017-11-22 00:00:00-05:00,104.08999633789062,104.3499984741211,103.2699966430664,103.41999816894531,68.12480163574219,1436900.0
2017-11-24 00:00:00-05:00,104.0,104.66999816894531,103.87000274658203,104.33999633789062,68.7308349609375,929700.0
2017-11-27 00:00:00-05:00,104.62999725341797,104.79000091552734,103.55999755859375,104.37999725341797,68.75718688964844,1627300.0
2017-11-28 00:00:00-05:00,104.16999816894531,105.29000091552734,103.47000122070312,104.94000244140625,69.12605285644531,2009200.0
2017-11-29 00:00:00-05:00,105.19999694824219,105.88999938964844,104.79000091552734,105.01000213623047,69.17218017578125,1704000.0
2017-11-30 00:00:00-05:00,105.51000213623047,105.86000061035156,104.16000366210938,104.69999694824219,68.96796417236328,2758000.0
2017-12-01 00:00:00-05:00,105.16000366210938,105.48999786376953,102.95999908447266,104.0999984741211,68.57273864746094,2332700.0
2017-12-04 00:00:00-05:00,103.45999908447266,105.0999984741211,103.01000213623047,103.80999755859375,68.97806549072266,2143500.0
2017-12-05 00:00:00-05:00,103.86000061035156,105.94000244140625,103.68000030517578,104.58000183105469,69.48970031738281,2171100.0
2017-12-06 00:00:00-05:00,104.41000366210938,105.22000122070312,104.41000366210938,104.69000244140625,69.56278991699219,2102100.0
2017-12-07 00:00:00-05:00,104.95999908447266,106.58000183105469,104.7699966430664,106.51000213623047,70.7721176147461,1604300.0
2017-12-08 00:00:00-05:00,106.80000305175781,107.62999725341797,106.62000274658203,107.13999938964844,71.19072723388672,1720800.0
2017-12-11 00:00:00-05:00,107.33000183105469,108.05000305175781,107.11000061035156,107.51000213623047,71.43657684326172,1462900.0
2017-12-12 00:00:00-05:00,107.66000366210938,108.12999725341797,106.79000091552734,106.98999786376953,71.09107971191406,2484400.0
2017-12-13 00:00:00-05:00,107.26000213623047,107.5999984741211,106.44000244140625,107.5,71.42993927001953,2463100.0
2017-12-14 00:00:00-05:00,107.70999908447266,107.97000122070312,105.12999725341797,105.43000030517578,70.05450439453125,2380200.0
2017-12-15 00:00:00-05:00,106.0,106.47000122070312,105.12999725341797,106.02999877929688,70.45319366455078,3640800.0
2017-12-18 00:00:00-05:00,107.5199966430664,110.06999969482422,107.01000213623047,109.55999755859375,72.79874420166016,2502000.0
2017-12-19 00:00:00-05:00,109.47000122070312,110.0,108.86000061035156,108.94999694824219,72.39341735839844,2030000.0
2017-12-20 00:00:00-05:00,109.55000305175781,111.47000122070312,109.2699966430664,109.91999816894531,73.0379638671875,1815200.0
2017-12-21 00:00:00-05:00,109.8499984741211,110.94000244140625,109.23999786376953,110.27999877929688,73.27715301513672,1680600.0
2017-12-22 00:00:00-05:00,109.54000091552734,110.23999786376953,109.43000030517578,109.9800033569336,73.07781982421875,1202100.0
2017-12-26 00:00:00-05:00,110.23999786376953,110.23999786376953,109.51000213623047,109.93000030517578,73.04458618164062,462100.0
2017-12-27 00:00:00-05:00,109.93000030517578,110.12000274658203,109.58999633789062,110.02999877929688,73.11105346679688,677100.0
2017-12-28 00:00:00-05:00,110.37999725341797,111.26000213623047,110.1500015258789,111.16000366210938,73.86187744140625,1058100.0
2017-12-29 00:00:00-05:00,111.62000274658203,111.62000274658203,110.19999694824219,110.31999969482422,73.3037338256836,1019700.0
2018-01-02 00:00:00-05:00,111.05000305175781,112.26000213623047,110.69000244140625,112.2300033569336,74.5728530883789,1127800.0
2018-01-03 00:00:00-05:00,111.81999969482422,112.41999816894531,110.69999694824219,112.26000213623047,74.59280395507812,1437300.0
2018-01-04 00:00:00-05:00,112.80000305175781,113.44000244140625,111.80999755859375,112.80000305175781,74.95160675048828,1631000.0
2018-01-05 00:00:00-05:00,113.25,114.45999908447266,112.33000183105469,114.37000274658203,75.99481201171875,1082000.0
2018-01-08 00:00:00-05:00,114.4000015258789,114.4000015258789,113.04000091552734,114.11000061035156,75.82205963134766,1283200.0
2018-01-09 00:00:00-05:00,114.33000183105469,116.33999633789062,114.20999908447266,115.1500015258789,76.51309967041016,1794000.0
2018-01-10 00:00:00-05:00,114.70999908447266,115.37000274658203,114.16000366210938,115.02999877929688,76.433349609375,1236000.0
2018-01-11 00:00:00-05:00,116.48999786376953,117.94000244140625,115.12999725341797,117.69999694824219,78.20748138427734,1892000.0
2018-01-12 00:00:00-05:00,117.6500015258789,118.0,116.38999938964844,117.68000030517578,78.1941909790039,2070100.0
2018-01-16 00:00:00-05:00,117.97000122070312,118.12999725341797,115.11000061035156,115.88999938964844,77.00479888916016,1996300.0
2018-01-17 00:00:00-05:00,116.26000213623047,117.04000091552734,115.72000122070312,116.87999725341797,77.66261291503906,1704000.0
2018-01-18 00:00:00-05:00,116.26000213623047,117.31999969482422,115.5,116.88999938964844,77.66926574707031,2248400.0
2018-01-19 00:00:00-05:00,117.38999938964844,119.98999786376953,117.1500015258789,119.91999816894531,79.68257904052734,2864000.0
2018-01-22 00:00:00-05:00,118.9800033569336,119.69999694824219,118.5199966430664,118.94000244140625,79.03142547607422,2067800.0
2018-01-23 00:00:00-05:00,118.5199966430664,119.05000305175781,117.6500015258789,118.43000030517578,78.69251251220703,1479400.0
2018-01-24 00:00:00-05:00,119.18000030517578,120.43000030517578,118.43000030517578,118.94000244140625,79.03142547607422,1701400.0
2018-01-25 00:00:00-05:00,119.5999984741211,120.94999694824219,119.5999984741211,120.73999786376953,80.22745513916016,1585000.0
2018-01-26 00:00:00-05:00,121.30000305175781,121.77999877929688,120.18000030517578,121.48999786376953,80.72579956054688,2157200.0
2018-01-29 00:00:00-05:00,121.62000274658203,121.94999694824219,120.69000244140625,120.91000366210938,80.34041595458984,1228200.0
2018-01-30 00:00:00-05:00,119.91000366210938,121.13999938964844,118.37999725341797,118.8499984741211,78.97161102294922,3319100.0
2018-01-31 00:00:00-05:00,119.23999786376953,120.3499984741211,118.8499984741211,119.83999633789062,79.6294174194336,3213900.0
2018-02-01 00:00:00-05:00,119.0999984741211,119.73999786376953,116.88999938964844,117.55999755859375,78.11444854736328,3431700.0
2018-02-02 00:00:00-05:00,117.55999755859375,117.83999633789062,111.52999877929688,112.16999816894531,74.53300476074219,4224600.0
2018-02-05 00:00:00-05:00,111.73999786376953,112.98999786376953,107.44999694824219,108.7699966430664,72.27378845214844,3146600.0
2018-02-06 00:00:00-05:00,106.08999633789062,114.3499984741211,106.0,113.81999969482422,75.62935638427734,4939500.0
2018-02-07 00:00:00-05:00,113.12999725341797,114.2300033569336,110.19999694824219,110.2699966430664,73.2705078125,3163700.0
2018-02-08 00:00:00-05:00,110.08999633789062,110.55999755859375,105.51000213623047,105.79000091552734,70.293701171875,2543600.0
2018-02-09 00:00:00-05:00,107.1500015258789,107.83000183105469,102.81999969482422,106.98999786376953,71.09107971191406,3151800.0
2018-02-12 00:00:00-05:00,108.2300033569336,110.70999908447266,108.13999938964844,109.69999694824219,72.89176177978516,2260700.0
2018-02-13 00:00:00-05:00,109.37000274658203,110.58999633789062,108.04000091552734,109.63999938964844,72.85189819335938,1852800.0
2018-02-14 00:00:00-05:00,108.70999908447266,112.63999938964844,108.23999786376953,112.0,74.42002868652344,1757500.0
2018-02-15 00:00:00-05:00,113.30000305175781,114.44999694824219,108.73999786376953,109.97000122070312,73.0711669921875,3118300.0
2018-02-16 00:00:00-05:00,109.80000305175781,110.4800033569336,108.26000213623047,108.61000061035156,72.1675033569336,2782400.0
2018-02-20 00:00:00-05:00,108.0,109.62999725341797,107.41000366210938,108.58999633789062,72.15420532226562,2295800.0
2018-02-21 00:00:00-05:00,108.66000366210938,111.26000213623047,108.3499984741211,109.08999633789062,72.4864501953125,1984500.0
2018-02-22 00:00:00-05:00,109.80000305175781,111.70999908447266,109.48999786376953,110.83000183105469,73.64260864257812,1509700.0
2018-02-23 00:00:00-05:00,111.48999786376953,112.13999938964844,110.30000305175781,111.5999984741211,74.15424346923828,1516600.0
2018-02-26 00:00:00-05:00,111.8499984741211,111.9800033569336,109.61000061035156,110.51000213623047,73.42997741699219,2469300.0
2018-02-27 00:00:00-05:00,110.51000213623047,110.94000244140625,109.18000030517578,109.66000366210938,72.86519622802734,2054400.0
2018-02-28 00:00:00-05:00,110.19999694824219,110.29000091552734,108.16999816894531,108.22000122070312,71.9083480834961,2226600.0
2018-03-01 00:00:00-05:00,108.29000091552734,110.52999877929688,107.33000183105469,108.12999725341797,71.84855651855469,3693800.0
2018-03-02 00:00:00-05:00,106.62000274658203,107.54000091552734,105.04000091552734,107.20999908447266,71.9021987915039,2403900.0
2018-03-05 00:00:00-05:00,106.7699966430664,109.02999877929688,105.93000030517578,108.66999816894531,72.88137817382812,2413600.0
2018-03-06 00:00:00-05:00,109.26000213623047,111.12999725341797,108.61000061035156,109.73999786376953,73.59900665283203,1794600.0
2018-03-07 00:00:00-05:00,108.94000244140625,109.97000122070312,107.7699966430664,109.37999725341797,73.35755157470703,2144000.0
2018-03-08 00:00:00-05:00,109.91999816894531,110.3499984741211,108.45999908447266,109.37000274658203,73.35084533691406,2181300.0
2018-03-09 00:00:00-05:00,110.33000183105469,112.48999786376953,109.86000061035156,112.27999877929688,75.30248260498047,1860100.0
2018-03-12 00:00:00-04:00,112.68000030517578,112.83000183105469,110.83000183105469,111.13999938964844,74.53791809082031,2025000.0
2018-03-13 00:00:00-04:00,111.63999938964844,112.58999633789062,109.95999908447266,110.33999633789062,74.00141906738281,2233200.0
2018-03-14 00:00:00-04:00,111.19999694824219,111.19999694824219,108.36000061035156,108.75,72.93504333496094,1592600.0
2018-03-15 00:00:00-04:00,109.3499984741211,109.41999816894531,107.05000305175781,107.47000122070312,72.07659149169922,2014900.0
2018-03-16 00:00:00-04:00,107.48999786376953,108.55999755859375,106.58000183105469,107.18000030517578,71.88208770751953,4500700.0
2018-03-19 00:00:00-04:00,107.20999908447266,107.31999969482422,105.5,106.7699966430664,71.60710906982422,2581700.0
2018-03-20 00:00:00-04:00,107.48999786376953,108.58999633789062,106.93000030517578,107.47000122070312,72.07659149169922,2591900.0
2018-03-21 00:00:00-04:00,107.48999786376953,112.36000061035156,106.79000091552734,111.20999908447266,74.58486938476562,3352000.0
2018-03-22 00:00:00-04:00,109.69999694824219,110.68000030517578,106.44000244140625,106.5999984741211,71.49311065673828,2968800.0
2018-03-23 00:00:00-04:00,106.66999816894531,107.5,104.41000366210938,104.55000305175781,70.11823272705078,2569200.0
2018-03-26 00:00:00-04:00,105.80999755859375,106.48999786376953,103.44000244140625,105.08999633789062,70.48038482666016,3045200.0
2018-03-27 00:00:00-04:00,105.75,106.3499984741211,103.72000122070312,104.13999938964844,69.84326934814453,2433000.0
2018-03-28 00:00:00-04:00,104.12000274658203,105.44000244140625,102.31999969482422,103.1500015258789,69.17931365966797,2304200.0
2018-03-29 00:00:00-04:00,103.29000091552734,106.20999908447266,103.29000091552734,105.68000030517578,70.87608337402344,2258700.0
2018-04-02 00:00:00-04:00,105.41000366210938,105.94999694824219,102.36000061035156,103.70999908447266,69.55488586425781,1750200.0
2018-04-03 00:00:00-04:00,103.93000030517578,104.41000366210938,102.43000030517578,104.13999938964844,69.84326934814453,1724500.0
2018-04-04 00:00:00-04:00,101.11000061035156,102.97000122070312,96.19000244140625,102.7300033569336,68.89763641357422,4713600.0
2018-04-05 00:00:00-04:00,103.38999938964844,105.48999786376953,103.20999908447266,104.8499984741211,70.31942749023438,2069700.0
2018-04-06 00:00:00-04:00,103.51000213623047,104.0,99.91999816894531,100.79000091552734,67.5965347290039,2404100.0
2018-04-09 00:00:00-04:00,101.52999877929688,101.83000183105469,99.4000015258789,99.43000030517578,66.6844253540039,3719900.0
2018-04-10 00:00:00-04:00,101.41999816894531,103.77999877929688,100.83000183105469,102.33999633789062,68.63605499267578,3192000.0
2018-04-11 00:00:00-04:00,101.8499984741211,102.61000061035156,101.08000183105469,102.20999908447266,68.54888153076172,1708100.0
2018-04-12 00:00:00-04:00,103.19999694824219,104.52999877929688,102.81999969482422,103.69999694824219,69.54815673828125,4214900.0
2018-04-13 00:00:00-04:00,104.05999755859375,104.58000183105469,102.62999725341797,103.04000091552734,69.10553741455078,1750200.0
2018-04-16 00:00:00-04:00,104.18000030517578,105.25,103.51000213623047,104.54000091552734,70.11151885986328,2314500.0
2018-04-17 00:00:00-04:00,105.31999969482422,106.5199966430664,104.62000274658203,106.04000091552734,71.1175308227539,1788500.0
2018-04-18 00:00:00-04:00,107.23999786376953,109.44999694824219,106.7300033569336,108.87000274658203,73.01551818847656,3163200.0
2018-04-19 00:00:00-04:00,108.41000366210938,108.45999908447266,106.66000366210938,107.5999984741211,72.16378021240234,2390300.0
2018-04-20 00:00:00-04:00,107.75,108.30999755859375,106.70999908447266,107.68000030517578,72.2174072265625,2673900.0
2018-04-23 00:00:00-04:00,107.5,108.52999877929688,107.23999786376953,108.31999969482422,72.64665222167969,2178500.0
2018-04-24 00:00:00-04:00,108.70999908447266,109.52999877929688,104.80999755859375,105.94000244140625,71.05047607421875,2491100.0
2018-04-25 00:00:00-04:00,105.5,105.9800033569336,104.0999984741211,105.38999938964844,70.68157958984375,3471600.0
2018-04-26 00:00:00-04:00,105.7699966430664,107.13999938964844,105.0999984741211,106.48999786376953,71.4193115234375,2058200.0
2018-04-27 00:00:00-04:00,109.1500015258789,109.54000091552734,105.0,106.66999816894531,71.54004669189453,3208100.0
2018-04-30 00:00:00-04:00,106.66999816894531,107.73999786376953,105.31999969482422,105.7300033569336,70.90962982177734,2200500.0
2018-05-01 00:00:00-04:00,105.5,105.75,103.05999755859375,103.79000091552734,69.6085205078125,2341600.0
2018-05-02 00:00:00-04:00,104.13999938964844,105.63999938964844,103.72000122070312,104.75,70.25235748291016,2599800.0
2018-05-03 00:00:00-04:00,104.68000030517578,104.87999725341797,102.68000030517578,103.94999694824219,69.7158432006836,2170900.0
2018-05-04 00:00:00-04:00,103.52999877929688,104.9800033569336,102.45999908447266,104.79000091552734,70.27918243408203,2129500.0
2018-05-07 00:00:00-04:00,104.98999786376953,106.08999633789062,104.16000366210938,104.5999984741211,70.15178680419922,1903600.0
2018-05-08 00:00:00-04:00,104.5,104.66000366210938,103.45999908447266,104.54000091552734,70.11151885986328,3054800.0
2018-05-09 00:00:00-04:00,105.23999786376953,110.4000015258789,105.23999786376953,109.9000015258789,73.70628356933594,3547000.0
2018-05-10 00:00:00-04:00,109.87999725341797,113.51000213623047,109.7300033569336,112.41999816894531,75.39635467529297,3472000.0
2018-05-11 00:00:00-04:00,112.47000122070312,113.52999877929688,111.97000122070312,112.56999969482422,75.49697875976562,2234400.0
2018-05-14 00:00:00-04:00,112.87000274658203,113.33000183105469,111.56999969482422,111.9800033569336,75.10128021240234,1854400.0
2018-05-15 00:00:00-04:00,111.6500015258789,112.48999786376953,111.1500015258789,112.16999816894531,75.22872161865234,1534200.0
2018-05-16 00:00:00-04:00,113.94000244140625,116.37999725341797,113.77999877929688,115.30999755859375,77.33460998535156,3360100.0
2018-05-17 00:00:00-04:00,115.0999984741211,116.27999877929688,114.93000030517578,116.19000244140625,77.92479705810547,2311500.0
2018-05-18 00:00:00-04:00,116.11000061035156,116.87000274658203,115.91000366210938,116.22000122070312,77.9449234008789,1903900.0
2018-05-21 00:00:00-04:00,117.0,117.70999908447266,116.2300033569336,117.52999877929688,78.823486328125,1770800.0
2018-05-22 00:00:00-04:00,117.77999877929688,118.79000091552734,116.05000305175781,116.16999816894531,77.91139221191406,1715300.0
2018-05-23 00:00:00-04:00,115.19999694824219,115.81999969482422,113.16999816894531,115.66000366210938,77.5693588256836,1573400.0
2018-05-24 00:00:00-04:00,115.63999938964844,119.38999938964844,115.5,117.0199966430664,78.48145294189453,2659100.0
2018-05-25 00:00:00-04:00,115.80000305175781,116.22000122070312,113.05000305175781,113.76000213623047,76.29508972167969,2545300.0
2018-05-29 00:00:00-04:00,112.68000030517578,114.47000122070312,110.97000122070312,111.44999694824219,74.74583435058594,2548000.0
2018-05-30 00:00:00-04:00,112.41999816894531,114.13999938964844,111.75,113.87999725341797,76.37555694580078,1866400.0
2018-05-31 00:00:00-04:00,113.83000183105469,113.83000183105469,111.88999938964844,112.12000274658203,75.1951904296875,2126900.0
2018-06-01 00:00:00-04:00,114.41999816894531,115.26000213623047,112.44999694824219,113.12000274658203,75.8658447265625,1667300.0
2018-06-04 00:00:00-04:00,113.58000183105469,114.3499984741211,113.06999969482422,113.38999938964844,76.04693603515625,1377500.0
2018-06-05 00:00:00-04:00,112.9800033569336,115.7300033569336,112.9800033569336,115.44000244140625,77.42181396484375,1851000.0
2018-06-06 00:00:00-04:00,116.51000213623047,118.06999969482422,115.55999755859375,118.04000091552734,79.16555786132812,2368100.0
2018-06-07 00:00:00-04:00,118.01000213623047,118.8499984741211,117.4000015258789,118.54000091552734,79.50088500976562,2256900.0
2018-06-08 00:00:00-04:00,117.0999984741211,118.30000305175781,116.51000213623047,118.08999633789062,79.87286376953125,1837900.0
2018-06-11 00:00:00-04:00,118.4800033569336,118.70999908447266,116.94999694824219,117.52999877929688,79.49409484863281,1508400.0
2018-06-12 00:00:00-04:00,117.5999984741211,117.7300033569336,116.69000244140625,117.66999816894531,79.58879089355469,989300.0
2018-06-13 00:00:00-04:00,117.5999984741211,117.63999938964844,115.41999816894531,115.52999877929688,78.141357421875,2296900.0
2018-06-14 00:00:00-04:00,115.94000244140625,115.94000244140625,113.88999938964844,114.1500015258789,77.20796966552734,1490800.0
2018-06-15 00:00:00-04:00,117.31999969482422,117.8499984741211,114.19000244140625,115.31999969482422,77.99932861328125,3493600.0
2018-06-18 00:00:00-04:00,114.13999938964844,115.54000091552734,114.13999938964844,114.70999908447266,77.58673095703125,1637100.0
2018-06-19 00:00:00-04:00,112.97000122070312,113.41000366210938,110.3499984741211,111.25,75.2464828491211,2403400.0
2018-06-20 00:00:00-04:00,111.58999633789062,111.58999633789062,109.04000091552734,110.0,74.4010238647461,2978300.0
2018-06-21 00:00:00-04:00,110.05000305175781,110.08999633789062,107.62999725341797,108.0199966430664,73.0617904663086,2810000.0
2018-06-22 00:00:00-04:00,109.94999694824219,111.75,109.36000061035156,111.0199966430664,75.0909194946289,2510800.0
2018-06-25 00:00:00-04:00,110.75,110.8499984741211,106.91000366210938,107.62000274658203,72.79124450683594,1814500.0
2018-06-26 00:00:00-04:00,108.05000305175781,108.80999755859375,107.1500015258789,108.30000305175781,73.2511978149414,1896900.0
2018-06-27 00:00:00-04:00,109.19999694824219,111.75,108.4800033569336,109.04000091552734,73.75169372558594,2279100.0
2018-06-28 00:00:00-04:00,108.94999694824219,109.55000305175781,107.63999938964844,109.3499984741211,73.96137237548828,1619200.0
2018-06-29 00:00:00-04:00,110.0,112.08999633789062,109.58999633789062,109.8499984741211,74.29952239990234,2003600.0
2018-07-02 00:00:00-04:00,108.98999786376953,109.2300033569336,107.26000213623047,107.55000305175781,72.7439193725586,2360800.0
2018-07-03 00:00:00-04:00,108.47000122070312,108.91000366210938,106.63999938964844,106.76000213623047,72.20956420898438,878800.0
2018-07-05 00:00:00-04:00,107.20999908447266,108.16999816894531,106.94999694824219,107.83000183105469,72.93330383300781,1430400.0
2018-07-06 00:00:00-04:00,107.44000244140625,108.98999786376953,106.70999908447266,108.56999969482422,73.43379211425781,1967600.0
2018-07-09 00:00:00-04:00,109.2699966430664,110.77999877929688,108.58999633789062,110.52999877929688,74.75946807861328,2444900.0
2018-07-10 00:00:00-04:00,110.91999816894531,111.83999633789062,109.4000015258789,110.19000244140625,74.5295181274414,1981600.0
2018-07-11 00:00:00-04:00,109.0,109.0,105.41000366210938,106.68000030517578,72.15545654296875,3300600.0
2018-07-12 00:00:00-04:00,107.5,107.62999725341797,105.66000366210938,106.72000122070312,72.18251037597656,2094600.0
2018-07-13 00:00:00-04:00,106.86000061035156,107.87999725341797,106.41000366210938,107.37999725341797,72.62889862060547,1694500.0
2018-07-16 00:00:00-04:00,106.8499984741211,107.66000366210938,105.81999969482422,106.22000122070312,71.84432983398438,2232100.0
2018-07-17 00:00:00-04:00,106.29000091552734,108.38999938964844,106.29000091552734,108.11000061035156,73.1226806640625,1709400.0
2018-07-18 00:00:00-04:00,107.87999725341797,109.23999786376953,107.66000366210938,108.61000061035156,73.46084594726562,1514100.0
2018-07-19 00:00:00-04:00,108.51000213623047,109.02999877929688,107.86000061035156,108.55999755859375,73.42703247070312,1378700.0
2018-07-20 00:00:00-04:00,108.13999938964844,108.61000061035156,107.52999877929688,107.93000030517578,73.00092315673828,1283300.0
2018-07-23 00:00:00-04:00,108.41000366210938,108.51000213623047,107.05000305175781,107.58000183105469,72.76420593261719,1460700.0
2018-07-24 00:00:00-04:00,107.56999969482422,109.4000015258789,107.56999969482422,108.37000274658203,73.29853820800781,2452900.0
2018-07-25 00:00:00-04:00,108.25,109.61000061035156,107.56999969482422,109.41999816894531,74.00872039794922,1408400.0
2018-07-26 00:00:00-04:00,109.37999725341797,111.19999694824219,109.37999725341797,110.94999694824219,75.0435562133789,1642000.0
2018-07-27 00:00:00-04:00,111.19000244140625,111.25,108.9800033569336,109.48999786376953,74.05607604980469,1098000.0
2018-07-30 00:00:00-04:00,109.51000213623047,110.25,109.01000213623047,109.11000061035156,73.79904174804688,1282500.0
2018-07-31 00:00:00-04:00,109.61000061035156,110.97000122070312,109.18000030517578,110.79000091552734,74.93534088134766,1872400.0
2018-08-01 00:00:00-04:00,110.7699966430664,111.5,110.02999877929688,110.11000061035156,74.47540283203125,1511000.0
2018-08-02 00:00:00-04:00,108.75,109.04000091552734,107.56999969482422,108.47000122070312,73.36616516113281,1874000.0
2018-08-03 00:00:00-04:00,110.61000061035156,112.79000091552734,108.6500015258789,112.1500015258789,75.85521697998047,2851100.0
2018-08-06 00:00:00-04:00,112.08000183105469,113.62000274658203,111.5,113.01000213623047,76.4368896484375,1713300.0
2018-08-07 00:00:00-04:00,113.7300033569336,114.37999725341797,112.80999755859375,113.4000015258789,76.70068359375,1179400.0
2018-08-08 00:00:00-04:00,113.0,113.43000030517578,111.87000274658203,113.06999969482422,76.47748565673828,1469000.0
2018-08-09 00:00:00-04:00,113.33000183105469,114.44999694824219,113.22000122070312,113.37999725341797,76.68714904785156,1119300.0
2018-08-10 00:00:00-04:00,112.55000305175781,113.01000213623047,111.91000366210938,112.56999969482422,76.13929748535156,1766500.0
2018-08-13 00:00:00-04:00,113.18000030517578,114.33999633789062,111.54000091552734,111.58000183105469,75.46968841552734,1997200.0
2018-08-14 00:00:00-04:00,112.4000015258789,113.8499984741211,112.16999816894531,113.19000244140625,76.55864715576172,1319800.0
2018-08-15 00:00:00-04:00,111.69000244140625,111.88999938964844,108.80000305175781,110.76000213623047,74.91505432128906,2469600.0
2018-08-16 00:00:00-04:00,111.55000305175781,112.66000366210938,111.51000213623047,111.94999694824219,75.71993255615234,1642300.0
2018-08-17 00:00:00-04:00,111.87999725341797,113.37000274658203,111.61000061035156,113.0999984741211,76.49778747558594,1769000.0
2018-08-20 00:00:00-04:00,113.8499984741211,114.94999694824219,113.44000244140625,113.98999786376953,77.09973907470703,1405000.0
2018-08-21 00:00:00-04:00,114.20999908447266,115.94000244140625,114.20999908447266,114.94000244140625,77.74229431152344,1486000.0
2018-08-22 00:00:00-04:00,115.73999786376953,116.13999938964844,114.47000122070312,114.7699966430664,77.62731170654297,1151700.0
2018-08-23 00:00:00-04:00,114.88999938964844,114.88999938964844,113.30000305175781,114.02999877929688,77.12680053710938,1132100.0
2018-08-24 00:00:00-04:00,114.80999755859375,115.4000015258789,113.75,115.12000274658203,77.86405944824219,1091700.0
2018-08-27 00:00:00-04:00,115.29000091552734,116.62999725341797,114.68000030517578,115.94999694824219,78.4254379272461,1693800.0
2018-08-28 00:00:00-04:00,116.05999755859375,116.54000091552734,114.05999755859375,114.97000122070312,77.76258087158203,1875100.0
2018-08-29 00:00:00-04:00,115.19999694824219,115.36000061035156,113.93000030517578,114.9800033569336,77.76936340332031,1305700.0
2018-08-30 00:00:00-04:00,114.51000213623047,114.5199966430664,112.54000091552734,113.6500015258789,76.86976623535156,1983600.0
2018-08-31 00:00:00-04:00,113.36000061035156,113.7699966430664,112.33999633789062,112.77999877929688,76.28132629394531,1651800.0
2018-09-04 00:00:00-04:00,111.94999694824219,112.25,110.54000091552734,111.01000213623047,75.75586700439453,2010900.0
2018-09-05 00:00:00-04:00,110.5,111.75,110.04000091552734,111.66999816894531,76.20626831054688,2652800.0
2018-09-06 00:00:00-04:00,112.0,113.23999786376953,111.36000061035156,112.23999786376953,76.59525299072266,2136900.0
2018-09-07 00:00:00-04:00,110.68000030517578,110.72000122070312,107.55999755859375,108.62999725341797,74.13170623779297,2708800.0
2018-09-10 00:00:00-04:00,109.58999633789062,110.69000244140625,106.66000366210938,106.87999725341797,72.93745422363281,3232700.0
2018-09-11 00:00:00-04:00,106.11000061035156,107.16999816894531,104.9000015258789,106.54000091552734,72.70542907714844,2638600.0
2018-09-12 00:00:00-04:00,106.38999938964844,107.41999816894531,106.04000091552734,106.08999633789062,72.3983383178711,3217300.0
2018-09-13 00:00:00-04:00,107.04000091552734,107.48999786376953,104.93000030517578,104.95999908447266,71.62721252441406,2654500.0
2018-09-14 00:00:00-04:00,105.02999877929688,106.05999755859375,103.8499984741211,105.30999755859375,71.86605834960938,3381600.0
2018-09-17 00:00:00-04:00,104.05999755859375,105.02999877929688,103.08999633789062,103.45999908447266,70.60355377197266,3579400.0
2018-09-18 00:00:00-04:00,103.1500015258789,103.5999984741211,100.7300033569336,102.0999984741211,69.67548370361328,3874500.0
2018-09-19 00:00:00-04:00,99.68000030517578,102.93000030517578,99.11000061035156,102.70999908447266,70.09175109863281,4317900.0
2018-09-20 00:00:00-04:00,104.04000091552734,105.36000061035156,103.75,104.48999786376953,71.30643463134766,3520800.0
2018-09-21 00:00:00-04:00,105.0,105.63999938964844,104.75,105.20999908447266,71.79782104492188,4733800.0
2018-09-24 00:00:00-04:00,105.37999725341797,105.4800033569336,103.33000183105469,104.3499984741211,71.21092224121094,1752900.0
2018-09-25 00:00:00-04:00,104.25,105.08000183105469,103.77999877929688,104.80000305175781,71.51802062988281,2078400.0
2018-09-26 00:00:00-04:00,104.44999694824219,105.44999694824219,104.0,104.29000091552734,71.16998291015625,2375400.0
2018-09-27 00:00:00-04:00,103.83000183105469,104.38999938964844,102.5999984741211,102.77999877929688,70.13951873779297,1900700.0
2018-09-28 00:00:00-04:00,102.26000213623047,102.83999633789062,100.93000030517578,102.51000213623047,69.95526885986328,2441100.0
2018-10-01 00:00:00-04:00,102.94999694824219,104.98999786376953,102.94999694824219,104.04000091552734,70.9993667602539,2411900.0
2018-10-02 00:00:00-04:00,104.41000366210938,106.31999969482422,104.29000091552734,105.7300033569336,72.15267181396484,2443000.0
2018-10-03 00:00:00-04:00,105.95999908447266,106.61000061035156,104.58000183105469,105.77999877929688,72.186767578125,2321600.0
2018-10-04 00:00:00-04:00,105.95999908447266,105.95999908447266,103.12999725341797,103.91999816894531,70.91747283935547,2641600.0
2018-10-05 00:00:00-04:00,103.94999694824219,104.61000061035156,103.18000030517578,103.5,70.63087463378906,2565500.0
2018-10-08 00:00:00-04:00,102.88999938964844,104.75,102.55000305175781,104.22000122070312,71.1222152709961,1929700.0
2018-10-09 00:00:00-04:00,103.75,103.83000183105469,99.51000213623047,99.70999908447266,68.0444564819336,3310000.0
2018-10-10 00:00:00-04:00,100.48999786376953,100.48999786376953,97.48999786376953,97.62000274658203,66.61820983886719,5274500.0
2018-10-11 00:00:00-04:00,97.55000305175781,99.6500015258789,96.80999755859375,97.02999877929688,66.21558380126953,3704400.0
2018-10-12 00:00:00-04:00,98.0999984741211,99.23999786376953,97.02999877929688,97.5,66.53630828857422,3335100.0
2018-10-15 00:00:00-04:00,97.5199966430664,98.37000274658203,96.93000030517578,96.94000244140625,66.1541748046875,2051000.0
2018-10-16 00:00:00-04:00,97.37000274658203,97.87000274658203,97.02999877929688,97.62999725341797,66.62503814697266,2636900.0
2018-10-17 00:00:00-04:00,97.63999938964844,98.33000183105469,95.88999938964844,96.22000122070312,65.6628189086914,2408400.0
2018-10-18 00:00:00-04:00,96.05000305175781,97.33999633789062,94.20999908447266,94.79000091552734,64.68695831298828,3205700.0
2018-10-19 00:00:00-04:00,95.44999694824219,96.0,92.87999725341797,93.58999633789062,63.868038177490234,3203000.0
2018-10-22 00:00:00-04:00,94.2699966430664,94.48999786376953,91.25,91.94000244140625,62.74203872680664,3513700.0
2018-10-23 00:00:00-04:00,90.08000183105469,90.7300033569336,88.91000366210938,90.0,61.418121337890625,3388000.0
2018-10-24 00:00:00-04:00,90.41999816894531,90.63999938964844,86.41000366210938,86.56999969482422,59.07742691040039,3708100.0
2018-10-25 00:00:00-04:00,87.63999938964844,90.08000183105469,87.58000183105469,89.19999694824219,60.872188568115234,3399100.0
2018-10-26 00:00:00-04:00,88.12999725341797,90.5199966430664,87.5,89.2300033569336,60.892677307128906,3358800.0
2018-10-29 00:00:00-04:00,90.7300033569336,91.41999816894531,88.19000244140625,88.44999694824219,60.36037826538086,3172900.0
2018-10-30 00:00:00-04:00,89.06999969482422,90.0,85.5999984741211,88.81999969482422,60.61288833618164,5161400.0
2018-10-31 00:00:00-04:00,90.02999877929688,91.16999816894531,88.68000030517578,89.2699966430664,60.919960021972656,4470200.0
2018-11-01 00:00:00-04:00,91.19000244140625,92.91999816894531,90.11000061035156,92.52999877929688,63.14466857910156,3317500.0
2018-11-02 00:00:00-04:00,93.77999877929688,94.27999877929688,92.25,93.0999984741211,63.533668518066406,3815800.0
2018-11-05 00:00:00-05:00,93.54000091552734,93.97000122070312,92.62999725341797,93.48999786376953,63.79981231689453,1882300.0
2018-11-06 00:00:00-05:00,94.22000122070312,95.55000305175781,94.01000213623047,95.08000183105469,64.8848648071289,2539400.0
2018-11-07 00:00:00-05:00,95.58000183105469,96.94000244140625,94.52999877929688,96.8499984741211,66.09273529052734,3615800.0
2018-11-08 00:00:00-05:00,95.86000061035156,96.58999633789062,94.9000015258789,96.52999877929688,65.87438201904297,3906500.0
2018-11-09 00:00:00-05:00,95.2699966430664,96.51000213623047,94.9000015258789,96.05999755859375,65.55361938476562,3141600.0
2018-11-12 00:00:00-05:00,96.16000366210938,96.8499984741211,94.98999786376953,95.23999786376953,64.9940414428711,3014800.0
2018-11-13 00:00:00-05:00,95.08999633789062,96.05000305175781,91.77999877929688,92.06999969482422,62.830745697021484,4514000.0
2018-11-14 00:00:00-05:00,92.19000244140625,93.86000061035156,90.97000122070312,91.87999725341797,62.70109558105469,4797300.0
2018-11-15 00:00:00-05:00,91.87999725341797,94.04000091552734,91.72000122070312,93.44000244140625,63.76568603515625,3332700.0
2018-11-16 00:00:00-05:00,93.19000244140625,96.30999755859375,92.86000061035156,95.43000030517578,65.12370300292969,3096400.0
2018-11-19 00:00:00-05:00,94.62000274658203,94.9000015258789,92.55000305175781,92.77999877929688,63.315277099609375,2780300.0
2018-11-20 00:00:00-05:00,92.5,93.2699966430664,91.06999969482422,91.4000015258789,62.3735466003418,3156200.0
2018-11-21 00:00:00-05:00,92.08000183105469,93.68000030517578,91.73999786376953,92.37999725341797,63.04230499267578,2158000.0
2018-11-23 00:00:00-05:00,91.0199966430664,91.80999755859375,90.61000061035156,90.83999633789062,61.991355895996094,1079200.0
2018-11-26 00:00:00-05:00,91.62999725341797,92.5,91.30999755859375,92.0999984741211,62.85122299194336,1946300.0
2018-11-27 00:00:00-05:00,91.33000183105469,92.16999816894531,90.22000122070312,91.18000030517578,62.22339630126953,2359700.0
2018-11-28 00:00:00-05:00,91.5,92.08000183105469,89.52999877929688,92.0199966430664,62.79664993286133,2074700.0
2018-11-29 00:00:00-05:00,92.44000244140625,93.87000274658203,91.93000030517578,93.0199966430664,63.47905731201172,2503700.0
2018-11-30 00:00:00-05:00,92.23999786376953,93.5199966430664,91.5199966430664,93.30999755859375,63.67696762084961,3189400.0
2018-12-03 00:00:00-05:00,95.98999786376953,96.7699966430664,93.01000213623047,94.31999969482422,64.36621856689453,3184800.0
2018-12-04 00:00:00-05:00,94.06999969482422,94.5199966430664,89.30999755859375,90.56999969482422,61.8071174621582,4164800.0
2018-12-06 00:00:00-05:00,88.79000091552734,88.86000061035156,86.37000274658203,88.2300033569336,60.21025085449219,3870600.0
2018-12-07 00:00:00-05:00,88.27999877929688,89.97000122070312,84.16999816894531,84.37000274658203,58.23614501953125,3944400.0
2018-12-10 00:00:00-05:00,84.12999725341797,84.94999694824219,82.41000366210938,84.43000030517578,58.27755355834961,3363700.0
2018-12-11 00:00:00-05:00,86.16000366210938,86.75,84.08999633789062,84.81999969482422,58.54676055908203,2536000.0
2018-12-12 00:00:00-05:00,86.93000030517578,87.1500015258789,85.23999786376953,85.44000244140625,58.97471237182617,2577700.0
2018-12-13 00:00:00-05:00,85.33999633789062,85.80000305175781,83.26000213623047,83.68000030517578,57.75986862182617,2501500.0
2018-12-14 00:00:00-05:00,82.77999877929688,84.44000244140625,81.94999694824219,82.33999633789062,56.834938049316406,2396200.0
2018-12-17 00:00:00-05:00,81.5,84.27999877929688,81.05000305175781,82.19000244140625,56.73139572143555,2719800.0
2018-12-18 00:00:00-05:00,82.98999786376953,84.23999786376953,82.0199966430664,82.45999908447266,56.917781829833984,2675800.0
2018-12-19 00:00:00-05:00,82.41999816894531,84.37000274658203,80.22000122070312,80.66000366210938,55.675331115722656,2872900.0
2018-12-20 00:00:00-05:00,80.12999725341797,81.83000183105469,78.31999969482422,79.56999969482422,54.92295837402344,3778900.0
2018-12-21 00:00:00-05:00,79.4800033569336,81.30000305175781,78.80999755859375,79.01000213623047,54.53641128540039,4470400.0
2018-12-24 00:00:00-05:00,78.91999816894531,80.61000061035156,77.88999938964844,78.5199966430664,54.19819641113281,1634400.0
2018-12-26 00:00:00-05:00,78.62999725341797,81.47000122070312,77.5199966430664,81.41999816894531,56.19991683959961,2786000.0
2018-12-27 00:00:00-05:00,80.08999633789062,83.43000030517578,79.62999725341797,83.43000030517578,57.587310791015625,2097800.0
2018-12-28 00:00:00-05:00,83.68000030517578,84.12999725341797,81.9800033569336,82.37999725341797,56.862571716308594,1865600.0
2018-12-31 00:00:00-05:00,82.6500015258789,83.69999694824219,82.05999755859375,83.16000366210938,57.400943756103516,1699900.0
2019-01-02 00:00:00-05:00,81.70999908447266,84.6500015258789,81.66000366210938,83.88999938964844,57.90483474731445,1557200.0
2019-01-03 00:00:00-05:00,83.66999816894531,84.38999938964844,81.9000015258789,82.26000213623047,56.77971649169922,2205600.0
2019-01-04 00:00:00-05:00,86.27999877929688,87.38999938964844,84.12999725341797,86.69999694824219,59.84440994262695,3721000.0
2019-01-07 00:00:00-05:00,86.55000305175781,88.0,85.36000061035156,86.94000244140625,60.01008605957031,2283500.0
2019-01-08 00:00:00-05:00,87.70999908447266,89.02999877929688,87.51000213623047,88.61000061035156,61.162784576416016,1962500.0
2019-01-09 00:00:00-05:00,88.9000015258789,89.2300033569336,87.58999633789062,88.11000061035156,60.817665100097656,2299200.0
2019-01-10 00:00:00-05:00,87.3499984741211,87.69999694824219,86.41000366210938,87.4000015258789,60.32760238647461,2400000.0
2019-01-11 00:00:00-05:00,87.16000366210938,87.16000366210938,85.79000091552734,86.0,59.36125183105469,2614900.0
2019-01-14 00:00:00-05:00,85.19999694824219,86.45999908447266,84.91999816894531,85.70999908447266,59.161075592041016,2403700.0
2019-01-15 00:00:00-05:00,85.6500015258789,85.95999908447266,84.12999725341797,84.58000183105469,58.381099700927734,2032100.0
2019-01-16 00:00:00-05:00,84.37999725341797,85.54000091552734,84.30000305175781,84.77999877929688,58.51914596557617,2671100.0
2019-01-17 00:00:00-05:00,84.11000061035156,85.95999908447266,84.11000061035156,85.8499984741211,59.25770568847656,3378400.0
2019-01-18 00:00:00-05:00,86.83000183105469,88.26000213623047,86.33000183105469,87.86000061035156,60.64510726928711,2885400.0
2019-01-22 00:00:00-05:00,86.98999786376953,87.45999908447266,85.19999694824219,85.80000305175781,59.22319793701172,2512800.0
2019-01-23 00:00:00-05:00,85.80999755859375,86.26000213623047,83.83999633789062,84.43000030517578,58.27755355834961,2142100.0
2019-01-24 00:00:00-05:00,84.3499984741211,84.83999633789062,83.56999969482422,83.95999908447266,57.9531364440918,2487400.0
2019-01-25 00:00:00-05:00,85.0999984741211,86.73999786376953,85.0999984741211,86.20999908447266,59.506195068359375,2603300.0
2019-01-28 00:00:00-05:00,85.5199966430664,86.3499984741211,84.73999786376953,86.13999938964844,59.4578742980957,2383200.0
2019-01-29 00:00:00-05:00,86.27999877929688,87.5999984741211,85.7300033569336,87.08999633789062,60.11362838745117,1655100.0
2019-01-30 00:00:00-05:00,87.75,88.73999786376953,86.45999908447266,88.22000122070312,60.89357376098633,2579400.0
2019-01-31 00:00:00-05:00,86.5,87.08000183105469,85.26000213623047,86.97000122070312,60.03079605102539,4201100.0
2019-02-01 00:00:00-05:00,85.26000213623047,88.98999786376953,85.08999633789062,88.88999938964844,61.35605239868164,4596600.0
2019-02-04 00:00:00-05:00,88.27999877929688,88.3499984741211,86.30000305175781,87.69000244140625,60.52775955200195,3331900.0
2019-02-05 00:00:00-05:00,87.37999725341797,88.3499984741211,86.87000274658203,87.56999969482422,60.44493865966797,2745100.0
2019-02-06 00:00:00-05:00,87.62000274658203,88.12000274658203,86.2300033569336,87.19999694824219,60.189537048339844,2004000.0
2019-02-07 00:00:00-05:00,86.9000015258789,87.33999633789062,84.22000122070312,84.58999633789062,58.388004302978516,2329600.0
2019-02-08 00:00:00-05:00,84.22000122070312,85.45999908447266,83.76000213623047,84.58000183105469,58.381099700927734,2293300.0
2019-02-11 00:00:00-05:00,84.62999725341797,84.9000015258789,83.4800033569336,83.91000366210938,57.91862487792969,3317200.0
2019-02-12 00:00:00-05:00,84.63999938964844,86.4000015258789,84.3499984741211,85.45999908447266,58.98851013183594,3759400.0
2019-02-13 00:00:00-05:00,85.87000274658203,86.5199966430664,84.9000015258789,86.05000305175781,59.395755767822266,2539700.0
2019-02-14 00:00:00-05:00,85.5999984741211,87.51000213623047,85.27999877929688,86.31999969482422,59.58212661743164,2172400.0
2019-02-15 00:00:00-05:00,87.25,88.44000244140625,86.9800033569336,87.63999938964844,60.493247985839844,1893200.0
2019-02-19 00:00:00-05:00,87.05999755859375,88.12999725341797,86.31999969482422,87.4800033569336,60.38279724121094,2321000.0
2019-02-20 00:00:00-05:00,87.3499984741211,89.73999786376953,87.2699966430664,89.16000366210938,61.54243469238281,2368800.0
2019-02-21 00:00:00-05:00,89.31999969482422,89.69999694824219,87.88999938964844,88.5,61.08686828613281,2165600.0
2019-02-22 00:00:00-05:00,89.41000366210938,89.55000305175781,88.62000274658203,89.13999938964844,61.52861404418945,2143200.0
2019-02-25 00:00:00-05:00,89.2699966430664,89.48999786376953,88.4800033569336,88.58999633789062,61.14897918701172,2341400.0
2019-02-26 00:00:00-05:00,88.4800033569336,88.66000366210938,86.79000091552734,86.86000061035156,59.95485305786133,2669000.0
2019-02-27 00:00:00-05:00,86.79000091552734,87.05999755859375,86.0,86.69000244140625,59.83750915527344,1760600.0
2019-02-28 00:00:00-05:00,86.66000366210938,86.70999908447266,85.12000274658203,85.5199966430664,59.02992630004883,2290600.0
2019-03-01 00:00:00-05:00,85.43000030517578,86.87000274658203,84.33999633789062,85.05000305175781,59.40009307861328,2816700.0
2019-03-04 00:00:00-05:00,86.94000244140625,86.94000244140625,84.0199966430664,85.0999984741211,59.43501281738281,1723200.0
2019-03-05 00:00:00-05:00,84.91999816894531,85.22000122070312,84.0199966430664,84.12000274658203,58.75056838989258,3336600.0
2019-03-06 00:00:00-05:00,86.54000091552734,89.7699966430664,85.58999633789062,89.26000213623047,62.340415954589844,4048500.0
2019-03-07 00:00:00-05:00,88.88999938964844,89.0,86.2300033569336,87.11000061035156,60.83881378173828,3067500.0
2019-03-08 00:00:00-05:00,86.19999694824219,87.37000274658203,85.38999938964844,87.13999938964844,60.85978317260742,2307800.0
2019-03-11 00:00:00-04:00,87.68000030517578,88.95999908447266,87.41999816894531,88.69999694824219,61.94928741455078,2089100.0
2019-03-12 00:00:00-04:00,88.9000015258789,90.36000061035156,88.81999969482422,89.27999877929688,62.3543586730957,3080800.0
2019-03-13 00:00:00-04:00,89.33000183105469,90.27999877929688,88.79000091552734,88.87999725341797,62.07499694824219,2112800.0
2019-03-14 00:00:00-04:00,88.58000183105469,89.01000213623047,87.41999816894531,87.44000244140625,61.06929397583008,2334000.0
2019-03-15 00:00:00-04:00,87.58000183105469,88.54000091552734,86.80999755859375,87.0,60.76199722290039,4340200.0
2019-03-18 00:00:00-04:00,87.44999694824219,87.44999694824219,85.94000244140625,87.2699966430664,60.95057678222656,1885800.0
2019-03-19 00:00:00-04:00,88.06999969482422,88.1500015258789,86.31999969482422,86.95999908447266,60.73406982421875,2492000.0
2019-03-20 00:00:00-04:00,86.80999755859375,87.19999694824219,85.9000015258789,86.33000183105469,60.29404830932617,2245400.0
2019-03-21 00:00:00-04:00,86.25,89.70999908447266,86.0999984741211,88.30999755859375,61.676902770996094,2534400.0
2019-03-22 00:00:00-04:00,87.5199966430664,87.72000122070312,84.95999908447266,85.06999969482422,59.41404342651367,2473000.0
2019-03-25 00:00:00-04:00,85.12000274658203,85.54000091552734,83.19999694824219,83.47000122070312,58.296592712402344,2237600.0
2019-03-26 00:00:00-04:00,84.47000122070312,84.91999816894531,83.31999969482422,84.30999755859375,58.883270263671875,2071400.0
2019-03-27 00:00:00-04:00,84.5999984741211,85.0,82.8499984741211,83.48999786376953,58.31055450439453,2373100.0
2019-03-28 00:00:00-04:00,83.91999816894531,84.30999755859375,83.11000061035156,83.86000061035156,58.56898880004883,2250500.0
2019-03-29 00:00:00-04:00,83.55000305175781,84.30999755859375,83.16999816894531,84.08000183105469,58.72262191772461,2184500.0
2019-04-01 00:00:00-04:00,85.05999755859375,87.2699966430664,85.0,87.16999816894531,60.88071823120117,2244700.0
2019-04-02 00:00:00-04:00,87.16999816894531,89.80000305175781,86.56999969482422,89.36000061035156,62.410247802734375,3851600.0
2019-04-03 00:00:00-04:00,90.41999816894531,91.9000015258789,89.91999816894531,90.58000183105469,63.26231002807617,3408600.0
2019-04-04 00:00:00-04:00,90.30999755859375,92.66000366210938,90.1500015258789,92.19999694824219,64.39375305175781,2563200.0
2019-04-05 00:00:00-04:00,92.52999877929688,93.2300033569336,90.48999786376953,91.05999755859375,63.5975456237793,4842500.0
2019-04-08 00:00:00-04:00,91.26000213623047,91.94000244140625,90.76000213623047,91.33000183105469,63.7861328125,1726300.0
2019-04-09 00:00:00-04:00,90.77999877929688,91.05999755859375,89.7699966430664,90.25,63.03184509277344,1329100.0
2019-04-10 00:00:00-04:00,90.6500015258789,90.8499984741211,88.79000091552734,89.55999755859375,62.54994201660156,2170200.0
2019-04-11 00:00:00-04:00,89.80999755859375,90.80000305175781,89.55999755859375,90.51000213623047,63.21345138549805,1820900.0
2019-04-12 00:00:00-04:00,92.94000244140625,95.19000244140625,91.20999908447266,92.29000091552734,64.45658111572266,4059000.0
2019-04-15 00:00:00-04:00,93.20999908447266,93.81999969482422,92.19999694824219,92.22000122070312,64.40773010253906,3238600.0
2019-04-16 00:00:00-04:00,92.4000015258789,92.4000015258789,90.98999786376953,92.16999816894531,64.37278747558594,1848500.0
2019-04-17 00:00:00-04:00,92.68000030517578,93.27999877929688,91.73999786376953,91.76000213623047,64.08646392822266,1546500.0
2019-04-18 00:00:00-04:00,91.8499984741211,92.06999969482422,90.4800033569336,91.79000091552734,64.10739135742188,2124800.0
2019-04-22 00:00:00-04:00,92.20999908447266,92.8499984741211,91.55000305175781,91.98999786376953,64.24707794189453,1459900.0
2019-04-23 00:00:00-04:00,91.87999725341797,92.45999908447266,91.38999938964844,92.01000213623047,64.26104736328125,2094000.0
2019-04-24 00:00:00-04:00,92.13999938964844,92.1500015258789,90.16000366210938,90.58999633789062,63.269287109375,2292400.0
2019-04-25 00:00:00-04:00,90.63999938964844,90.68000030517578,88.11000061035156,88.66000366210938,61.92137145996094,2506300.0
2019-04-26 00:00:00-04:00,87.66000366210938,88.95999908447266,86.7699966430664,88.01000213623047,61.467403411865234,3376800.0
2019-04-29 00:00:00-04:00,87.87999725341797,89.54000091552734,87.16000366210938,89.08999633789062,62.2216682434082,2855000.0
2019-04-30 00:00:00-04:00,89.26000213623047,89.81999969482422,87.37000274658203,88.2300033569336,61.62104034423828,3103000.0
2019-05-01 00:00:00-04:00,88.29000091552734,89.13999938964844,86.36000061035156,86.47000122070312,60.391841888427734,2479200.0
2019-05-02 00:00:00-04:00,86.16000366210938,87.80999755859375,85.0199966430664,85.95999908447266,60.03564453125,3105000.0
2019-05-03 00:00:00-04:00,86.48999786376953,87.19999694824219,86.0999984741211,87.0199966430664,60.77595901489258,1249900.0
2019-05-06 00:00:00-04:00,85.51000213623047,85.68000030517578,84.58000183105469,85.20999908447266,59.51182174682617,1706800.0
2019-05-07 00:00:00-04:00,84.01000213623047,84.44999694824219,82.76000213623047,83.25,58.1429443359375,2522300.0
2019-05-08 00:00:00-04:00,83.16000366210938,83.77999877929688,82.94000244140625,82.98999786376953,57.96134567260742,2312000.0
2019-05-09 00:00:00-04:00,82.08999633789062,82.16999816894531,80.51000213623047,81.9800033569336,57.25594711303711,2168600.0
2019-05-10 00:00:00-04:00,82.05000305175781,83.04000091552734,81.16000366210938,82.66000366210938,57.73088455200195,1817700.0
2019-05-13 00:00:00-04:00,81.05999755859375,81.33000183105469,78.91999816894531,79.9000015258789,55.803253173828125,2740500.0
2019-05-14 00:00:00-04:00,80.16000366210938,81.0999984741211,80.16000366210938,80.5199966430664,56.236270904541016,1844400.0
2019-05-15 00:00:00-04:00,80.01000213623047,81.12000274658203,79.37000274658203,80.73999786376953,56.389923095703125,1691900.0
2019-05-16 00:00:00-04:00,81.51000213623047,82.22000122070312,81.2300033569336,81.80000305175781,57.1302375793457,2199600.0
2019-05-17 00:00:00-04:00,80.80000305175781,81.2699966430664,79.79000091552734,80.1500015258789,55.977867126464844,1727500.0
2019-05-20 00:00:00-04:00,79.5,80.6500015258789,79.4000015258789,79.86000061035156,55.775333404541016,1812500.0
2019-05-21 00:00:00-04:00,80.41000366210938,81.98999786376953,80.13999938964844,81.58000183105469,56.97658157348633,2201500.0
2019-05-22 00:00:00-04:00,81.20999908447266,81.20999908447266,80.16999816894531,80.6500015258789,56.32707595825195,1746500.0
2019-05-23 00:00:00-04:00,79.16000366210938,79.80999755859375,78.48999786376953,78.6500015258789,54.93024444580078,2226900.0
2019-05-24 00:00:00-04:00,79.43000030517578,79.5199966430664,77.23999786376953,77.93000030517578,54.42738723754883,3127600.0
2019-05-28 00:00:00-04:00,78.13999938964844,78.41000366210938,76.81999969482422,76.98999786376953,53.770877838134766,3613000.0
2019-05-29 00:00:00-04:00,76.13999938964844,77.95999908447266,76.06999969482422,77.77999877929688,54.32262420654297,1966500.0
2019-05-30 00:00:00-04:00,77.98999786376953,78.47000122070312,77.31999969482422,77.41000366210938,54.064208984375,1788500.0
2019-05-31 00:00:00-04:00,76.55999755859375,77.0199966430664,73.94000244140625,74.25,51.85721969604492,3502100.0
2019-06-03 00:00:00-04:00,74.44000244140625,77.7300033569336,74.30000305175781,77.69000244140625,54.2597541809082,3602800.0
2019-06-04 00:00:00-04:00,81.08999633789062,83.75,79.52999877929688,82.05000305175781,57.30485534667969,5669900.0
2019-06-05 00:00:00-04:00,82.12000274658203,82.31999969482422,80.05999755859375,80.9800033569336,56.55752944946289,3289800.0
2019-06-06 00:00:00-04:00,80.91999816894531,80.95999908447266,78.83999633789062,80.36000061035156,56.12452697753906,3788000.0
2019-06-07 00:00:00-04:00,79.9000015258789,79.94000244140625,78.81999969482422,79.22000122070312,56.06083679199219,2824300.0
2019-06-10 00:00:00-04:00,83.36000061035156,84.4800033569336,82.55999755859375,83.6500015258789,59.195777893066406,5315700.0
2019-06-11 00:00:00-04:00,84.77999877929688,85.58000183105469,84.22000122070312,84.51000213623047,59.80435562133789,4841100.0
2019-06-12 00:00:00-04:00,84.7699966430664,85.8499984741211,84.36000061035156,85.38999938964844,60.42710494995117,3385100.0
2019-06-13 00:00:00-04:00,85.87000274658203,86.68000030517578,85.5999984741211,86.38999938964844,61.134765625,3959300.0
2019-06-14 00:00:00-04:00,86.16999816894531,86.88999938964844,85.62999725341797,86.5,61.21261215209961,2409500.0
2019-06-17 00:00:00-04:00,85.11000061035156,86.2699966430664,84.76000213623047,85.70999908447266,60.65354919433594,3514300.0
2019-06-18 00:00:00-04:00,86.55999755859375,86.86000061035156,85.83000183105469,86.55000305175781,61.24800491333008,3223900.0
2019-06-19 00:00:00-04:00,87.0,87.08000183105469,85.87000274658203,86.20999908447266,61.007381439208984,2037400.0
2019-06-20 00:00:00-04:00,87.25,87.36000061035156,86.12999725341797,86.58999633789062,61.27629089355469,3600600.0
2019-06-21 00:00:00-04:00,86.08000183105469,87.30999755859375,85.98999786376953,86.45999908447266,61.18430709838867,5262100.0
2019-06-24 00:00:00-04:00,86.19999694824219,87.31999969482422,86.0999984741211,86.95999908447266,61.53813552856445,2564100.0
2019-06-25 00:00:00-04:00,86.94000244140625,87.19999694824219,86.22000122070312,86.56999969482422,61.26214599609375,2509500.0
2019-06-26 00:00:00-04:00,86.5,87.2699966430664,86.23999786376953,86.2699966430664,61.04985427856445,3556400.0
2019-06-27 00:00:00-04:00,86.5,87.19999694824219,86.36000061035156,86.63999938964844,61.31167984008789,2986500.0
2019-06-28 00:00:00-04:00,86.73999786376953,87.05000305175781,86.12000274658203,86.12999725341797,60.95074462890625,6872900.0
2019-07-01 00:00:00-04:00,86.9000015258789,87.69999694824219,86.66999816894531,87.27999877929688,61.76457214355469,2734100.0
2019-07-02 00:00:00-04:00,87.31999969482422,87.45999908447266,86.55000305175781,87.08000183105469,61.623050689697266,5112900.0
2019-07-03 00:00:00-04:00,87.12000274658203,87.5,86.98999786376953,87.3499984741211,61.814109802246094,2584100.0
2019-07-05 00:00:00-04:00,87.0999984741211,87.45999908447266,86.87999725341797,87.41999816894531,61.863651275634766,6004700.0
2019-07-08 00:00:00-04:00,87.26000213623047,87.6500015258789,87.1500015258789,87.37000274658203,61.828269958496094,10150600.0
2019-07-09 00:00:00-04:00,88.25,88.37999725341797,84.19999694824219,84.6500015258789,59.9034309387207,12137500.0
2019-07-10 00:00:00-04:00,84.80000305175781,85.23999786376953,83.66000366210938,84.08000183105469,59.50004959106445,3495200.0
2019-07-11 00:00:00-04:00,84.27999877929688,85.05999755859375,83.70999908447266,84.91999816894531,60.09449768066406,2845300.0
2019-07-12 00:00:00-04:00,84.91000366210938,86.30999755859375,84.91000366210938,86.05000305175781,60.89414978027344,2791100.0
2019-07-15 00:00:00-04:00,85.91000366210938,86.41999816894531,84.62000274658203,85.87999725341797,60.77384567260742,3588700.0
2019-07-16 00:00:00-04:00,86.12999725341797,89.0,85.91999816894531,87.80000305175781,62.132572174072266,3233100.0
2019-07-17 00:00:00-04:00,87.70999908447266,87.70999908447266,85.72000122070312,85.7300033569336,60.66770553588867,2087200.0
2019-07-18 00:00:00-04:00,85.62999725341797,86.7699966430664,85.5,85.72000122070312,60.660648345947266,1984600.0
2019-07-19 00:00:00-04:00,85.51000213623047,86.55000305175781,85.05999755859375,85.91999816894531,60.80217361450195,7691300.0
2019-07-22 00:00:00-04:00,85.38999938964844,85.8499984741211,83.79000091552734,84.22000122070312,59.59912872314453,3094400.0
2019-07-23 00:00:00-04:00,84.29000091552734,86.3499984741211,84.25,86.1500015258789,60.96491622924805,1836800.0
2019-07-24 00:00:00-04:00,85.80000305175781,87.22000122070312,85.69999694824219,86.36000061035156,61.113525390625,2037400.0
2019-07-25 00:00:00-04:00,86.58000183105469,86.58000183105469,84.45999908447266,85.51000213623047,60.51201248168945,2033300.0
2019-07-26 00:00:00-04:00,85.20999908447266,85.97000122070312,84.36000061035156,85.33999633789062,60.39170837402344,1936000.0
2019-07-29 00:00:00-04:00,85.02999877929688,85.54000091552734,83.79000091552734,83.87000274658203,59.35146713256836,1784600.0
2019-07-30 00:00:00-04:00,83.12999725341797,84.47000122070312,82.62999725341797,84.38999938964844,59.71943664550781,1626600.0
2019-07-31 00:00:00-04:00,84.13999938964844,85.26000213623047,83.0199966430664,83.69000244140625,59.22408676147461,3326700.0
2019-08-01 00:00:00-04:00,83.44999694824219,84.55000305175781,80.83999633789062,81.48999786376953,57.667232513427734,2791800.0
2019-08-02 00:00:00-04:00,80.01000213623047,80.12999725341797,75.98999786376953,76.13999938964844,53.88124465942383,4480500.0
2019-08-05 00:00:00-04:00,75.44000244140625,77.33999633789062,75.19000244140625,76.30999755859375,54.00154495239258,3541400.0
2019-08-06 00:00:00-04:00,77.16999816894531,77.75,74.9000015258789,75.80000305175781,53.64064407348633,3785300.0
2019-08-07 00:00:00-04:00,74.7699966430664,76.12000274658203,74.55999755859375,75.94000244140625,53.739707946777344,2600700.0
2019-08-08 00:00:00-04:00,76.75,78.01000213623047,76.73999786376953,77.12999725341797,54.58182144165039,2706200.0
2019-08-09 00:00:00-04:00,76.87999725341797,76.93000030517578,74.98999786376953,75.41999816894531,53.37172317504883,2497300.0
2019-08-12 00:00:00-04:00,74.91000366210938,75.37000274658203,72.87999725341797,72.93000030517578,51.60965347290039,2153600.0
2019-08-13 00:00:00-04:00,72.33000183105469,76.81999969482422,72.31999969482422,75.61000061035156,53.50619125366211,3259900.0
2019-08-14 00:00:00-04:00,74.0,74.4000015258789,72.5199966430664,72.70999908447266,51.4539794921875,2495000.0
2019-08-15 00:00:00-04:00,73.37999725341797,73.5,71.83000183105469,72.5999984741211,51.376129150390625,1922900.0
2019-08-16 00:00:00-04:00,72.91000366210938,74.41000366210938,72.66000366210938,74.25,52.54376983642578,1893100.0
2019-08-19 00:00:00-04:00,75.16999816894531,75.56999969482422,74.73999786376953,74.87999725341797,52.98959732055664,1723800.0
2019-08-20 00:00:00-04:00,74.48999786376953,74.5199966430664,72.44999694824219,72.69999694824219,51.4468879699707,2228400.0
2019-08-21 00:00:00-04:00,73.81999969482422,74.33999633789062,72.37000274658203,73.12999725341797,51.75118637084961,1627200.0
2019-08-22 00:00:00-04:00,73.93000030517578,74.19000244140625,72.0,72.13999938964844,51.05061340332031,2826100.0
2019-08-23 00:00:00-04:00,71.58999633789062,71.68000030517578,68.61000061035156,69.02999877929688,48.849788665771484,3608500.0
2019-08-26 00:00:00-04:00,70.31999969482422,70.31999969482422,69.05999755859375,69.55000305175781,49.217750549316406,2075900.0
2019-08-27 00:00:00-04:00,70.55000305175781,70.55000305175781,69.38999938964844,69.75,49.35928726196289,2059000.0
2019-08-28 00:00:00-04:00,69.69000244140625,72.30999755859375,69.3499984741211,72.0199966430664,50.96568298339844,2841100.0
2019-08-29 00:00:00-04:00,73.25,75.37999725341797,73.11000061035156,75.33000183105469,53.308040618896484,4303100.0
2019-08-30 00:00:00-04:00,76.12000274658203,77.98999786376953,76.05999755859375,77.37999725341797,54.75874710083008,5716200.0
2019-09-03 00:00:00-04:00,75.0,75.25,73.87999725341797,74.81999969482422,53.67546463012695,3975700.0
2019-09-04 00:00:00-04:00,76.0199966430664,76.33999633789062,75.02999877929688,75.81999969482422,54.392852783203125,1498800.0
2019-09-05 00:00:00-04:00,76.70999908447266,78.38999938964844,76.55999755859375,77.5999984741211,55.669837951660156,2863900.0
2019-09-06 00:00:00-04:00,77.75,78.72000122070312,76.29000091552734,78.05000305175781,55.99267578125,2441500.0
2019-09-09 00:00:00-04:00,78.83000183105469,81.5199966430664,78.45999908447266,81.45999908447266,58.438987731933594,3406300.0
2019-09-10 00:00:00-04:00,81.58999633789062,85.0999984741211,81.1500015258789,85.08000183105469,61.035945892333984,4549000.0
2019-09-11 00:00:00-04:00,85.12000274658203,86.0,82.80999755859375,85.70999908447266,61.48790740966797,2686300.0
2019-09-12 00:00:00-04:00,83.55000305175781,84.73999786376953,82.55000305175781,83.77999877929688,60.10333251953125,2653700.0
2019-09-13 00:00:00-04:00,85.12000274658203,86.77999877929688,83.80000305175781,86.2699966430664,61.889652252197266,3686700.0
2019-09-16 00:00:00-04:00,89.41000366210938,90.52999877929688,87.12000274658203,89.66999816894531,64.32880401611328,4971100.0
2019-09-17 00:00:00-04:00,89.0,89.5999984741211,87.30999755859375,89.0,63.84812545776367,4635200.0
2019-09-18 00:00:00-04:00,88.4000015258789,88.41999816894531,87.08000183105469,88.37000274658203,63.39617156982422,2792600.0
2019-09-19 00:00:00-04:00,88.5,89.4800033569336,88.12000274658203,88.58999633789062,63.55400466918945,2165200.0
2019-09-20 00:00:00-04:00,89.0,89.2699966430664,88.11000061035156,88.29000091552734,63.338783264160156,6299700.0
2019-09-23 00:00:00-04:00,87.12999725341797,88.58000183105469,86.56999969482422,88.22000122070312,63.28856658935547,2433900.0
2019-09-24 00:00:00-04:00,88.08000183105469,88.23999786376953,85.33000183105469,86.29000091552734,61.90400314331055,2814700.0
2019-09-25 00:00:00-04:00,85.9800033569336,87.4000015258789,85.41999816894531,86.8499984741211,62.30573654174805,2498100.0
2019-09-26 00:00:00-04:00,86.76000213623047,87.7699966430664,86.12999725341797,87.5,62.772029876708984,1948900.0
2019-09-27 00:00:00-04:00,87.69000244140625,89.25,87.5,88.69999694824219,63.632930755615234,2824100.0
2019-09-30 00:00:00-04:00,88.66999816894531,89.9800033569336,88.25,89.47000122070312,64.1853256225586,2764700.0
2019-10-01 00:00:00-04:00,89.94999694824219,90.37999725341797,86.33999633789062,86.37999725341797,61.96855163574219,2424000.0
2019-10-02 00:00:00-04:00,84.88999938964844,85.29000091552734,83.33999633789062,84.41000366210938,60.55529022216797,2661400.0
2019-10-03 00:00:00-04:00,83.76000213623047,85.29000091552734,83.0199966430664,85.25,61.15789794921875,1420400.0
2019-10-04 00:00:00-04:00,85.47000122070312,86.1500015258789,84.54000091552734,85.18000030517578,61.10769271850586,1398200.0
2019-10-07 00:00:00-04:00,85.02999877929688,85.69000244140625,84.0199966430664,84.16000366210938,60.37592697143555,1402800.0
2019-10-08 00:00:00-04:00,83.06999969482422,83.16999816894531,81.44999694824219,81.62999725341797,58.560935974121094,2468000.0
2019-10-09 00:00:00-04:00,82.44999694824219,82.75,81.80000305175781,82.25,59.0057258605957,1741600.0
2019-10-10 00:00:00-04:00,82.94000244140625,84.44000244140625,82.83999633789062,83.91999816894531,60.20376968383789,1600400.0
2019-10-11 00:00:00-04:00,85.72000122070312,88.93000030517578,85.61000061035156,88.06999969482422,63.18095397949219,2331400.0
2019-10-14 00:00:00-04:00,86.7699966430664,88.33000183105469,86.02999877929688,87.37000274658203,62.67880630493164,1185300.0
2019-10-15 00:00:00-04:00,87.66000366210938,88.45999908447266,87.06999969482422,87.19999694824219,62.55681610107422,1814800.0
2019-10-16 00:00:00-04:00,87.44999694824219,88.44000244140625,86.37000274658203,86.44999694824219,62.01877975463867,2279200.0
2019-10-17 00:00:00-04:00,87.11000061035156,88.0,86.08000183105469,86.41000366210938,61.99009704589844,1873200.0
2019-10-18 00:00:00-04:00,86.05999755859375,87.01000213623047,85.83000183105469,86.11000061035156,61.77487564086914,2289900.0
2019-10-21 00:00:00-04:00,87.29000091552734,88.30000305175781,87.19999694824219,87.98999786376953,63.12356185913086,1561400.0
2019-10-22 00:00:00-04:00,87.94999694824219,88.23999786376953,85.86000061035156,87.97000122070312,63.10921859741211,2881500.0
2019-10-23 00:00:00-04:00,87.83999633789062,88.93000030517578,87.37000274658203,88.20999908447266,63.281394958496094,1782400.0
2019-10-24 00:00:00-04:00,89.01000213623047,90.06999969482422,87.36000061035156,88.36000061035156,63.389007568359375,1093900.0
2019-10-25 00:00:00-04:00,87.91999816894531,90.97000122070312,87.1500015258789,90.83000183105469,65.16096496582031,2160800.0
2019-10-28 00:00:00-04:00,91.55999755859375,92.02999877929688,90.06999969482422,91.33999633789062,65.52686309814453,1840700.0
2019-10-29 00:00:00-04:00,90.62999725341797,92.19000244140625,90.0,91.63999938964844,65.74205017089844,1812200.0
2019-10-30 00:00:00-04:00,91.19000244140625,91.94999694824219,90.08000183105469,91.68000030517578,65.770751953125,1745000.0
2019-10-31 00:00:00-04:00,91.05000305175781,91.68000030517578,89.55999755859375,89.69999694824219,64.3503189086914,2744600.0
2019-11-01 00:00:00-04:00,92.27999877929688,94.56999969482422,89.55999755859375,93.5999984741211,67.14813995361328,2752800.0
2019-11-04 00:00:00-05:00,94.31999969482422,97.04000091552734,94.27999877929688,96.72000122070312,69.38642883300781,3041900.0
2019-11-05 00:00:00-05:00,97.30000305175781,98.91000366210938,96.81999969482422,97.37000274658203,69.85271453857422,2974600.0
2019-11-06 00:00:00-05:00,97.33999633789062,97.51000213623047,96.37999725341797,97.05999755859375,69.63033294677734,1536400.0
2019-11-07 00:00:00-05:00,97.63999938964844,98.0,96.5,97.48999786376953,69.93881225585938,2218800.0
2019-11-08 00:00:00-05:00,97.44999694824219,97.58999633789062,96.51000213623047,97.38999938964844,69.8670654296875,1251000.0
2019-11-11 00:00:00-05:00,95.93000030517578,97.55000305175781,95.2300033569336,97.19000244140625,69.7236099243164,996000.0
2019-11-12 00:00:00-05:00,97.18000030517578,97.72000122070312,96.12000274658203,96.58000183105469,69.2859878540039,1315100.0
2019-11-13 00:00:00-05:00,95.43000030517578,96.04000091552734,94.80000305175781,95.26000213623047,68.33904266357422,1257600.0
2019-11-14 00:00:00-05:00,94.87999725341797,96.76000213623047,94.70999908447266,95.87999725341797,68.7838134765625,1292300.0
2019-11-15 00:00:00-05:00,96.68000030517578,96.77999877929688,95.56999969482422,96.0,68.8698959350586,1019700.0
2019-11-18 00:00:00-05:00,95.4800033569336,95.88999938964844,94.06999969482422,94.91999816894531,68.0951156616211,1466600.0
2019-11-19 00:00:00-05:00,95.05000305175781,95.16000366210938,92.75,93.05999755859375,66.76075744628906,1830400.0
2019-11-20 00:00:00-05:00,92.79000091552734,93.23999786376953,91.5,92.2300033569336,66.16533660888672,1382600.0
2019-11-21 00:00:00-05:00,92.36000061035156,93.38999938964844,91.45999908447266,93.33999633789062,66.96162414550781,1694200.0
2019-11-22 00:00:00-05:00,93.54000091552734,94.8499984741211,93.23999786376953,93.33999633789062,66.96162414550781,1270200.0
2019-11-25 00:00:00-05:00,94.04000091552734,94.77999877929688,93.11000061035156,94.75,67.97314453125,1634300.0
2019-11-26 00:00:00-05:00,94.80000305175781,94.94999694824219,93.58999633789062,93.66000366210938,67.19120025634766,2223500.0
2019-11-27 00:00:00-05:00,93.63999938964844,94.61000061035156,92.87999725341797,94.55000305175781,67.82965850830078,1360800.0
2019-11-29 00:00:00-05:00,93.19999694824219,93.45999908447266,92.4000015258789,92.54000091552734,67.13325500488281,698600.0
2019-12-02 00:00:00-05:00,92.93000030517578,94.18000030517578,92.41999816894531,92.6500015258789,67.21304321289062,1496700.0
2019-12-03 00:00:00-05:00,90.30999755859375,92.0999984741211,89.58999633789062,91.76000213623047,66.56739807128906,2703400.0
2019-12-04 00:00:00-05:00,92.6500015258789,93.73999786376953,91.45999908447266,91.4800033569336,66.36426544189453,1699300.0
2019-12-05 00:00:00-05:00,92.06999969482422,92.19000244140625,90.9800033569336,91.77999877929688,66.58190155029297,1793700.0
2019-12-06 00:00:00-05:00,92.6500015258789,93.54000091552734,92.4800033569336,92.9000015258789,67.39439392089844,2266400.0
2019-12-09 00:00:00-05:00,93.12999725341797,93.22000122070312,91.87999725341797,92.0199966430664,66.75599670410156,1209500.0
2019-12-10 00:00:00-05:00,91.47000122070312,91.8499984741211,90.19000244140625,90.58000183105469,65.71135711669922,2434100.0
2019-12-11 00:00:00-05:00,90.88999938964844,91.63999938964844,90.62000274658203,91.18000030517578,66.14661407470703,1285400.0
2019-12-12 00:00:00-05:00,90.73999786376953,94.1500015258789,90.56999969482422,93.97000122070312,68.17063903808594,2239400.0
2019-12-13 00:00:00-05:00,94.23999786376953,94.80999755859375,92.5999984741211,92.62000274658203,67.1912841796875,1395800.0
2019-12-16 00:00:00-05:00,93.75,94.52999877929688,93.5199966430664,93.6500015258789,67.93848419189453,2008800.0
2019-12-17 00:00:00-05:00,93.70999908447266,94.98999786376953,93.66000366210938,94.87000274658203,68.82354736328125,2256300.0
2019-12-18 00:00:00-05:00,94.5199966430664,95.30000305175781,93.58000183105469,95.16999816894531,69.04119110107422,2697500.0
2019-12-19 00:00:00-05:00,95.51000213623047,95.7300033569336,94.69999694824219,95.33000183105469,69.1572494506836,1517900.0
2019-12-20 00:00:00-05:00,95.81999969482422,95.81999969482422,93.54000091552734,93.94000244140625,68.14888000488281,3439200.0
2019-12-23 00:00:00-05:00,93.63999938964844,94.66000366210938,93.5199966430664,94.51000213623047,68.56238555908203,1338200.0
2019-12-24 00:00:00-05:00,94.75,95.0,94.22000122070312,94.58999633789062,68.62042236328125,492800.0
2019-12-26 00:00:00-05:00,94.12999725341797,94.56999969482422,93.95999908447266,94.56999969482422,68.60591125488281,597200.0
2019-12-27 00:00:00-05:00,94.93000030517578,95.13999938964844,93.66999816894531,93.83999633789062,68.07633209228516,1234700.0
2019-12-30 00:00:00-05:00,94.02999877929688,94.45999908447266,93.87000274658203,94.08999633789062,68.25770568847656,899800.0
2019-12-31 00:00:00-05:00,93.54000091552734,94.58999633789062,93.54000091552734,94.4800033569336,68.5406265258789,1204200.0
2020-01-02 00:00:00-05:00,95.27999877929688,95.47000122070312,93.44999694824219,93.86000061035156,68.0908432006836,2321400.0
2020-01-03 00:00:00-05:00,92.87999725341797,93.3499984741211,91.54000091552734,91.55000305175781,66.41505432128906,2713200.0
2020-01-06 00:00:00-05:00,91.33999633789062,92.58000183105469,91.08999633789062,91.30999755859375,66.24093627929688,2710700.0
2020-01-07 00:00:00-05:00,90.6500015258789,92.2300033569336,90.08999633789062,90.91999816894531,65.9580078125,3039300.0
2020-01-08 00:00:00-05:00,90.4800033569336,91.1500015258789,89.29000091552734,90.54000091552734,65.68234252929688,1829900.0
2020-01-09 00:00:00-05:00,90.66000366210938,91.23999786376953,89.80999755859375,90.56999969482422,65.70408630371094,1724200.0
2020-01-10 00:00:00-05:00,90.56999969482422,90.95999908447266,89.19999694824219,89.43000030517578,64.87708282470703,1755400.0
2020-01-13 00:00:00-05:00,89.4000015258789,91.19999694824219,89.0999984741211,91.19999694824219,66.16112518310547,1680900.0
2020-01-14 00:00:00-05:00,90.86000061035156,92.77999877929688,90.86000061035156,91.93000030517578,66.69071960449219,2297300.0
2020-01-15 00:00:00-05:00,91.37000274658203,92.1500015258789,90.75,91.19000244140625,66.15390014648438,1639400.0
2020-01-16 00:00:00-05:00,91.69000244140625,91.9800033569336,91.19999694824219,91.51000213623047,66.38603973388672,1451500.0
2020-01-17 00:00:00-05:00,91.5,92.04000091552734,90.70999908447266,92.0,66.74150085449219,2534700.0
2020-01-21 00:00:00-05:00,91.4000015258789,91.4000015258789,88.41000366210938,89.38999938964844,64.84807586669922,2005400.0
2020-01-22 00:00:00-05:00,89.16000366210938,89.16000366210938,86.27999877929688,86.63999938964844,62.85308074951172,3321400.0
2020-01-23 00:00:00-05:00,85.9000015258789,86.51000213623047,83.97000122070312,86.23999786376953,62.56290054321289,3276800.0
2020-01-24 00:00:00-05:00,85.95999908447266,86.12999725341797,84.38999938964844,84.94999694824219,61.6270637512207,2668800.0
2020-01-27 00:00:00-05:00,82.88999938964844,82.88999938964844,81.5199966430664,82.11000061035156,59.566776275634766,3487900.0
2020-01-28 00:00:00-05:00,82.62000274658203,83.83000183105469,82.5199966430664,82.93000030517578,60.161659240722656,2884900.0
2020-01-29 00:00:00-05:00,83.80000305175781,85.08999633789062,83.76000213623047,83.8499984741211,60.82907485961914,2126900.0
2020-01-30 00:00:00-05:00,82.80000305175781,83.62999725341797,81.55999755859375,83.44999694824219,60.53888702392578,2807400.0
2020-01-31 00:00:00-05:00,80.22000122070312,80.5999984741211,77.29000091552734,77.86000061035156,56.48363494873047,7267800.0
2020-02-03 00:00:00-05:00,78.36000061035156,79.73999786376953,77.5,78.81999969482422,57.18006134033203,2464200.0
2020-02-04 00:00:00-05:00,80.63999938964844,83.30999755859375,80.01000213623047,81.72000122070312,59.283851623535156,2968400.0
2020-02-05 00:00:00-05:00,83.0,84.18000030517578,82.5999984741211,84.08000183105469,60.99592971801758,2793000.0
2020-02-06 00:00:00-05:00,84.37999725341797,84.43000030517578,82.0999984741211,83.37999725341797,60.488101959228516,1740200.0
2020-02-07 00:00:00-05:00,82.55000305175781,82.61000061035156,81.2300033569336,82.0999984741211,59.55953598022461,1324100.0
2020-02-10 00:00:00-05:00,81.69000244140625,82.79000091552734,81.16000366210938,81.93000030517578,59.43621063232422,2455500.0
2020-02-11 00:00:00-05:00,82.7699966430664,84.80000305175781,82.62999725341797,83.97000122070312,60.9161262512207,1577200.0
2020-02-12 00:00:00-05:00,85.16999816894531,86.66999816894531,84.55000305175781,85.61000061035156,62.1058464050293,2084500.0
2020-02-13 00:00:00-05:00,84.80000305175781,85.36000061035156,83.37999725341797,83.48999786376953,60.567893981933594,1517700.0
2020-02-14 00:00:00-05:00,83.6500015258789,83.79000091552734,81.87999725341797,82.5999984741211,59.92223358154297,1895700.0
2020-02-18 00:00:00-05:00,82.04000091552734,82.69999694824219,80.38999938964844,81.31999969482422,58.99367904663086,1158500.0
2020-02-19 00:00:00-05:00,81.58000183105469,82.2300033569336,81.4800033569336,81.94999694824219,59.450706481933594,1290300.0
2020-02-20 00:00:00-05:00,81.77999877929688,83.83000183105469,81.55999755859375,83.3499984741211,60.46633529663086,1635100.0
2020-02-21 00:00:00-05:00,82.72000122070312,83.41999816894531,82.31999969482422,82.91000366210938,60.14716339111328,1580300.0
2020-02-24 00:00:00-05:00,79.66999816894531,80.30000305175781,78.9000015258789,79.6500015258789,57.78218078613281,2689800.0
2020-02-25 00:00:00-05:00,80.05999755859375,80.41000366210938,74.80999755859375,75.41000366210938,54.706268310546875,2406300.0
2020-02-26 00:00:00-05:00,76.38999938964844,76.94000244140625,74.04000091552734,74.38999938964844,53.966304779052734,2996800.0
2020-02-27 00:00:00-05:00,72.55000305175781,74.54000091552734,70.8499984741211,70.9000015258789,51.43449020385742,3367700.0
2020-02-28 00:00:00-05:00,69.16999816894531,71.9000015258789,68.5,71.45999908447266,52.62001037597656,4156300.0
2020-03-02 00:00:00-05:00,72.33999633789062,74.58000183105469,70.87999725341797,74.5199966430664,54.873260498046875,3631300.0
2020-03-03 00:00:00-05:00,74.5,76.2699966430664,70.55999755859375,72.23999786376953,53.19435501098633,2949100.0
2020-03-04 00:00:00-05:00,73.44999694824219,75.30999755859375,71.04000091552734,75.2300033569336,55.39607620239258,2242400.0
2020-03-05 00:00:00-05:00,72.79000091552734,74.20999908447266,72.61000061035156,73.91000366210938,54.42408752441406,2746200.0
2020-03-06 00:00:00-05:00,71.41000366210938,74.16000366210938,70.83999633789062,71.98999786376953,53.010284423828125,3578600.0
2020-03-09 00:00:00-04:00,65.0,68.0,59.599998474121094,59.61000061035156,43.89419937133789,4379100.0
2020-03-10 00:00:00-04:00,62.77000045776367,63.060001373291016,57.83000183105469,59.7400016784668,43.989925384521484,3663200.0
2020-03-11 00:00:00-04:00,57.7599983215332,58.18000030517578,53.93000030517578,54.0,39.76322937011719,6644500.0
2020-03-12 00:00:00-04:00,48.959999084472656,48.959999084472656,45.060001373291016,46.06999969482422,33.92393493652344,8213100.0
2020-03-13 00:00:00-04:00,50.0,50.220001220703125,42.029998779296875,46.84000015258789,34.49092102050781,8541200.0
2020-03-16 00:00:00-04:00,39.52000045776367,44.25,33.709999084472656,34.900001525878906,25.698833465576172,7742000.0
2020-03-17 00:00:00-04:00,36.13999938964844,42.27000045776367,35.599998474121094,41.720001220703125,30.720781326293945,9219300.0
2020-03-18 00:00:00-04:00,38.400001525878906,42.720001220703125,37.11000061035156,40.56999969482422,29.87397575378418,6784500.0
2020-03-19 00:00:00-04:00,39.970001220703125,47.209999084472656,39.220001220703125,43.22999954223633,31.832677841186523,6383600.0
2020-03-20 00:00:00-04:00,42.959999084472656,44.31999969482422,40.38999938964844,42.0,30.926959991455078,7474000.0
2020-03-23 00:00:00-04:00,41.93000030517578,42.65999984741211,40.0,40.4900016784668,29.815065383911133,3984500.0
2020-03-24 00:00:00-04:00,44.02000045776367,46.02000045776367,42.029998779296875,45.290000915527344,33.349571228027344,4216900.0
2020-03-25 00:00:00-04:00,47.0,52.91999816894531,46.400001525878906,52.099998474121094,38.36415481567383,4872500.0
2020-03-26 00:00:00-04:00,51.25,54.4900016784668,51.25,53.93000030517578,39.71168899536133,5230300.0
2020-03-27 00:00:00-04:00,51.18000030517578,51.59000015258789,48.560001373291016,49.400001525878906,36.37600326538086,3589200.0
2020-03-30 00:00:00-04:00,48.720001220703125,50.75,48.09000015258789,49.58000183105469,36.508544921875,2517400.0
2020-03-31 00:00:00-04:00,48.939998626708984,50.400001525878906,48.77000045776367,49.630001068115234,36.54536056518555,3281000.0
2020-04-01 00:00:00-04:00,46.2400016784668,47.31999969482422,44.5099983215332,45.029998779296875,33.158119201660156,3270600.0
2020-04-02 00:00:00-04:00,45.34000015258789,49.13999938964844,45.060001373291016,45.91999816894531,33.813480377197266,3917500.0
2020-04-03 00:00:00-04:00,46.25,47.310001373291016,45.4900016784668,46.099998474121094,33.94601058959961,2763800.0
2020-04-06 00:00:00-04:00,48.33000183105469,50.52000045776367,48.33000183105469,49.880001068115234,36.72944641113281,2583200.0
2020-04-07 00:00:00-04:00,53.75,54.93000030517578,51.279998779296875,51.650001525878906,38.032806396484375,2555100.0
2020-04-08 00:00:00-04:00,52.75,55.79999923706055,51.86000061035156,55.470001220703125,40.845680236816406,2039100.0
2020-04-09 00:00:00-04:00,56.560001373291016,59.970001220703125,55.65999984741211,58.93000030517578,43.393463134765625,3735100.0
2020-04-13 00:00:00-04:00,58.61000061035156,59.16999816894531,56.81999969482422,58.040000915527344,42.73811340332031,2722200.0
2020-04-14 00:00:00-04:00,59.290000915527344,59.540000915527344,57.290000915527344,58.63999938964844,43.179935455322266,2877500.0
2020-04-15 00:00:00-04:00,55.900001525878906,56.45000076293945,51.650001525878906,52.70000076293945,38.805973052978516,3259900.0
2020-04-16 00:00:00-04:00,52.459999084472656,53.2400016784668,48.880001068115234,49.45000076293945,36.412818908691406,2725100.0
2020-04-17 00:00:00-04:00,50.2599983215332,53.36000061035156,50.2599983215332,52.189998626708984,38.43042755126953,4176600.0
2020-04-20 00:00:00-04:00,50.36000061035156,51.040000915527344,48.20000076293945,48.40999984741211,35.647003173828125,2965100.0
2020-04-21 00:00:00-04:00,46.150001525878906,47.220001220703125,44.33000183105469,46.630001068115234,34.3362922668457,4221400.0
2020-04-22 00:00:00-04:00,48.310001373291016,48.790000915527344,47.119998931884766,48.11000061035156,35.42610549926758,1911300.0
2020-04-23 00:00:00-04:00,49.08000183105469,51.54999923706055,49.0,49.369998931884766,36.35389709472656,1664400.0
2020-04-24 00:00:00-04:00,50.400001525878906,50.880001068115234,49.040000915527344,50.04999923706055,36.85463333129883,2329900.0
2020-04-27 00:00:00-04:00,50.130001068115234,52.81999969482422,50.0,52.40999984741211,38.59242630004883,2276000.0
2020-04-28 00:00:00-04:00,53.869998931884766,55.810001373291016,53.25,55.66999816894531,40.99294662475586,4149700.0
2020-04-29 00:00:00-04:00,57.72999954223633,60.04999923706055,57.349998474121094,59.93000030517578,44.129825592041016,3078100.0
2020-04-30 00:00:00-04:00,57.70000076293945,58.459999084472656,56.54999923706055,57.95000076293945,42.671844482421875,4304700.0
2020-05-01 00:00:00-04:00,56.939998626708984,57.0,53.810001373291016,55.15999984741211,40.61741256713867,4095500.0
2020-05-04 00:00:00-04:00,51.40999984741211,54.47999954223633,50.869998931884766,54.349998474121094,40.02095413208008,3164400.0
2020-05-05 00:00:00-04:00,56.0,57.27000045776367,54.720001220703125,54.849998474121094,40.389137268066406,2038400.0
2020-05-06 00:00:00-04:00,54.79999923706055,55.349998474121094,51.9900016784668,52.11000061035156,38.371524810791016,2294900.0
2020-05-07 00:00:00-04:00,53.41999816894531,55.099998474121094,53.34000015258789,53.72999954223633,39.564414978027344,2247000.0
2020-05-08 00:00:00-04:00,54.83000183105469,56.52000045776367,54.619998931884766,56.45000076293945,41.56731033325195,1918300.0
2020-05-11 00:00:00-04:00,54.41999816894531,56.61000061035156,53.540000915527344,56.060001373291016,41.28012466430664,2760100.0
2020-05-12 00:00:00-04:00,56.68000030517578,57.59000015258789,55.720001220703125,55.86000061035156,41.13285827636719,2212000.0
2020-05-13 00:00:00-04:00,55.310001373291016,55.68000030517578,51.90999984741211,52.59000015258789,38.724971771240234,2204000.0
2020-05-14 00:00:00-04:00,51.04999923706055,54.0,50.060001373291016,53.290000915527344,39.240421295166016,2813400.0
2020-05-15 00:00:00-04:00,52.86000061035156,53.66999816894531,52.130001068115234,53.599998474121094,39.46868896484375,2263300.0
2020-05-18 00:00:00-04:00,56.959999084472656,60.04999923706055,56.72999954223633,59.369998931884766,43.717472076416016,2117500.0
2020-05-19 00:00:00-04:00,59.13999938964844,59.61000061035156,57.72999954223633,58.06999969482422,42.76020812988281,1882900.0
2020-05-20 00:00:00-04:00,59.470001220703125,60.7400016784668,59.29999923706055,60.38999938964844,44.46855163574219,1618400.0
2020-05-21 00:00:00-04:00,60.25,61.310001373291016,59.5099983215332,60.2599983215332,44.37282180786133,1698100.0
2020-05-22 00:00:00-04:00,59.88999938964844,60.599998474121094,59.119998931884766,60.41999816894531,44.49064254760742,1245300.0
2020-05-26 00:00:00-04:00,65.0,67.87000274658203,64.75,67.72000122070312,49.866050720214844,3274400.0
2020-05-27 00:00:00-04:00,69.4800033569336,70.8499984741211,67.30000305175781,67.30999755859375,49.56413269042969,3373000.0
2020-05-28 00:00:00-04:00,67.95999908447266,67.9800033569336,64.36000061035156,64.4000015258789,47.42134094238281,4464000.0
2020-05-29 00:00:00-04:00,63.869998931884766,64.25,62.40999984741211,63.7599983215332,46.950069427490234,3110600.0
2020-06-01 00:00:00-04:00,63.84000015258789,65.87999725341797,63.34000015258789,65.33999633789062,48.11351013183594,2061100.0
2020-06-02 00:00:00-04:00,66.19999694824219,69.0999984741211,66.19999694824219,68.38999938964844,50.359405517578125,2676500.0
2020-06-03 00:00:00-04:00,69.76000213623047,71.83000183105469,69.25,70.5,51.913108825683594,1715900.0
2020-06-04 00:00:00-04:00,70.31999969482422,74.16999816894531,69.18000030517578,73.94999694824219,54.45353698730469,2856000.0
2020-06-05 00:00:00-04:00,76.16999816894531,79.97000122070312,74.16999816894531,74.87000274658203,55.9250602722168,3319100.0
2020-06-08 00:00:00-04:00,75.62999725341797,77.18000030517578,74.77999877929688,76.38999938964844,57.06044387817383,3447100.0
2020-06-09 00:00:00-04:00,73.83000183105469,76.36000061035156,73.05999755859375,76.0,56.769126892089844,3505500.0
2020-06-10 00:00:00-04:00,75.5999984741211,75.87000274658203,73.55999755859375,73.56999969482422,54.95399856567383,3501200.0
2020-06-11 00:00:00-04:00,68.2699966430664,69.38999938964844,63.52000045776367,63.900001525878906,47.73089599609375,3352800.0
2020-06-12 00:00:00-04:00,68.72000122070312,69.16999816894531,65.51000213623047,66.61000061035156,49.75515365600586,2750200.0
2020-06-15 00:00:00-04:00,63.41999816894531,68.51000213623047,63.29999923706055,67.27999877929688,50.255611419677734,2144800.0
2020-06-16 00:00:00-04:00,70.77999877929688,71.70999908447266,67.4800033569336,69.05999755859375,51.585201263427734,1653400.0
2020-06-17 00:00:00-04:00,69.9000015258789,70.02999877929688,66.79000091552734,66.83000183105469,49.91949462890625,1805300.0
2020-06-18 00:00:00-04:00,66.1500015258789,67.77999877929688,65.91000366210938,66.94000244140625,50.001651763916016,1229900.0
2020-06-19 00:00:00-04:00,68.5,69.0199966430664,65.93000030517578,66.54000091552734,49.70286178588867,3684300.0
2020-06-22 00:00:00-04:00,66.0199966430664,67.4000015258789,65.11000061035156,66.70999908447266,49.82984924316406,1182200.0
2020-06-23 00:00:00-04:00,67.38999938964844,67.6500015258789,65.95999908447266,65.98999786376953,49.29203414916992,1996200.0
2020-06-24 00:00:00-04:00,65.05000305175781,65.05000305175781,60.11000061035156,60.63999938964844,45.295780181884766,3821900.0
2020-06-25 00:00:00-04:00,60.31999969482422,64.08000183105469,60.040000915527344,64.0,47.805572509765625,2442300.0
2020-06-26 00:00:00-04:00,63.25,63.79999923706055,61.939998626708984,63.369998931884766,47.33498764038086,4788100.0
2020-06-29 00:00:00-04:00,63.400001525878906,65.69000244140625,63.119998931884766,64.94999694824219,48.51519012451172,2938900.0
2020-06-30 00:00:00-04:00,64.37999725341797,66.02999877929688,63.400001525878906,65.72000122070312,49.09035873413086,1739400.0
2020-07-01 00:00:00-04:00,66.16999816894531,66.5199966430664,64.61000061035156,65.61000061035156,49.00819396972656,1998400.0
2020-07-02 00:00:00-04:00,67.12000274658203,68.7699966430664,66.11000061035156,66.95999908447266,50.01658248901367,2279000.0
2020-07-06 00:00:00-04:00,68.95999908447266,69.48999786376953,67.0,68.25,50.980167388916016,1944400.0
2020-07-07 00:00:00-04:00,67.0999984741211,68.05999755859375,66.94999694824219,67.48999786376953,50.412479400634766,1732000.0
2020-07-08 00:00:00-04:00,67.58000183105469,67.58000183105469,64.70999908447266,65.8499984741211,49.18745040893555,1870000.0
2020-07-09 00:00:00-04:00,66.11000061035156,66.41999816894531,62.95000076293945,63.11000061035156,47.140785217285156,1991800.0
2020-07-10 00:00:00-04:00,63.380001068115234,65.5999984741211,63.2400016784668,65.04000091552734,48.58241653442383,1715300.0
2020-07-13 00:00:00-04:00,65.7699966430664,66.44999694824219,64.75,65.33999633789062,48.80650329589844,2546500.0
2020-07-14 00:00:00-04:00,65.33999633789062,67.0199966430664,65.0,66.95999908447266,50.01658248901367,1563800.0
2020-07-15 00:00:00-04:00,69.05000305175781,69.37999725341797,67.13999938964844,68.87999725341797,51.45075225830078,1546200.0
2020-07-16 00:00:00-04:00,68.55999755859375,69.93000030517578,67.72000122070312,68.86000061035156,51.435813903808594,1032400.0
2020-07-17 00:00:00-04:00,69.05999755859375,69.69999694824219,68.08000183105469,68.5,51.166908264160156,1172800.0
2020-07-20 00:00:00-04:00,68.06999969482422,68.94000244140625,66.62999725341797,66.80000305175781,49.89707565307617,1176800.0
2020-07-21 00:00:00-04:00,67.51000213623047,69.27999877929688,67.51000213623047,68.06999969482422,50.84571838378906,1380200.0
2020-07-22 00:00:00-04:00,67.95999908447266,69.0,67.33999633789062,68.37000274658203,51.06981658935547,2830300.0
2020-07-23 00:00:00-04:00,68.18000030517578,69.30999755859375,66.93000030517578,68.88999938964844,51.458221435546875,1660100.0
2020-07-24 00:00:00-04:00,69.05000305175781,69.52999877929688,67.94000244140625,68.5,51.166908264160156,1328900.0
2020-07-27 00:00:00-04:00,68.75,69.98999786376953,67.83999633789062,69.7699966430664,52.115543365478516,1008900.0
2020-07-28 00:00:00-04:00,69.18000030517578,69.83999633789062,67.47000122070312,67.58000183105469,50.479705810546875,1749600.0
2020-07-29 00:00:00-04:00,67.86000061035156,68.3499984741211,67.3499984741211,67.9800033569336,50.77849197387695,1743400.0
2020-07-30 00:00:00-04:00,66.51000213623047,66.72000122070312,64.80999755859375,65.29000091552734,48.76915740966797,2384500.0
2020-07-31 00:00:00-04:00,64.16999816894531,64.66999816894531,61.52000045776367,62.52000045776367,46.7000732421875,2947500.0
2020-08-03 00:00:00-04:00,63.04999923706055,63.810001373291016,62.11000061035156,62.130001068115234,46.40876388549805,2406100.0
2020-08-04 00:00:00-04:00,62.52000045776367,65.1500015258789,61.61000061035156,64.80999755859375,48.41061782836914,2478800.0
2020-08-05 00:00:00-04:00,65.91000366210938,67.30999755859375,65.4800033569336,65.83000183105469,49.17251968383789,1981300.0
2020-08-06 00:00:00-04:00,65.54000091552734,66.05999755859375,64.61000061035156,65.44000244140625,48.88121032714844,1843100.0
2020-08-07 00:00:00-04:00,64.68000030517578,66.72000122070312,64.63999938964844,66.69000244140625,49.81490707397461,1337700.0
2020-08-10 00:00:00-04:00,67.05000305175781,70.3499984741211,67.01000213623047,70.19000244140625,52.42927551269531,2283800.0
2020-08-11 00:00:00-04:00,71.7699966430664,73.5,70.7699966430664,71.05000305175781,53.07166290283203,2610100.0
2020-08-12 00:00:00-04:00,72.02999877929688,72.30999755859375,69.30000305175781,69.88999938964844,52.20518493652344,1344800.0
2020-08-13 00:00:00-04:00,69.19999694824219,69.97000122070312,68.88999938964844,68.98999786376953,51.53291702270508,1044900.0
2020-08-14 00:00:00-04:00,68.38999938964844,69.68000030517578,68.16999816894531,69.01000213623047,51.54786682128906,864900.0
2020-08-17 00:00:00-04:00,69.69000244140625,70.4800033569336,67.79000091552734,68.52999877929688,51.18932342529297,1733900.0
2020-08-18 00:00:00-04:00,68.33000183105469,69.37999725341797,68.26000213623047,68.44000244140625,51.122093200683594,1126200.0
2020-08-19 00:00:00-04:00,68.06999969482422,68.86000061035156,67.26000213623047,67.62999725341797,50.517051696777344,1569700.0
2020-08-20 00:00:00-04:00,66.66000366210938,67.04000091552734,65.86000061035156,65.94999694824219,49.26215362548828,1133700.0
2020-08-21 00:00:00-04:00,65.61000061035156,66.3499984741211,65.22000122070312,65.66999816894531,49.053009033203125,1111700.0
2020-08-24 00:00:00-04:00,66.7300033569336,69.62999725341797,66.25,69.58999633789062,51.9810905456543,1650800.0
2020-08-25 00:00:00-04:00,70.16999816894531,70.95999908447266,68.20999908447266,68.75,51.35365295410156,1507300.0
2020-08-26 00:00:00-04:00,68.70999908447266,69.69000244140625,68.01000213623047,69.30999755859375,51.771949768066406,1363100.0
2020-08-27 00:00:00-04:00,69.33999633789062,69.72000122070312,67.11000061035156,68.91999816894531,51.48063278198242,1814500.0
2020-08-28 00:00:00-04:00,67.9800033569336,68.41000366210938,66.70999908447266,68.1500015258789,51.69301986694336,1790900.0
2020-08-31 00:00:00-04:00,68.23999786376953,68.33000183105469,65.44000244140625,65.4800033569336,49.66778564453125,1914800.0
2020-09-01 00:00:00-04:00,64.58000183105469,68.63999938964844,64.20999908447266,68.45999908447266,51.92815017700195,3468200.0
2020-09-02 00:00:00-04:00,69.47000122070312,71.58999633789062,68.30999755859375,71.48999786376953,54.22646713256836,2887600.0
2020-09-03 00:00:00-04:00,71.33000183105469,72.55999755859375,69.0,70.44000244140625,53.43002700805664,3169600.0
2020-09-04 00:00:00-04:00,71.41000366210938,72.79000091552734,70.55000305175781,72.05999755859375,54.658809661865234,2089900.0
2020-09-08 00:00:00-04:00,70.91999816894531,71.94999694824219,69.4800033569336,70.08000183105469,53.156959533691406,3380700.0
2020-09-09 00:00:00-04:00,70.66000366210938,73.04000091552734,70.66000366210938,72.69000244140625,55.13669204711914,2221600.0
2020-09-10 00:00:00-04:00,72.80000305175781,72.98999786376953,70.88999938964844,70.94000244140625,53.80929183959961,1940400.0
2020-09-11 00:00:00-04:00,73.30000305175781,74.9800033569336,71.98999786376953,74.30999755859375,56.36548614501953,1754900.0
2020-09-14 00:00:00-04:00,74.6500015258789,76.9800033569336,74.29000091552734,76.48999786376953,58.01905822753906,1883600.0
2020-09-15 00:00:00-04:00,76.8499984741211,77.38999938964844,75.43000030517578,76.55000305175781,58.064579010009766,1773700.0
2020-09-16 00:00:00-04:00,75.04000091552734,78.33999633789062,74.18000030517578,76.94000244140625,58.36040496826172,2807200.0
2020-09-17 00:00:00-04:00,76.11000061035156,80.7699966430664,75.62999725341797,79.9000015258789,60.6056022644043,3887900.0
2020-09-18 00:00:00-04:00,79.61000061035156,80.05000305175781,78.54000091552734,79.0,59.922935485839844,3830800.0
2020-09-21 00:00:00-04:00,76.3499984741211,76.87000274658203,72.02999877929688,73.5,55.75109100341797,3710700.0
2020-09-22 00:00:00-04:00,74.08999633789062,74.5999984741211,72.97000122070312,73.51000213623047,55.758670806884766,2481500.0
2020-09-23 00:00:00-04:00,73.0,73.5999984741211,69.94999694824219,69.98999786376953,53.08869552612305,2667400.0
2020-09-24 00:00:00-04:00,70.13999938964844,70.70999908447266,68.18000030517578,70.22000122070312,53.26316452026367,3088900.0
2020-09-25 00:00:00-04:00,69.26000213623047,70.58999633789062,68.66999816894531,69.62000274658203,52.80805206298828,2099500.0
2020-09-28 00:00:00-04:00,71.19000244140625,72.76000213623047,70.97000122070312,71.20999908447266,54.01409149169922,2032400.0
2020-09-29 00:00:00-04:00,71.01000213623047,71.55000305175781,70.02999877929688,70.27999877929688,53.308658599853516,1247600.0
2020-09-30 00:00:00-04:00,71.02999877929688,72.33999633789062,70.31999969482422,70.48999786376953,53.467960357666016,2488700.0
2020-10-01 00:00:00-04:00,70.33999633789062,71.1500015258789,67.81999969482422,68.13999938964844,51.6854362487793,2164700.0
2020-10-02 00:00:00-04:00,67.0199966430664,73.04000091552734,66.75,72.23999786376953,54.79536437988281,2973500.0
2020-10-05 00:00:00-04:00,73.25,76.12999725341797,72.7699966430664,75.4000015258789,57.192283630371094,2775700.0
2020-10-06 00:00:00-04:00,76.55000305175781,77.9800033569336,75.16999816894531,75.98999786376953,57.63980484008789,2888800.0
2020-10-07 00:00:00-04:00,77.19999694824219,79.58999633789062,77.19999694824219,79.41000366210938,60.23394012451172,2761600.0
2020-10-08 00:00:00-04:00,79.9000015258789,80.33999633789062,77.7300033569336,79.26000213623047,60.12016677856445,1827000.0
2020-10-09 00:00:00-04:00,80.29000091552734,81.20999908447266,79.0199966430664,79.83999633789062,60.560089111328125,1719600.0
2020-10-12 00:00:00-04:00,79.6500015258789,79.68000030517578,76.83999633789062,77.44999694824219,58.74724197387695,1852000.0
2020-10-13 00:00:00-04:00,77.1500015258789,77.47000122070312,75.43000030517578,76.69000244140625,58.17076873779297,2238600.0
2020-10-14 00:00:00-04:00,76.4800033569336,78.94999694824219,76.4800033569336,78.0,59.164424896240234,1793400.0
2020-10-15 00:00:00-04:00,76.41999816894531,77.79000091552734,75.5199966430664,76.98999786376953,58.398319244384766,2032600.0
2020-10-16 00:00:00-04:00,77.66000366210938,78.38999938964844,76.33999633789062,77.01000213623047,58.41349792480469,1693100.0
2020-10-19 00:00:00-04:00,77.36000061035156,79.4800033569336,76.77999877929688,77.05000305175781,58.443824768066406,1256000.0
2020-10-20 00:00:00-04:00,77.81999969482422,78.88999938964844,77.58000183105469,77.83000183105469,59.03546142578125,902500.0
2020-10-21 00:00:00-04:00,77.16999816894531,77.98999786376953,76.19999694824219,76.58999633789062,58.094913482666016,1285600.0
2020-10-22 00:00:00-04:00,76.95999908447266,77.41999816894531,74.79000091552734,77.08000183105469,58.46658706665039,1412600.0
2020-10-23 00:00:00-04:00,77.91000366210938,78.56999969482422,76.76000213623047,76.9000015258789,58.33005905151367,993800.0
2020-10-26 00:00:00-04:00,75.69999694824219,76.0199966430664,74.55000305175781,75.43000030517578,57.21503829956055,1751800.0
2020-10-27 00:00:00-04:00,74.72000122070312,75.08000183105469,73.25,73.37000274658203,55.65248489379883,1768300.0
2020-10-28 00:00:00-04:00,71.13999938964844,72.33999633789062,69.2300033569336,69.33000183105469,52.58806610107422,2630000.0
2020-10-29 00:00:00-04:00,69.05999755859375,72.52999877929688,68.73999786376953,72.20999908447266,54.772605895996094,2290200.0
2020-10-30 00:00:00-04:00,70.44000244140625,71.29000091552734,66.72000122070312,68.44999694824219,51.920570373535156,3708200.0
2020-11-02 00:00:00-05:00,69.33000183105469,72.41000366210938,68.11000061035156,71.91000366210938,54.545066833496094,2989700.0
2020-11-03 00:00:00-05:00,73.02999877929688,73.37000274658203,71.4000015258789,72.86000061035156,55.26564025878906,1617100.0
2020-11-04 00:00:00-05:00,72.80999755859375,72.80999755859375,69.47000122070312,69.55999755859375,52.762535095214844,1523700.0
2020-11-05 00:00:00-05:00,70.72000122070312,75.16000366210938,70.5999984741211,74.20999908447266,56.289642333984375,1730700.0
2020-11-06 00:00:00-05:00,74.66999816894531,75.56999969482422,72.04000091552734,72.66999816894531,55.121524810791016,2074100.0
2020-11-09 00:00:00-05:00,79.83000183105469,84.2300033569336,77.08999633789062,79.38999938964844,60.218772888183594,3437400.0
2020-11-10 00:00:00-05:00,80.37999725341797,82.52999877929688,79.51000213623047,81.37000274658203,61.72062683105469,3638400.0
2020-11-11 00:00:00-05:00,82.3499984741211,82.3499984741211,77.11000061035156,77.16000366210938,58.52726364135742,3071400.0
2020-11-12 00:00:00-05:00,76.44000244140625,76.9800033569336,73.51000213623047,74.33999633789062,56.38824462890625,2697900.0
2020-11-13 00:00:00-05:00,73.33999633789062,77.02999877929688,72.94999694824219,76.63999938964844,58.13284683227539,2499200.0
2020-11-16 00:00:00-05:00,78.8499984741211,79.9000015258789,77.13999938964844,79.66999816894531,60.43115234375,1729400.0
2020-11-17 00:00:00-05:00,78.72000122070312,81.05000305175781,77.6500015258789,81.02999877929688,61.462738037109375,2151200.0
2020-11-18 00:00:00-05:00,81.33000183105469,83.6500015258789,81.04000091552734,82.19999694824219,62.35019302368164,3018200.0
2020-11-19 00:00:00-05:00,81.36000061035156,82.26000213623047,80.12000274658203,82.2300033569336,62.37295150756836,2243000.0
2020-11-20 00:00:00-05:00,81.58999633789062,82.0,80.81999969482422,81.6500015258789,61.93301773071289,2575000.0
2020-11-23 00:00:00-05:00,82.87999725341797,85.66000366210938,82.2699966430664,85.16999816894531,64.60299682617188,1896300.0
2020-11-24 00:00:00-05:00,87.3499984741211,91.19999694824219,87.05999755859375,90.8499984741211,68.91138458251953,3862400.0
2020-11-25 00:00:00-05:00,90.05999755859375,90.05999755859375,87.80999755859375,89.33000183105469,67.7584228515625,1921000.0
2020-11-27 00:00:00-05:00,87.9000015258789,89.05999755859375,86.91999816894531,87.86000061035156,67.43606567382812,884400.0
2020-11-30 00:00:00-05:00,86.91000366210938,87.44999694824219,84.76000213623047,85.0999984741211,65.31765747070312,3827000.0
2020-12-01 00:00:00-05:00,87.0,87.0,84.94999694824219,85.76000213623047,65.82423400878906,2237400.0
2020-12-02 00:00:00-05:00,84.94999694824219,86.16999816894531,84.63999938964844,85.91999816894531,65.9470443725586,1563500.0
2020-12-03 00:00:00-05:00,85.73999786376953,86.44000244140625,85.30000305175781,85.62999725341797,65.72443389892578,2622700.0
2020-12-04 00:00:00-05:00,86.5,89.58000183105469,86.23999786376953,89.26000213623047,68.51062774658203,1903400.0
2020-12-07 00:00:00-05:00,89.0,89.0,86.94000244140625,87.11000061035156,66.86040496826172,1640900.0
2020-12-08 00:00:00-05:00,86.69999694824219,88.81999969482422,86.25,87.88999938964844,67.45909881591797,1101800.0
2020-12-09 00:00:00-05:00,88.47000122070312,89.94000244140625,87.47000122070312,88.54000091552734,67.9579849243164,1177000.0
2020-12-10 00:00:00-05:00,88.27999877929688,88.94000244140625,87.62000274658203,88.20999908447266,67.70470428466797,2561100.0
2020-12-11 00:00:00-05:00,87.30999755859375,88.8499984741211,86.81999969482422,88.5,67.92730712890625,1786300.0
2020-12-14 00:00:00-05:00,89.94999694824219,89.94999694824219,87.06999969482422,87.0999984741211,66.85275268554688,1327400.0
2020-12-15 00:00:00-05:00,88.43000030517578,89.18000030517578,87.05000305175781,89.01000213623047,68.3187484741211,970800.0
2020-12-16 00:00:00-05:00,88.83999633789062,89.51000213623047,87.75,89.08000183105469,68.37246704101562,1133900.0
2020-12-17 00:00:00-05:00,90.0,90.47000122070312,89.37000274658203,90.0999984741211,69.15534973144531,1140800.0
2020-12-18 00:00:00-05:00,90.41999816894531,91.55000305175781,89.94999694824219,90.93000030517578,69.79241943359375,3099900.0
2020-12-21 00:00:00-05:00,88.5199966430664,90.56999969482422,87.91000366210938,90.38999938964844,69.37793731689453,1448100.0
2020-12-22 00:00:00-05:00,90.16999816894531,90.62000274658203,89.29000091552734,89.80999755859375,68.93277740478516,1161300.0
2020-12-23 00:00:00-05:00,90.62000274658203,92.26000213623047,90.16999816894531,90.62999725341797,69.56214904785156,902700.0
2020-12-24 00:00:00-05:00,90.72000122070312,90.76000213623047,89.45999908447266,90.61000061035156,69.54680633544922,255700.0
2020-12-28 00:00:00-05:00,92.23999786376953,92.58999633789062,90.37999725341797,90.5999984741211,69.53912353515625,794600.0
2020-12-29 00:00:00-05:00,90.72000122070312,91.3499984741211,88.87000274658203,89.48999786376953,68.68716430664062,734100.0
2020-12-30 00:00:00-05:00,89.44000244140625,91.55000305175781,89.38999938964844,91.06999969482422,69.89987182617188,712300.0
2020-12-31 00:00:00-05:00,91.02999877929688,92.41000366210938,90.45999908447266,91.66000366210938,70.35272216796875,731500.0
2021-01-04 00:00:00-05:00,92.5,93.26000213623047,89.0,89.29000091552734,68.53363800048828,1592000.0
2021-01-05 00:00:00-05:00,89.83999633789062,93.0999984741211,89.62999725341797,92.33999633789062,70.87462615966797,1888400.0
2021-01-06 00:00:00-05:00,92.04000091552734,97.38999938964844,92.04000091552734,96.7699966430664,74.27485656738281,2304400.0
2021-01-07 00:00:00-05:00,97.41999816894531,98.55000305175781,97.12000274658203,97.47000122070312,74.81212615966797,2097900.0
2021-01-08 00:00:00-05:00,97.83000183105469,98.13999938964844,95.88999938964844,96.75,74.25949096679688,2257500.0
2021-01-11 00:00:00-05:00,95.19000244140625,97.26000213623047,94.5199966430664,96.9800033569336,74.43604278564453,1983300.0
2021-01-12 00:00:00-05:00,97.19999694824219,99.45999908447266,96.37000274658203,99.20999908447266,76.14764404296875,2312300.0
2021-01-13 00:00:00-05:00,99.6500015258789,99.86000061035156,97.12999725341797,97.13999938964844,74.5588607788086,2149000.0
2021-01-14 00:00:00-05:00,97.63999938964844,99.58000183105469,97.04000091552734,98.87000274658203,75.88668060302734,1777200.0
2021-01-15 00:00:00-05:00,96.66999816894531,97.48999786376953,94.23999786376953,94.91000366210938,72.84723663330078,2268100.0
2021-01-19 00:00:00-05:00,95.12999725341797,96.44999694824219,93.11000061035156,93.81999969482422,72.01060485839844,1724400.0
2021-01-20 00:00:00-05:00,94.37000274658203,94.68000030517578,93.05999755859375,94.37999725341797,72.44041442871094,1060800.0
2021-01-21 00:00:00-05:00,94.45999908447266,94.87999725341797,92.27999877929688,92.62000274658203,71.08956146240234,1026400.0
2021-01-22 00:00:00-05:00,91.26000213623047,92.33000183105469,90.36000061035156,91.4800033569336,70.21456146240234,1392100.0
2021-01-25 00:00:00-05:00,90.43000030517578,91.16000366210938,87.66000366210938,89.9800033569336,69.0632553100586,1565600.0
2021-01-26 00:00:00-05:00,91.0999984741211,91.73999786376953,87.6500015258789,87.88999938964844,67.45909881591797,1422900.0
2021-01-27 00:00:00-05:00,85.86000061035156,87.52999877929688,84.05999755859375,86.05999755859375,66.05448150634766,1803700.0
2021-01-28 00:00:00-05:00,87.44000244140625,87.9800033569336,84.62999725341797,87.25,66.96786499023438,2148100.0
2021-01-29 00:00:00-05:00,88.52999877929688,90.47000122070312,85.05999755859375,85.76000213623047,65.82423400878906,2014300.0
2021-02-01 00:00:00-05:00,86.63999938964844,87.91999816894531,85.01000213623047,86.75,66.58409881591797,1270700.0
2021-02-02 00:00:00-05:00,88.27999877929688,89.7300033569336,87.45999908447266,88.83999633789062,68.18824768066406,1415200.0
2021-02-03 00:00:00-05:00,88.43000030517578,89.73999786376953,88.06999969482422,89.2300033569336,68.48760223388672,1209200.0
2021-02-04 00:00:00-05:00,89.19999694824219,91.27999877929688,88.41000366210938,90.9000015258789,69.7693862915039,1190800.0
2021-02-05 00:00:00-05:00,92.0199966430664,93.56999969482422,91.63999938964844,93.26000213623047,71.58078002929688,1277400.0
2021-02-08 00:00:00-05:00,94.08999633789062,95.87000274658203,93.69999694824219,95.5199966430664,73.31541442871094,1102200.0
2021-02-09 00:00:00-05:00,95.69999694824219,96.0199966430664,94.62000274658203,94.70999908447266,72.69371032714844,1019900.0
2021-02-10 00:00:00-05:00,95.3499984741211,96.56999969482422,94.81999969482422,95.47000122070312,73.27704620361328,2050000.0
2021-02-11 00:00:00-05:00,95.76000213623047,95.76000213623047,93.19000244140625,94.81999969482422,72.77815246582031,829700.0
2021-02-12 00:00:00-05:00,94.69999694824219,96.2699966430664,94.02999877929688,96.13999938964844,73.79130554199219,1316300.0
2021-02-16 00:00:00-05:00,96.93000030517578,98.80999755859375,96.79000091552734,97.98999786376953,75.21124267578125,1083200.0
2021-02-17 00:00:00-05:00,97.70999908447266,98.31999969482422,95.80000305175781,97.80999755859375,75.07308959960938,964300.0
2021-02-18 00:00:00-05:00,97.4800033569336,98.08999633789062,94.79000091552734,94.91999816894531,72.85490417480469,1164400.0
2021-02-19 00:00:00-05:00,95.41000366210938,100.83999633789062,95.41000366210938,100.22000122070312,76.9228744506836,1906600.0
2021-02-22 00:00:00-05:00,100.5199966430664,104.22000122070312,100.5199966430664,102.91999816894531,78.99522399902344,2426900.0
2021-02-23 00:00:00-05:00,103.3499984741211,103.75,101.25,103.0,79.05662536621094,2007400.0
2021-02-24 00:00:00-05:00,103.30000305175781,108.0,103.04000091552734,107.33000183105469,82.38008880615234,2818700.0
2021-02-25 00:00:00-05:00,107.02999877929688,108.22000122070312,103.55000305175781,104.41000366210938,80.13884735107422,2003200.0
2021-02-26 00:00:00-05:00,103.23999786376953,104.94000244140625,101.36000061035156,103.08999633789062,79.12570190429688,2021200.0
2021-03-01 00:00:00-05:00,105.44999694824219,107.29000091552734,105.13999938964844,106.33999633789062,81.62020874023438,2772900.0
2021-03-02 00:00:00-05:00,107.33000183105469,109.44000244140625,106.95999908447266,107.9000015258789,82.81756591796875,2157800.0
2021-03-03 00:00:00-05:00,107.6500015258789,109.98999786376953,107.2300033569336,107.80999755859375,82.74848175048828,2164900.0
2021-03-04 00:00:00-05:00,107.52999877929688,108.93000030517578,103.75,106.16999816894531,81.48973083496094,2182500.0
2021-03-05 00:00:00-05:00,106.55999755859375,108.55999755859375,103.94000244140625,107.88999938964844,83.63704681396484,2291800.0
2021-03-08 00:00:00-05:00,108.91000366210938,110.70999908447266,108.41999816894531,108.76000213623047,84.31147766113281,2464200.0
2021-03-09 00:00:00-05:00,109.20999908447266,109.86000061035156,107.08999633789062,107.16999816894531,83.07891845703125,1954500.0
2021-03-10 00:00:00-05:00,107.0,110.16999816894531,106.69999694824219,108.9000015258789,84.42001342773438,2160100.0
2021-03-11 00:00:00-05:00,109.54000091552734,110.97000122070312,109.1500015258789,109.5,84.8851318359375,1494200.0
2021-03-12 00:00:00-05:00,109.98999786376953,110.58000183105469,108.08999633789062,108.7300033569336,84.2882308959961,1426200.0
2021-03-15 00:00:00-04:00,108.43000030517578,108.79000091552734,106.04000091552734,107.62999725341797,83.43548583984375,1604700.0
2021-03-16 00:00:00-04:00,107.08999633789062,107.69000244140625,104.73999786376953,105.36000061035156,81.67578887939453,1347800.0
2021-03-17 00:00:00-04:00,105.97000122070312,109.18000030517578,105.91000366210938,108.72000122070312,84.28045654296875,1564100.0
2021-03-18 00:00:00-04:00,109.4000015258789,112.7300033569336,107.43000030517578,108.0999984741211,83.79983520507812,2264600.0
2021-03-19 00:00:00-04:00,107.18000030517578,108.11000061035156,103.9000015258789,106.7699966430664,82.7688217163086,5080200.0
2021-03-22 00:00:00-04:00,106.75,106.88999938964844,103.88999938964844,106.0,82.17192077636719,1804000.0
2021-03-23 00:00:00-04:00,104.01000213623047,104.41000366210938,99.58000183105469,100.26000213623047,77.72222900390625,3016600.0
2021-03-24 00:00:00-04:00,102.25,104.81999969482422,101.93000030517578,102.12999725341797,79.17185974121094,1638400.0
2021-03-25 00:00:00-04:00,100.75,104.94999694824219,100.2300033569336,104.6500015258789,81.12538146972656,1337500.0
2021-03-26 00:00:00-04:00,106.75,107.0,103.87999725341797,105.56999969482422,81.83857727050781,1281900.0
2021-03-29 00:00:00-04:00,105.37999725341797,108.68000030517578,104.11000061035156,104.2300033569336,80.79979705810547,1256800.0
2021-03-30 00:00:00-04:00,104.0,105.80000305175781,103.38999938964844,105.02999877929688,81.41995239257812,901400.0
2021-03-31 00:00:00-04:00,104.93000030517578,105.9800033569336,103.5999984741211,104.05000305175781,80.66024017333984,1263500.0
2021-04-01 00:00:00-04:00,105.02999877929688,105.81999969482422,104.05999755859375,105.55000305175781,81.82307434082031,1192600.0
2021-04-05 00:00:00-04:00,106.55000305175781,106.66000366210938,103.91000366210938,104.20999908447266,80.7842788696289,1357200.0
2021-04-06 00:00:00-04:00,103.9000015258789,106.05000305175781,103.9000015258789,104.79000091552734,81.2339096069336,1672300.0
2021-04-07 00:00:00-04:00,105.08000183105469,105.63999938964844,103.30000305175781,103.5999984741211,80.31139373779297,1115500.0
2021-04-08 00:00:00-04:00,103.30000305175781,103.5,100.5,103.0,79.84628295898438,1353900.0
2021-04-09 00:00:00-04:00,103.4000015258789,104.54000091552734,102.68000030517578,104.08000183105469,80.68350982666016,1790000.0
2021-04-12 00:00:00-04:00,104.7699966430664,105.87999725341797,104.06999969482422,105.37000274658203,81.68351745605469,1272900.0
2021-04-13 00:00:00-04:00,104.56999969482422,104.80000305175781,102.33000183105469,104.56999969482422,81.06336212158203,1257100.0
2021-04-14 00:00:00-04:00,105.0,107.70999908447266,105.0,106.94000244140625,82.90059661865234,1544200.0
2021-04-15 00:00:00-04:00,107.2300033569336,107.63999938964844,105.05999755859375,107.0999984741211,83.02462768554688,919300.0
2021-04-16 00:00:00-04:00,108.22000122070312,109.1500015258789,106.88999938964844,107.55000305175781,83.37348937988281,1157100.0
2021-04-19 00:00:00-04:00,107.73999786376953,108.05000305175781,105.86000061035156,107.19999694824219,83.1021499633789,817900.0
2021-04-20 00:00:00-04:00,106.7300033569336,107.12000274658203,103.76000213623047,104.63999938964844,81.11764526367188,1012400.0
2021-04-21 00:00:00-04:00,104.37999725341797,108.16999816894531,103.94999694824219,108.12000274658203,83.81533813476562,883200.0
2021-04-22 00:00:00-04:00,107.54000091552734,107.86000061035156,101.91999816894531,102.0,79.07107543945312,1952800.0
2021-04-23 00:00:00-04:00,102.47000122070312,105.0199966430664,101.73999786376953,104.41000366210938,80.93932342529297,1244800.0
2021-04-26 00:00:00-04:00,104.81999969482422,106.41999816894531,104.2300033569336,104.94000244140625,81.3501968383789,1135900.0
2021-04-27 00:00:00-04:00,104.27999877929688,105.31999969482422,103.97000122070312,104.91000366210938,81.32694244384766,792500.0
2021-04-28 00:00:00-04:00,105.47000122070312,106.94999694824219,105.26000213623047,106.36000061035156,82.45098114013672,1284900.0
2021-04-29 00:00:00-04:00,107.25,108.18000030517578,105.79000091552734,107.48999786376953,83.32695770263672,1177800.0
2021-04-30 00:00:00-04:00,105.5199966430664,107.0199966430664,103.2300033569336,103.73999786376953,80.4199447631836,1511400.0
2021-05-03 00:00:00-04:00,104.94999694824219,109.01000213623047,104.27999877929688,107.87000274658203,83.62154388427734,1875300.0
2021-05-04 00:00:00-04:00,107.06999969482422,109.33000183105469,106.0199966430664,109.30999755859375,84.73783874511719,2590100.0
2021-05-05 00:00:00-04:00,110.01000213623047,112.5999984741211,109.58000183105469,112.04000091552734,86.8541488647461,1850300.0
2021-05-06 00:00:00-04:00,112.33999633789062,114.33000183105469,111.04000091552734,114.12999725341797,88.47433471679688,1446300.0
2021-05-07 00:00:00-04:00,112.62000274658203,114.44999694824219,112.01000213623047,114.05999755859375,88.4200668334961,1023300.0
2021-05-10 00:00:00-04:00,115.20999908447266,116.7699966430664,113.29000091552734,113.44000244140625,87.93943786621094,1670100.0
2021-05-11 00:00:00-04:00,111.55000305175781,113.25,110.11000061035156,112.52999877929688,87.2340087890625,1169900.0
2021-05-12 00:00:00-04:00,112.56999969482422,113.83000183105469,109.87999725341797,110.05999755859375,85.31926727294922,1042200.0
2021-05-13 00:00:00-04:00,109.88999938964844,111.56999969482422,108.8499984741211,110.54000091552734,85.69133758544922,1060900.0
2021-05-14 00:00:00-04:00,111.2300033569336,114.2300033569336,111.16999816894531,114.06999969482422,88.4278335571289,1277200.0
2021-05-17 00:00:00-04:00,113.9800033569336,115.7699966430664,113.16999816894531,115.4800033569336,89.52085876464844,1519000.0
2021-05-18 00:00:00-04:00,115.36000061035156,115.56999969482422,113.19999694824219,113.30000305175781,87.83091735839844,1505100.0
2021-05-19 00:00:00-04:00,111.12999725341797,111.5,108.81999969482422,110.37000274658203,85.55956268310547,1534100.0
2021-05-20 00:00:00-04:00,110.41000366210938,111.29000091552734,108.48999786376953,109.80000305175781,85.11768341064453,1316600.0
2021-05-21 00:00:00-04:00,110.31999969482422,111.70999908447266,109.86000061035156,110.5,85.66034698486328,1145600.0
2021-05-24 00:00:00-04:00,111.52999877929688,112.3499984741211,110.23999786376953,111.5999984741211,86.5130615234375,942200.0
2021-05-25 00:00:00-04:00,111.80999755859375,112.63999938964844,109.87000274658203,109.88999938964844,85.18746185302734,1140200.0
2021-05-26 00:00:00-04:00,109.88999938964844,111.55999755859375,109.18000030517578,110.94000244140625,86.00143432617188,1132700.0
2021-05-27 00:00:00-04:00,112.4000015258789,113.63999938964844,111.5999984741211,113.55999755859375,88.032470703125,5021300.0
2021-05-28 00:00:00-04:00,114.37000274658203,114.66999816894531,112.44999694824219,112.62000274658203,87.30377197265625,1600900.0
2021-06-01 00:00:00-04:00,114.58999633789062,116.97000122070312,114.29000091552734,116.87000274658203,90.59840393066406,1415200.0
2021-06-02 00:00:00-04:00,116.9000015258789,117.12999725341797,115.1500015258789,115.87000274658203,89.82319641113281,1196500.0
2021-06-03 00:00:00-04:00,116.13999938964844,118.0199966430664,114.98999786376953,117.86000061035156,91.36587524414062,1565900.0
2021-06-04 00:00:00-04:00,117.33000183105469,117.87000274658203,115.41000366210938,116.19999694824219,90.9510269165039,1353400.0
2021-06-07 00:00:00-04:00,115.94999694824219,116.41000366210938,112.48999786376953,112.66000366210938,88.18022918701172,1557800.0
2021-06-08 00:00:00-04:00,113.16999816894531,115.33000183105469,110.62999725341797,113.76000213623047,89.04121398925781,2802300.0
2021-06-09 00:00:00-04:00,113.3499984741211,113.9000015258789,112.02999877929688,112.05000305175781,87.7027587890625,1849500.0
2021-06-10 00:00:00-04:00,113.20999908447266,113.77999877929688,110.30000305175781,110.38999938964844,86.40348052978516,1727400.0
2021-06-11 00:00:00-04:00,111.51000213623047,111.76000213623047,109.58999633789062,110.06999969482422,86.15300750732422,1518100.0
2021-06-14 00:00:00-04:00,109.93000030517578,110.55999755859375,107.79000091552734,108.5199966430664,84.9397964477539,1339400.0
2021-06-15 00:00:00-04:00,108.54000091552734,109.11000061035156,106.5999984741211,108.80000305175781,85.1589584350586,1752000.0
2021-06-16 00:00:00-04:00,108.5199966430664,108.69000244140625,106.33999633789062,107.0,83.75006866455078,1629900.0
2021-06-17 00:00:00-04:00,106.75,107.33000183105469,100.91999816894531,102.41999816894531,80.1652603149414,2810600.0
2021-06-18 00:00:00-04:00,101.0,102.2699966430664,100.2300033569336,100.3499984741211,78.54505920410156,2362600.0
2021-06-21 00:00:00-04:00,102.05999755859375,103.91000366210938,101.80000305175781,102.80000305175781,80.46269989013672,1686100.0
2021-06-22 00:00:00-04:00,103.20999908447266,103.41999816894531,101.77999877929688,102.97000122070312,80.59574127197266,1455500.0
2021-06-23 00:00:00-04:00,103.73999786376953,104.47000122070312,103.04000091552734,103.33999633789062,80.88534545898438,1299000.0
2021-06-24 00:00:00-04:00,104.12000274658203,104.37000274658203,102.38999938964844,102.47000122070312,80.20439910888672,1688400.0
2021-06-25 00:00:00-04:00,103.20999908447266,103.44999694824219,101.69999694824219,101.91999816894531,79.7739028930664,2491200.0
2021-06-28 00:00:00-04:00,101.91999816894531,102.29000091552734,99.55000305175781,101.69000244140625,79.59388732910156,1268200.0
2021-06-29 00:00:00-04:00,102.3499984741211,103.43000030517578,101.26000213623047,102.25,80.03219604492188,1145400.0
2021-06-30 00:00:00-04:00,102.11000061035156,103.4000015258789,101.93000030517578,102.87000274658203,80.51749420166016,1110600.0
2021-07-01 00:00:00-04:00,104.19000244140625,104.79000091552734,103.01000213623047,103.44999694824219,80.97145080566406,2114500.0
2021-07-02 00:00:00-04:00,103.0999984741211,103.80999755859375,101.80000305175781,103.61000061035156,81.09668731689453,1693600.0
2021-07-06 00:00:00-04:00,103.0,103.55000305175781,99.11000061035156,100.08999633789062,78.34153747558594,2356800.0
2021-07-07 00:00:00-04:00,99.44000244140625,100.9000015258789,98.16999816894531,100.4000015258789,78.58416748046875,2282100.0
2021-07-08 00:00:00-04:00,98.31999969482422,100.29000091552734,97.30000305175781,99.01000213623047,77.4962158203125,1562800.0
2021-07-09 00:00:00-04:00,101.12000274658203,103.12999725341797,100.30000305175781,102.7300033569336,80.40789031982422,2209200.0
2021-07-12 00:00:00-04:00,100.88999938964844,103.12000274658203,99.70999908447266,102.25,80.03219604492188,2466500.0
2021-07-13 00:00:00-04:00,103.05999755859375,103.25,101.25,102.02999877929688,79.8600082397461,1043200.0
2021-07-14 00:00:00-04:00,102.4000015258789,104.1500015258789,101.19000244140625,101.41999816894531,79.38255310058594,925800.0
2021-07-15 00:00:00-04:00,100.44000244140625,101.93000030517578,100.22000122070312,101.0,79.05381774902344,1488400.0
2021-07-16 00:00:00-04:00,100.45999908447266,101.05999755859375,95.83000183105469,96.13999938964844,75.24982452392578,2617400.0
2021-07-19 00:00:00-04:00,93.31999969482422,94.0,91.62999725341797,92.29000091552734,72.23639678955078,3615700.0
2021-07-20 00:00:00-04:00,92.83999633789062,95.94000244140625,92.58999633789062,95.0,74.35755157470703,2740600.0
2021-07-21 00:00:00-04:00,96.18000030517578,97.91999816894531,96.18000030517578,97.08000183105469,75.98558807373047,1928300.0
2021-07-22 00:00:00-04:00,97.51000213623047,97.51000213623047,94.02999877929688,96.0,75.14025115966797,1698400.0
2021-07-23 00:00:00-04:00,97.33000183105469,97.81999969482422,95.44000244140625,96.58999633789062,75.60204315185547,1106900.0
2021-07-26 00:00:00-04:00,96.86000061035156,98.66999816894531,96.48999786376953,98.55000305175781,77.13616180419922,1277000.0
2021-07-27 00:00:00-04:00,98.06999969482422,100.04000091552734,97.20999908447266,99.04000091552734,77.51969909667969,1189600.0
2021-07-28 00:00:00-04:00,98.63999938964844,99.66999816894531,97.2300033569336,98.95999908447266,77.45707702636719,1222800.0
2021-07-29 00:00:00-04:00,100.5199966430664,101.22000122070312,99.66000366210938,100.52999877929688,78.68592834472656,1323200.0
2021-07-30 00:00:00-04:00,97.94999694824219,101.7699966430664,96.52999877929688,99.33000183105469,77.7466812133789,2249700.0
2021-08-02 00:00:00-04:00,99.9800033569336,103.30999755859375,98.83999633789062,98.9000015258789,77.41010284423828,1772700.0
2021-08-03 00:00:00-04:00,99.19999694824219,100.23999786376953,96.41000366210938,100.19999694824219,78.42765045166016,1232900.0
2021-08-04 00:00:00-04:00,99.16000366210938,100.5,96.94999694824219,97.0,75.92296600341797,1284500.0
2021-08-05 00:00:00-04:00,97.68000030517578,98.52999877929688,96.51000213623047,96.66999816894531,75.6646728515625,1191900.0
2021-08-06 00:00:00-04:00,98.36000061035156,100.0,98.36000061035156,99.44999694824219,77.84059143066406,1064400.0
2021-08-09 00:00:00-04:00,99.13999938964844,99.9000015258789,98.44000244140625,99.63999938964844,77.98931884765625,1670000.0
2021-08-10 00:00:00-04:00,99.86000061035156,104.23999786376953,99.81999969482422,103.66000366210938,81.13583374023438,1754300.0
2021-08-11 00:00:00-04:00,103.9800033569336,106.13999938964844,103.22000122070312,105.94000244140625,82.92039489746094,1456700.0
2021-08-12 00:00:00-04:00,106.18000030517578,106.33999633789062,103.44000244140625,105.0,82.1846694946289,1177300.0
2021-08-13 00:00:00-04:00,104.8499984741211,105.29000091552734,103.66000366210938,105.06999969482422,82.23944091796875,985600.0
2021-08-16 00:00:00-04:00,104.3499984741211,104.3499984741211,101.2699966430664,103.41999816894531,80.94796752929688,1676600.0
2021-08-17 00:00:00-04:00,102.16999816894531,102.44999694824219,99.97000122070312,101.77999877929688,79.66433715820312,1123000.0
2021-08-18 00:00:00-04:00,101.02999877929688,102.29000091552734,99.9000015258789,100.25,78.46678161621094,1149600.0
2021-08-19 00:00:00-04:00,98.55000305175781,99.05000305175781,96.4800033569336,97.2699966430664,76.13429260253906,1764900.0
2021-08-20 00:00:00-04:00,97.0,98.5999984741211,96.83000183105469,98.20999908447266,76.87005615234375,1301700.0
2021-08-23 00:00:00-04:00,99.36000061035156,100.80999755859375,98.86000061035156,100.04000091552734,78.30241394042969,1131100.0
2021-08-24 00:00:00-04:00,100.83000183105469,103.38999938964844,100.83000183105469,102.51000213623047,80.23570251464844,1628400.0
2021-08-25 00:00:00-04:00,102.05000305175781,103.12999725341797,100.8499984741211,102.9800033569336,80.60357666015625,1963300.0
2021-08-26 00:00:00-04:00,103.0,103.33999633789062,100.95999908447266,101.19000244140625,79.20252227783203,1723200.0
2021-08-27 00:00:00-04:00,100.7300033569336,103.51000213623047,100.70999908447266,102.87999725341797,81.4347152709961,1158100.0
2021-08-30 00:00:00-04:00,102.9000015258789,102.98999786376953,101.31999969482422,101.94000244140625,80.69063568115234,1934200.0
2021-08-31 00:00:00-04:00,101.38999938964844,101.70999908447266,100.16000366210938,100.3499984741211,79.43207550048828,2556000.0
2021-09-01 00:00:00-04:00,100.6500015258789,101.05000305175781,97.69000244140625,97.80000305175781,77.41363525390625,2812100.0
2021-09-02 00:00:00-04:00,97.94999694824219,98.5999984741211,97.04000091552734,97.29000091552734,77.00993347167969,2491200.0
2021-09-03 00:00:00-04:00,97.3499984741211,97.83999633789062,95.43000030517578,95.7300033569336,75.77511596679688,2905800.0
2021-09-07 00:00:00-04:00,95.05000305175781,95.88999938964844,94.12999725341797,94.63999938964844,74.91232299804688,2450800.0
2021-09-08 00:00:00-04:00,96.12999725341797,96.12999725341797,92.0999984741211,92.44000244140625,73.17091369628906,3440100.0
2021-09-09 00:00:00-04:00,91.54000091552734,93.56999969482422,91.2300033569336,91.58999633789062,72.49809265136719,3911800.0
2021-09-10 00:00:00-04:00,92.37000274658203,93.56999969482422,91.79000091552734,92.87000274658203,73.51128387451172,2781300.0
2021-09-13 00:00:00-04:00,94.11000061035156,94.79000091552734,93.12999725341797,94.41999816894531,74.73818969726562,1978700.0
2021-09-14 00:00:00-04:00,95.79000091552734,95.79000091552734,93.5199966430664,93.83000183105469,74.27117156982422,2879700.0
2021-09-15 00:00:00-04:00,94.22000122070312,94.86000061035156,93.4000015258789,94.79000091552734,75.03105163574219,2853000.0
2021-09-16 00:00:00-04:00,94.37999725341797,94.80000305175781,93.25,93.87000274658203,74.3028335571289,1813700.0
2021-09-17 00:00:00-04:00,93.0,93.52999877929688,91.58999633789062,92.1500015258789,72.94136047363281,4605500.0
2021-09-20 00:00:00-04:00,89.5199966430664,90.80999755859375,88.20999908447266,89.91999816894531,71.17621612548828,2647200.0
2021-09-21 00:00:00-04:00,90.79000091552734,91.19999694824219,89.11000061035156,89.9000015258789,71.1603775024414,1815100.0
2021-09-22 00:00:00-04:00,90.95999908447266,92.37000274658203,90.95999908447266,91.2300033569336,72.213134765625,1547500.0
2021-09-23 00:00:00-04:00,91.9800033569336,94.54000091552734,91.62999725341797,93.33999633789062,73.88330841064453,2325800.0
2021-09-24 00:00:00-04:00,93.04000091552734,93.80999755859375,92.05000305175781,93.0999984741211,73.69334411621094,1208900.0
2021-09-27 00:00:00-04:00,93.83999633789062,96.94999694824219,93.81999969482422,96.08000183105469,76.05216217041016,1741100.0
2021-09-28 00:00:00-04:00,96.87000274658203,98.45999908447266,96.11000061035156,96.36000061035156,76.2737808227539,2049700.0
2021-09-29 00:00:00-04:00,96.37000274658203,97.37000274658203,95.5199966430664,95.86000061035156,75.87801361083984,1759100.0
2021-09-30 00:00:00-04:00,96.45999908447266,96.79000091552734,93.80000305175781,93.8499984741211,74.28699493408203,2129200.0
2021-10-01 00:00:00-04:00,93.80999755859375,96.41999816894531,93.73999786376953,95.83000183105469,75.85426330566406,1449300.0
2021-10-04 00:00:00-04:00,96.52999877929688,97.11000061035156,94.08000183105469,94.66999816894531,74.93607330322266,1861600.0
2021-10-05 00:00:00-04:00,95.5,97.58000183105469,94.8499984741211,96.7300033569336,76.5666732788086,1815300.0
2021-10-06 00:00:00-04:00,94.94000244140625,95.97000122070312,93.66999816894531,95.7699966430664,75.80677795410156,2246400.0
2021-10-07 00:00:00-04:00,97.2699966430664,99.55999755859375,97.0,97.95999908447266,77.54026794433594,2031400.0
2021-10-08 00:00:00-04:00,98.05000305175781,98.97000122070312,97.12000274658203,97.94999694824219,77.5323486328125,1410600.0
2021-10-11 00:00:00-04:00,99.1500015258789,99.69000244140625,97.11000061035156,97.41000366210938,77.10492706298828,1339100.0
2021-10-12 00:00:00-04:00,97.5,97.87999725341797,96.31999969482422,96.86000061035156,76.66956329345703,1323700.0
2021-10-13 00:00:00-04:00,97.43000030517578,97.43000030517578,94.55999755859375,96.27999877929688,76.2104721069336,1342100.0
2021-10-14 00:00:00-04:00,97.25,98.7699966430664,96.52999877929688,98.33000183105469,77.83314514160156,1552300.0
2021-10-15 00:00:00-04:00,99.3499984741211,100.27999877929688,98.55999755859375,99.0999984741211,78.44263458251953,1450600.0
2021-10-18 00:00:00-04:00,97.56999969482422,99.08999633789062,97.20999908447266,98.41999816894531,77.90437316894531,1099500.0
2021-10-19 00:00:00-04:00,99.08999633789062,99.08999633789062,98.08000183105469,98.61000061035156,78.05477905273438,1177500.0
2021-10-20 00:00:00-04:00,98.79000091552734,100.08000183105469,98.1500015258789,99.45999908447266,78.72759246826172,1347600.0
2021-10-21 00:00:00-04:00,98.87000274658203,99.2699966430664,95.52999877929688,96.55999755859375,76.43209075927734,2062800.0
2021-10-22 00:00:00-04:00,97.2300033569336,98.3499984741211,96.83999633789062,97.38999938964844,77.0890884399414,1384700.0
2021-10-25 00:00:00-04:00,98.29000091552734,98.91000366210938,97.41999816894531,97.61000061035156,77.26322937011719,1264300.0
2021-10-26 00:00:00-04:00,98.06999969482422,98.70999908447266,96.83000183105469,97.63999938964844,77.28697204589844,1814200.0
2021-10-27 00:00:00-04:00,97.36000061035156,97.36000061035156,94.41000366210938,94.44999694824219,74.7619400024414,2193500.0
2021-10-28 00:00:00-04:00,94.77999877929688,96.61000061035156,94.77999877929688,96.33999633789062,76.2579574584961,1694300.0
2021-10-29 00:00:00-04:00,92.94000244140625,95.44000244140625,91.5999984741211,92.81999969482422,73.47171783447266,4332700.0
2021-11-01 00:00:00-04:00,92.80999755859375,94.69000244140625,92.80999755859375,94.27999877929688,74.62738037109375,1796800.0
2021-11-02 00:00:00-04:00,92.86000061035156,94.63999938964844,92.86000061035156,94.37000274658203,74.69861602783203,2014600.0
2021-11-03 00:00:00-04:00,92.80000305175781,94.66999816894531,92.72000122070312,93.56999969482422,74.06537628173828,3034700.0
2021-11-04 00:00:00-04:00,94.05000305175781,94.19000244140625,89.52999877929688,91.08000183105469,72.09440612792969,2842500.0
2021-11-05 00:00:00-04:00,92.08999633789062,94.0,91.9000015258789,92.97000122070312,73.5904312133789,2441300.0
2021-11-08 00:00:00-05:00,93.6500015258789,95.1500015258789,93.11000061035156,93.2699966430664,73.8279037475586,1377000.0
2021-11-09 00:00:00-05:00,93.0,93.7300033569336,92.47000122070312,92.80999755859375,73.46378326416016,1923100.0
2021-11-10 00:00:00-05:00,93.0,93.54000091552734,92.48999786376953,92.83000183105469,73.47962188720703,1770100.0
2021-11-11 00:00:00-05:00,93.23999786376953,95.47000122070312,92.98999786376953,94.69000244140625,74.95189666748047,2337300.0
2021-11-12 00:00:00-05:00,95.11000061035156,96.2300033569336,94.6500015258789,95.38999938964844,75.50598907470703,1542200.0
2021-11-15 00:00:00-05:00,95.44000244140625,95.95999908447266,94.66000366210938,95.22000122070312,75.37142181396484,1488400.0
2021-11-16 00:00:00-05:00,95.22000122070312,95.22000122070312,92.98999786376953,93.0,73.61418914794922,1582100.0
2021-11-17 00:00:00-05:00,92.7300033569336,93.41000366210938,91.69999694824219,91.98999786376953,72.81470489501953,1700000.0
2021-11-18 00:00:00-05:00,92.1500015258789,92.26000213623047,90.9000015258789,91.26000213623047,72.23689270019531,2379100.0
2021-11-19 00:00:00-05:00,90.80000305175781,91.87000274658203,88.36000061035156,89.4000015258789,70.76458740234375,3528900.0
2021-11-22 00:00:00-05:00,89.93000030517578,93.30999755859375,89.93000030517578,92.79000091552734,73.44795227050781,3098700.0
2021-11-23 00:00:00-05:00,93.6500015258789,94.0999984741211,92.94000244140625,93.44000244140625,73.96247100830078,1883600.0
2021-11-24 00:00:00-05:00,92.91000366210938,93.43000030517578,91.41000366210938,91.55999755859375,72.47434997558594,1962900.0
2021-11-26 00:00:00-05:00,87.20999908447266,89.68000030517578,86.12999725341797,89.44000244140625,71.68092346191406,2469400.0
2021-11-29 00:00:00-05:00,90.54000091552734,91.25,88.55000305175781,89.16999816894531,71.46453857421875,3128700.0
2021-11-30 00:00:00-05:00,87.69999694824219,88.12999725341797,86.29000091552734,87.12999725341797,69.82958221435547,4955300.0
2021-12-01 00:00:00-05:00,89.0199966430664,89.2699966430664,84.5199966430664,84.55000305175781,67.76188659667969,3174400.0
2021-12-02 00:00:00-05:00,84.7300033569336,85.98999786376953,84.16999816894531,85.58000183105469,68.58735656738281,4580600.0
2021-12-03 00:00:00-05:00,86.16000366210938,88.16000366210938,86.08000183105469,87.37000274658203,70.02195739746094,3273500.0
2021-12-06 00:00:00-05:00,88.80000305175781,89.70999908447266,87.95999908447266,88.91999816894531,71.2641830444336,2785800.0
2021-12-07 00:00:00-05:00,89.6500015258789,91.70999908447266,89.5999984741211,90.11000061035156,72.2178955078125,2105400.0
2021-12-08 00:00:00-05:00,90.77999877929688,91.83999633789062,90.25,90.5,72.53044891357422,2227300.0
2021-12-09 00:00:00-05:00,89.43000030517578,90.77999877929688,89.43000030517578,89.94999694824219,72.08966827392578,1966100.0
2021-12-10 00:00:00-05:00,91.36000061035156,91.62000274658203,89.5999984741211,89.91000366210938,72.05760192871094,2037300.0
2021-12-13 00:00:00-05:00,89.55000305175781,90.41000366210938,87.41000366210938,87.6500015258789,70.246337890625,3547000.0
2021-12-14 00:00:00-05:00,87.72000122070312,89.41000366210938,87.72000122070312,89.16000366210938,71.45652770996094,2712700.0
2021-12-15 00:00:00-05:00,88.88999938964844,89.16000366210938,85.1500015258789,87.04000091552734,69.75746154785156,3833400.0
2021-12-16 00:00:00-05:00,87.62999725341797,90.2699966430664,87.43000030517578,89.11000061035156,71.41645050048828,2938500.0
2021-12-17 00:00:00-05:00,88.87000274658203,89.05000305175781,86.9000015258789,87.76000213623047,70.33451080322266,4430200.0
2021-12-20 00:00:00-05:00,86.44000244140625,87.20999908447266,85.04000091552734,86.9000015258789,69.64525604248047,2856400.0
2021-12-21 00:00:00-05:00,87.91000366210938,89.75,87.91000366210938,88.31999969482422,70.78331756591797,3131100.0
2021-12-22 00:00:00-05:00,88.08999633789062,88.56999969482422,87.29000091552734,88.0199966430664,70.54287719726562,1481600.0
2021-12-23 00:00:00-05:00,88.5,91.30000305175781,88.26000213623047,90.55000305175781,72.57052612304688,2118200.0
2021-12-27 00:00:00-05:00,90.91000366210938,91.81999969482422,90.22000122070312,91.66999816894531,73.46814727783203,1096600.0
2021-12-28 00:00:00-05:00,92.0,93.19999694824219,91.75,92.72000122070312,74.30963897705078,1046700.0
2021-12-29 00:00:00-05:00,92.48999786376953,93.22000122070312,92.31999969482422,92.66999816894531,74.26958465576172,885600.0
2021-12-30 00:00:00-05:00,92.95999908447266,93.58000183105469,91.94000244140625,92.18000030517578,73.87686920166016,906900.0
2021-12-31 00:00:00-05:00,91.91000366210938,92.83999633789062,91.63999938964844,92.2300033569336,73.91694641113281,907100.0
2022-01-03 00:00:00-05:00,92.94999694824219,94.69000244140625,92.83000183105469,93.16000366210938,74.66228485107422,1815900.0
2022-01-04 00:00:00-05:00,93.7699966430664,97.47000122070312,93.73999786376953,96.95999908447266,77.70775604248047,2526700.0
2022-01-05 00:00:00-05:00,97.41999816894531,98.54000091552734,96.26000213623047,96.2699966430664,77.15475463867188,2102600.0
2022-01-06 00:00:00-05:00,97.55000305175781,98.13999938964844,95.36000061035156,96.69999694824219,77.4993896484375,1719000.0
2022-01-07 00:00:00-05:00,97.19999694824219,98.47000122070312,97.01000213623047,97.61000061035156,78.22869110107422,1213600.0
2022-01-10 00:00:00-05:00,97.5999984741211,98.80000305175781,96.12000274658203,97.80000305175781,78.38097381591797,2366900.0
2022-01-11 00:00:00-05:00,98.69000244140625,99.41000366210938,97.20999908447266,99.33000183105469,79.60717010498047,1707800.0
2022-01-12 00:00:00-05:00,100.0999984741211,100.94999694824219,98.5999984741211,99.88999938964844,80.05599212646484,1355700.0
2022-01-13 00:00:00-05:00,100.08999633789062,101.86000061035156,99.80000305175781,101.37000274658203,81.24211883544922,1343500.0
2022-01-14 00:00:00-05:00,101.20999908447266,102.93000030517578,100.44000244140625,102.80999755859375,82.39617919921875,1492200.0
2022-01-18 00:00:00-05:00,101.43000030517578,102.41000366210938,99.9000015258789,100.9800033569336,80.92955017089844,1801200.0
2022-01-19 00:00:00-05:00,101.73999786376953,102.11000061035156,99.51000213623047,100.87999725341797,80.84941864013672,1505200.0
2022-01-20 00:00:00-05:00,102.0999984741211,102.0999984741211,96.0,96.2699966430664,77.15475463867188,2889700.0
2022-01-21 00:00:00-05:00,96.06999969482422,96.06999969482422,93.43000030517578,94.1500015258789,75.4557113647461,2004100.0
2022-01-24 00:00:00-05:00,92.55999755859375,93.7699966430664,90.76000213623047,93.38999938964844,74.84661865234375,3094900.0
2022-01-25 00:00:00-05:00,91.77999877929688,93.7699966430664,89.23999786376953,93.20999908447266,74.70235443115234,3404400.0
2022-01-26 00:00:00-05:00,94.51000213623047,95.66000366210938,91.91000366210938,93.02999877929688,74.55810546875,2052400.0
2022-01-27 00:00:00-05:00,94.61000061035156,96.44000244140625,94.05999755859375,95.8499984741211,76.81816101074219,2978800.0
2022-01-28 00:00:00-05:00,95.0,97.87000274658203,94.05999755859375,96.08000183105469,77.00250244140625,2880700.0
2022-01-31 00:00:00-05:00,95.58000183105469,96.93000030517578,93.44999694824219,96.7300033569336,77.5234375,2764500.0
2022-02-01 00:00:00-05:00,96.48999786376953,99.88999938964844,96.36000061035156,99.52999877929688,79.76747131347656,2374300.0
2022-02-02 00:00:00-05:00,99.22000122070312,100.83000183105469,98.19999694824219,100.33999633789062,80.41663360595703,1657800.0
2022-02-03 00:00:00-05:00,100.05000305175781,101.2300033569336,99.25,100.01000213623047,80.15216064453125,1398800.0
2022-02-04 00:00:00-05:00,99.73999786376953,101.66999816894531,99.33999633789062,100.22000122070312,80.32044982910156,2804100.0
2022-02-07 00:00:00-05:00,100.66999816894531,100.66999816894531,98.91000366210938,99.4800033569336,79.72738647460938,2240600.0
2022-02-08 00:00:00-05:00,100.20999908447266,101.38999938964844,99.0,101.30000305175781,81.18601989746094,1946700.0
2022-02-09 00:00:00-05:00,101.94000244140625,103.23999786376953,101.0199966430664,102.58999633789062,82.2198715209961,1347500.0
2022-02-10 00:00:00-05:00,102.19000244140625,103.97000122070312,101.69000244140625,102.08999633789062,81.81916809082031,1397100.0
2022-02-11 00:00:00-05:00,101.63999938964844,103.41999816894531,100.58999633789062,101.7699966430664,81.56268310546875,1845300.0
2022-02-14 00:00:00-05:00,102.12000274658203,102.25,98.91999816894531,100.1500015258789,80.26435089111328,1956700.0
2022-02-15 00:00:00-05:00,99.93000030517578,102.22000122070312,99.31999969482422,101.83999633789062,81.6187973022461,1369300.0
2022-02-16 00:00:00-05:00,102.05999755859375,103.72000122070312,101.69999694824219,103.1500015258789,82.66869354248047,1899800.0
2022-02-17 00:00:00-05:00,101.93000030517578,102.55000305175781,100.2300033569336,100.94999694824219,80.90550994873047,1297400.0
2022-02-18 00:00:00-05:00,100.3499984741211,101.38999938964844,99.45999908447266,99.83999633789062,80.01590728759766,2062100.0
2022-02-22 00:00:00-05:00,100.63999938964844,101.31999969482422,98.83999633789062,99.55999755859375,79.79150390625,1946000.0
2022-02-23 00:00:00-05:00,99.95999908447266,100.54000091552734,98.30000305175781,98.45999908447266,78.909912109375,1493200.0
2022-02-24 00:00:00-05:00,96.20999908447266,96.41999816894531,93.11000061035156,94.45999908447266,75.70415496826172,4318100.0
2022-02-25 00:00:00-05:00,95.5999984741211,98.97000122070312,95.29000091552734,98.0,78.54125213623047,2766100.0
2022-02-28 00:00:00-05:00,96.12999725341797,97.88999938964844,95.37999725341797,97.2300033569336,77.92414855957031,3543200.0
2022-03-01 00:00:00-05:00,97.41000366210938,97.95999908447266,91.88999938964844,93.41999816894531,74.87065887451172,2538300.0
2022-03-02 00:00:00-05:00,94.5,98.30999755859375,94.08999633789062,97.80999755859375,78.38898468017578,2690400.0
2022-03-03 00:00:00-05:00,98.30000305175781,100.19000244140625,97.91999816894531,99.81999969482422,79.99988555908203,2011100.0
2022-03-04 00:00:00-05:00,96.62000274658203,97.4800033569336,95.5,97.12999725341797,78.73532104492188,2129200.0
2022-03-07 00:00:00-05:00,97.22000122070312,97.58000183105469,94.52999877929688,94.77999877929688,76.83036804199219,2564700.0
2022-03-08 00:00:00-05:00,95.44000244140625,97.83000183105469,93.66999816894531,96.0,77.81932067871094,2107300.0
2022-03-09 00:00:00-05:00,98.0,100.61000061035156,97.6500015258789,98.37000274658203,79.74049377441406,2294000.0
2022-03-10 00:00:00-05:00,96.77999877929688,99.97000122070312,96.77999877929688,99.73999786376953,80.85102844238281,1971700.0
2022-03-11 00:00:00-05:00,100.33000183105469,104.18000030517578,100.19000244140625,103.43000030517578,83.84220886230469,2993400.0
2022-03-14 00:00:00-04:00,104.76000213623047,105.83999633789062,102.91000366210938,103.87000274658203,84.19889068603516,3542300.0
2022-03-15 00:00:00-04:00,103.02999877929688,104.18000030517578,97.30999755859375,98.6500015258789,79.96745300292969,2845100.0
2022-03-16 00:00:00-04:00,99.52999877929688,100.86000061035156,99.08999633789062,100.83999633789062,81.74270629882812,2545900.0
2022-03-17 00:00:00-04:00,100.8499984741211,104.23999786376953,100.77999877929688,104.20999908447266,84.4744873046875,2425600.0
2022-03-18 00:00:00-04:00,103.77999877929688,104.48999786376953,100.94999694824219,102.43000030517578,83.03158569335938,13508800.0
2022-03-21 00:00:00-04:00,103.66000366210938,106.41000366210938,102.94000244140625,104.94000244140625,85.06624603271484,2299100.0
2022-03-22 00:00:00-04:00,104.5,106.19999694824219,103.48999786376953,104.58000183105469,84.77442169189453,1646700.0
2022-03-23 00:00:00-04:00,104.9800033569336,106.0,104.13999938964844,104.19000244140625,84.45828247070312,1267200.0
2022-03-24 00:00:00-04:00,105.12999725341797,107.45999908447266,104.83999633789062,107.13999938964844,86.84961700439453,3276900.0
2022-03-25 00:00:00-04:00,107.16000366210938,108.29000091552734,106.88999938964844,107.69000244140625,87.29544830322266,1174800.0
2022-03-28 00:00:00-04:00,106.98999786376953,106.98999786376953,104.20999908447266,105.43000030517578,85.46344757080078,1962800.0
2022-03-29 00:00:00-04:00,104.52999877929688,105.08999633789062,101.72000122070312,104.87000274658203,85.0094985961914,1926800.0
2022-03-30 00:00:00-04:00,105.77999877929688,106.86000061035156,104.62000274658203,105.0199966430664,85.13109588623047,1467400.0
2022-03-31 00:00:00-04:00,104.19000244140625,105.5,102.76000213623047,102.81999969482422,83.34774780273438,2029200.0
2022-04-01 00:00:00-04:00,104.1500015258789,105.16999816894531,101.70999908447266,103.33999633789062,83.76924896240234,1563400.0
2022-04-04 00:00:00-04:00,103.6500015258789,103.6500015258789,101.2699966430664,102.5199966430664,83.10454559326172,1902000.0
2022-04-05 00:00:00-04:00,102.73999786376953,103.2699966430664,101.81999969482422,101.94999694824219,82.64248657226562,2595700.0
2022-04-06 00:00:00-04:00,102.0,102.19999694824219,99.37999725341797,99.69000244140625,80.81049346923828,2185000.0
2022-04-07 00:00:00-04:00,99.69999694824219,100.66000366210938,97.37000274658203,100.19999694824219,81.22391510009766,2546400.0
2022-04-08 00:00:00-04:00,101.19000244140625,102.72000122070312,100.66999816894531,101.52999877929688,82.30203247070312,1253500.0
2022-04-11 00:00:00-04:00,100.19999694824219,103.27999877929688,99.63999938964844,101.38999938964844,82.18855285644531,1392500.0
2022-04-12 00:00:00-04:00,101.83999633789062,104.30000305175781,101.5,103.52999877929688,83.92327880859375,1324800.0
2022-04-13 00:00:00-04:00,103.83999633789062,106.1500015258789,103.56999969482422,105.91999816894531,85.86064147949219,1373000.0
2022-04-14 00:00:00-04:00,106.36000061035156,108.19000244140625,106.18000030517578,107.58000183105469,87.2062759399414,1425000.0
2022-04-18 00:00:00-04:00,107.56999969482422,109.02999877929688,107.33999633789062,108.94999694824219,88.31681060791016,1643700.0
2022-04-19 00:00:00-04:00,108.87999725341797,110.98999786376953,108.02999877929688,110.61000061035156,89.66246032714844,1485600.0
2022-04-20 00:00:00-04:00,110.12999725341797,112.22000122070312,110.12999725341797,111.1500015258789,90.10018157958984,1699000.0
2022-04-21 00:00:00-04:00,112.87000274658203,114.94999694824219,110.6500015258789,111.1500015258789,90.10018157958984,1851200.0
2022-04-22 00:00:00-04:00,109.88999938964844,110.55999755859375,106.5199966430664,106.66999816894531,86.4686050415039,2313800.0
2022-04-25 00:00:00-04:00,104.61000061035156,105.61000061035156,101.41000366210938,105.20999908447266,85.28511047363281,2179900.0
2022-04-26 00:00:00-04:00,105.20999908447266,106.41000366210938,104.19999694824219,104.26000213623047,84.5150146484375,1265100.0
2022-04-27 00:00:00-04:00,105.68000030517578,106.63999938964844,104.36000061035156,105.31999969482422,85.37428283691406,1658300.0
2022-04-28 00:00:00-04:00,106.0999984741211,106.80999755859375,104.25,106.0999984741211,86.0065689086914,2465900.0
2022-04-29 00:00:00-04:00,109.06999969482422,110.94000244140625,105.80999755859375,106.02999877929688,85.94981384277344,2268900.0
2022-05-02 00:00:00-04:00,108.80000305175781,109.19999694824219,105.88999938964844,108.01000213623047,87.55484008789062,3071500.0
2022-05-03 00:00:00-04:00,108.47000122070312,111.26000213623047,108.13999938964844,110.91999816894531,89.91374969482422,2305800.0
2022-05-04 00:00:00-04:00,111.86000061035156,116.01000213623047,111.63999938964844,116.0,94.03168487548828,2161500.0
2022-05-05 00:00:00-04:00,114.98999786376953,115.30000305175781,110.11000061035156,111.43000030517578,90.32716369628906,2156600.0
2022-05-06 00:00:00-04:00,111.26000213623047,111.4000015258789,107.80999755859375,110.22000122070312,89.3462905883789,1827900.0
2022-05-09 00:00:00-04:00,108.41000366210938,108.81999969482422,106.02999877929688,106.5999984741211,86.411865234375,2536400.0
2022-05-10 00:00:00-04:00,107.62000274658203,108.2300033569336,103.62999725341797,105.61000061035156,85.6093521118164,1820800.0
2022-05-11 00:00:00-04:00,106.66000366210938,109.69999694824219,106.3499984741211,107.4000015258789,87.06037139892578,1983800.0
2022-05-12 00:00:00-04:00,106.41000366210938,106.9800033569336,102.7699966430664,105.76000213623047,85.73094177246094,3177100.0
2022-05-13 00:00:00-04:00,107.0,107.77999877929688,105.9000015258789,106.72000122070312,86.50914764404297,2478100.0
2022-05-16 00:00:00-04:00,106.93000030517578,108.18000030517578,105.55999755859375,107.41000366210938,87.0684814453125,3286100.0
2022-05-17 00:00:00-04:00,110.37999725341797,111.86000061035156,109.4000015258789,111.4000015258789,90.3028335571289,2614800.0
2022-05-18 00:00:00-04:00,110.70999908447266,112.43000030517578,109.87000274658203,110.30999755859375,89.41926574707031,2236800.0
2022-05-19 00:00:00-04:00,108.58999633789062,110.69999694824219,107.54000091552734,109.02999877929688,88.38166809082031,2677300.0
2022-05-20 00:00:00-04:00,110.3499984741211,110.4000015258789,105.73999786376953,107.87000274658203,87.44135284423828,2212500.0
2022-05-23 00:00:00-04:00,107.0199966430664,107.80999755859375,105.5999984741211,106.70999908447266,86.50102996826172,2359200.0
2022-05-24 00:00:00-04:00,106.54000091552734,106.75,103.94999694824219,106.44000244140625,86.28218078613281,1514800.0
2022-05-25 00:00:00-04:00,106.5,109.62999725341797,105.97000122070312,109.01000213623047,88.3654556274414,2287500.0
2022-05-26 00:00:00-04:00,109.70999908447266,111.61000061035156,109.45999908447266,111.5,90.3839111328125,3209100.0
2022-05-27 00:00:00-04:00,116.0199966430664,117.0999984741211,114.20999908447266,117.08000183105469,94.90713500976562,3409900.0
2022-05-31 00:00:00-04:00,116.31999969482422,117.22000122070312,114.01000213623047,114.25,92.61310577392578,6727900.0
2022-06-01 00:00:00-04:00,115.0,115.54000091552734,112.86000061035156,114.30999755859375,92.66173553466797,2402000.0
2022-06-02 00:00:00-04:00,114.58999633789062,115.61000061035156,113.44000244140625,115.25,93.42371368408203,3326700.0
2022-06-03 00:00:00-04:00,108.4000015258789,109.26000213623047,106.70999908447266,107.4000015258789,92.17073822021484,2495700.0
2022-06-06 00:00:00-04:00,108.18000030517578,110.08000183105469,106.77999877929688,109.83000183105469,94.25617218017578,2866300.0
2022-06-07 00:00:00-04:00,109.87000274658203,112.52999877929688,108.04000091552734,112.30000305175781,96.37591552734375,3596700.0
2022-06-08 00:00:00-04:00,111.43000030517578,111.83000183105469,109.83000183105469,109.9800033569336,94.38489532470703,1802400.0
2022-06-09 00:00:00-04:00,109.16999816894531,110.22000122070312,108.1500015258789,108.22000122070312,92.87446594238281,1946700.0
2022-06-10 00:00:00-04:00,105.83999633789062,106.48999786376953,102.44000244140625,102.56999969482422,88.02562713623047,2130100.0
2022-06-13 00:00:00-04:00,100.86000061035156,100.86000061035156,96.95999908447266,97.58999633789062,83.75179290771484,2528400.0
2022-06-14 00:00:00-04:00,97.54000091552734,98.8499984741211,95.94000244140625,97.4800033569336,83.65740203857422,3130200.0
2022-06-15 00:00:00-04:00,98.20999908447266,99.31999969482422,94.91999816894531,96.13999938964844,82.50740051269531,2231200.0
2022-06-16 00:00:00-04:00,93.25,93.48999786376953,90.05000305175781,91.22000122070312,78.28504180908203,2304900.0
2022-06-17 00:00:00-04:00,91.69000244140625,91.98999786376953,88.45999908447266,89.7300033569336,77.00633239746094,4018500.0
2022-06-21 00:00:00-04:00,92.9000015258789,93.43000030517578,91.0,91.19999694824219,78.26788330078125,1925300.0
2022-06-22 00:00:00-04:00,87.5999984741211,88.06999969482422,86.31999969482422,87.52999877929688,75.11830139160156,2806200.0
2022-06-23 00:00:00-04:00,87.19999694824219,87.5199966430664,83.5,84.5,72.51793670654297,2471700.0
2022-06-24 00:00:00-04:00,85.37999725341797,89.69999694824219,85.37999725341797,89.23999786376953,76.58582305908203,3566800.0
2022-06-27 00:00:00-04:00,88.5,89.91000366210938,87.88999938964844,88.22000122070312,75.71043395996094,2404000.0
2022-06-28 00:00:00-04:00,88.9000015258789,90.51000213623047,87.81999969482422,88.41999816894531,75.88208770751953,1991600.0
2022-06-29 00:00:00-04:00,88.72000122070312,89.0,86.20999908447266,87.86000061035156,75.40149688720703,1864000.0
2022-06-30 00:00:00-04:00,86.13999938964844,88.72000122070312,85.88999938964844,87.45999908447266,75.05821990966797,1972500.0
2022-07-01 00:00:00-04:00,86.31999969482422,88.05999755859375,84.29000091552734,87.66000366210938,75.2298583984375,2256200.0
2022-07-05 00:00:00-04:00,85.31999969482422,86.0199966430664,83.08999633789062,85.11000061035156,73.04144287109375,2443000.0
2022-07-06 00:00:00-04:00,84.54000091552734,86.23999786376953,83.25,86.02999877929688,73.83099365234375,2847700.0
2022-07-07 00:00:00-04:00,87.68000030517578,89.9000015258789,87.68000030517578,88.73999786376953,76.1567153930664,2257600.0
2022-07-08 00:00:00-04:00,89.44000244140625,89.61000061035156,87.29000091552734,87.4800033569336,75.07539367675781,1584000.0
2022-07-11 00:00:00-04:00,86.25,87.94000244140625,86.0199966430664,86.55000305175781,74.27725219726562,1838300.0
2022-07-12 00:00:00-04:00,86.0,88.01000213623047,85.68000030517578,85.93000030517578,73.74517822265625,1806100.0
2022-07-13 00:00:00-04:00,84.61000061035156,85.45999908447266,83.83000183105469,84.58000183105469,72.58660888671875,2235600.0
2022-07-14 00:00:00-04:00,82.77999877929688,83.70999908447266,82.13999938964844,83.5999984741211,71.74556732177734,1639300.0
2022-07-15 00:00:00-04:00,85.37999725341797,86.20999908447266,83.51000213623047,84.73999786376953,72.72392272949219,1364500.0
2022-07-18 00:00:00-04:00,86.6500015258789,88.06999969482422,86.0,86.41999816894531,74.16568756103516,1894400.0
2022-07-19 00:00:00-04:00,87.43000030517578,90.5199966430664,87.25,89.3499984741211,76.68022155761719,1672800.0
2022-07-20 00:00:00-04:00,88.51000213623047,89.31999969482422,88.08000183105469,89.0,76.37985229492188,1876600.0
2022-07-21 00:00:00-04:00,87.4800033569336,88.3499984741211,85.48999786376953,87.0199966430664,74.68061065673828,2760500.0
2022-07-22 00:00:00-04:00,87.37999725341797,88.05000305175781,86.20999908447266,86.80000305175781,74.49181365966797,2061500.0
2022-07-25 00:00:00-04:00,87.12000274658203,87.91999816894531,86.47000122070312,87.52999877929688,75.11830139160156,2240100.0
2022-07-26 00:00:00-04:00,87.16999816894531,88.02999877929688,86.83999633789062,87.18000030517578,74.81791687011719,2416400.0
2022-07-27 00:00:00-04:00,87.3499984741211,88.86000061035156,86.83000183105469,88.4000015258789,75.86492919921875,4029300.0
2022-07-28 00:00:00-04:00,89.37999725341797,89.37999725341797,87.61000061035156,88.55999755859375,76.00224304199219,3237600.0
2022-07-29 00:00:00-04:00,90.0,90.2300033569336,86.69000244140625,89.12000274658203,76.48283386230469,2909300.0
2022-08-01 00:00:00-04:00,88.0,88.5,85.23999786376953,86.94999694824219,74.62053680419922,2847900.0
2022-08-02 00:00:00-04:00,86.41000366210938,87.13999938964844,84.76000213623047,85.47000122070312,73.35039520263672,2565100.0
2022-08-03 00:00:00-04:00,86.5999984741211,86.66999816894531,85.3499984741211,85.6500015258789,73.5048828125,2276100.0
2022-08-04 00:00:00-04:00,85.48999786376953,86.33999633789062,84.75,85.5,73.37614440917969,2478100.0
2022-08-05 00:00:00-04:00,85.0199966430664,86.36000061035156,84.9000015258789,85.61000061035156,73.4705581665039,1698700.0
2022-08-08 00:00:00-04:00,86.36000061035156,87.19999694824219,85.91000366210938,86.0,73.80525207519531,1820000.0
2022-08-09 00:00:00-04:00,86.16000366210938,87.2699966430664,85.88999938964844,87.26000213623047,74.88658142089844,1341100.0
2022-08-10 00:00:00-04:00,88.9000015258789,89.87999725341797,88.4000015258789,89.0,76.37985229492188,1228700.0
2022-08-11 00:00:00-04:00,90.06999969482422,92.5199966430664,90.05999755859375,91.41000366210938,78.4481201171875,1604100.0
2022-08-12 00:00:00-04:00,91.27999877929688,92.36000061035156,90.91000366210938,92.33000183105469,79.23765563964844,1325300.0
2022-08-15 00:00:00-04:00,90.5999984741211,90.70999908447266,89.22000122070312,90.54000091552734,77.70147705078125,2137900.0
2022-08-16 00:00:00-04:00,90.75,91.7699966430664,90.43000030517578,91.4000015258789,78.43953704833984,1664800.0
2022-08-17 00:00:00-04:00,90.30000305175781,90.62999725341797,89.41999816894531,89.80999755859375,77.07498931884766,1321200.0
2022-08-18 00:00:00-04:00,90.5,91.55999755859375,90.02999877929688,91.16000366210938,78.23356628417969,1675900.0
2022-08-19 00:00:00-04:00,90.61000061035156,90.91000366210938,89.01000213623047,89.26000213623047,76.60298156738281,1657400.0
2022-08-22 00:00:00-04:00,87.66999816894531,88.37000274658203,86.91000366210938,88.05000305175781,75.56455993652344,1927300.0
2022-08-23 00:00:00-04:00,88.43000030517578,90.66000366210938,88.37000274658203,90.20999908447266,77.41827392578125,1878700.0
2022-08-24 00:00:00-04:00,89.69999694824219,89.94000244140625,88.01000213623047,88.25,75.73619842529297,1825300.0
2022-08-25 00:00:00-04:00,89.02999877929688,90.73999786376953,88.93000030517578,90.72000122070312,77.85594940185547,1349500.0
2022-08-26 00:00:00-04:00,89.94000244140625,90.06999969482422,86.69999694824219,86.87000274658203,75.54279327392578,1397500.0
2022-08-29 00:00:00-04:00,85.0,86.66999816894531,84.4000015258789,85.83999633789062,74.64710235595703,1828400.0
2022-08-30 00:00:00-04:00,85.52999877929688,85.75,83.11000061035156,83.62000274658203,72.71658325195312,2270700.0
2022-08-31 00:00:00-04:00,83.3499984741211,84.16000366210938,82.44000244140625,83.0,72.17742156982422,2580000.0
2022-09-01 00:00:00-04:00,82.16999816894531,82.41999816894531,80.73999786376953,81.86000061035156,71.18606567382812,2334700.0
2022-09-02 00:00:00-04:00,82.44999694824219,82.97000122070312,80.3499984741211,80.77999877929688,70.24688720703125,3643200.0
2022-09-06 00:00:00-04:00,81.9800033569336,82.22000122070312,80.0999984741211,80.56999969482422,70.06427764892578,3221000.0
2022-09-07 00:00:00-04:00,80.0,81.73999786376953,79.33999633789062,81.5,70.87300109863281,2463200.0
2022-09-08 00:00:00-04:00,80.80000305175781,82.58000183105469,80.41999816894531,82.5,71.74261474609375,1583400.0
2022-09-09 00:00:00-04:00,84.06999969482422,84.41000366210938,83.3499984741211,84.12999725341797,73.16007995605469,1436300.0
2022-09-12 00:00:00-04:00,85.45999908447266,86.44999694824219,84.95999908447266,85.30999755859375,74.18621063232422,1594500.0
2022-09-13 00:00:00-04:00,82.37000274658203,83.69000244140625,80.68000030517578,81.05999755859375,70.49037170410156,2551800.0
2022-09-14 00:00:00-04:00,80.9000015258789,81.05999755859375,78.20999908447266,79.0,68.69898986816406,3821400.0
2022-09-15 00:00:00-04:00,78.55000305175781,79.70999908447266,78.08000183105469,78.69000244140625,68.4294204711914,3039400.0
2022-09-16 00:00:00-04:00,77.61000061035156,77.86000061035156,75.9000015258789,77.1500015258789,67.0902099609375,5703800.0
2022-09-19 00:00:00-04:00,75.80999755859375,78.29000091552734,75.6500015258789,78.02999877929688,67.85546875,2516500.0
2022-09-20 00:00:00-04:00,76.83000183105469,77.7300033569336,76.51000213623047,77.36000061035156,67.27284240722656,2883400.0
2022-09-21 00:00:00-04:00,77.9000015258789,78.20999908447266,75.66999816894531,75.69999694824219,65.82927703857422,2866700.0
2022-09-22 00:00:00-04:00,76.2699966430664,76.7300033569336,75.08000183105469,75.11000061035156,65.31620788574219,2697200.0
2022-09-23 00:00:00-04:00,73.7300033569336,74.1500015258789,71.45999908447266,73.08000183105469,63.550926208496094,2755100.0
2022-09-26 00:00:00-04:00,72.45999908447266,73.80999755859375,71.61000061035156,72.19999694824219,62.78566360473633,2961000.0
2022-09-27 00:00:00-04:00,73.29000091552734,73.87000274658203,72.36000061035156,73.27999877929688,63.72483825683594,3111100.0
2022-09-28 00:00:00-04:00,73.5999984741211,75.83000183105469,73.44000244140625,75.5,65.65536499023438,2617500.0
2022-09-29 00:00:00-04:00,74.43000030517578,74.94000244140625,73.23999786376953,74.80999755859375,65.05534362792969,2725700.0
2022-09-30 00:00:00-04:00,75.0,76.19999694824219,74.33000183105469,75.27999877929688,65.46405029296875,2772800.0
2022-10-03 00:00:00-04:00,77.0,78.77999877929688,76.29000091552734,78.22000122070312,68.02069091796875,2819400.0
2022-10-04 00:00:00-04:00,79.13999938964844,81.3499984741211,79.13999938964844,81.06999969482422,70.49906921386719,2706200.0
2022-10-05 00:00:00-04:00,79.73999786376953,81.5999984741211,79.23999786376953,80.88999938964844,70.34255981445312,2669700.0
2022-10-06 00:00:00-04:00,80.06999969482422,81.25,79.77999877929688,80.12000274658203,69.6729507446289,2551100.0
2022-10-07 00:00:00-04:00,79.38999938964844,80.16000366210938,78.04000091552734,78.62000274658203,68.36853790283203,2079600.0
2022-10-10 00:00:00-04:00,79.06999969482422,80.01000213623047,78.08999633789062,78.51000213623047,68.27288055419922,1688600.0
2022-10-11 00:00:00-04:00,77.66000366210938,78.7699966430664,76.91999816894531,77.72000122070312,67.58589935302734,1932400.0
2022-10-12 00:00:00-04:00,77.5999984741211,77.88999938964844,76.88999938964844,77.2300033569336,67.1597900390625,1564700.0
2022-10-13 00:00:00-04:00,75.69000244140625,80.55000305175781,75.23999786376953,80.0,69.56858825683594,2202600.0
2022-10-14 00:00:00-04:00,80.5999984741211,80.6500015258789,77.45999908447266,77.80000305175781,67.65545654296875,1811700.0
2022-10-17 00:00:00-04:00,79.0999984741211,80.12000274658203,78.08999633789062,78.31999969482422,68.107666015625,2430000.0
2022-10-18 00:00:00-04:00,80.19999694824219,81.12000274658203,79.02999877929688,80.22000122070312,69.75991821289062,1789600.0
2022-10-19 00:00:00-04:00,80.23999786376953,81.0,78.80000305175781,79.0,68.69898986816406,1734700.0
2022-10-20 00:00:00-04:00,79.23999786376953,81.5199966430664,78.69999694824219,79.04000091552734,68.73377990722656,2236500.0
2022-10-21 00:00:00-04:00,79.4000015258789,82.38999938964844,79.23999786376953,82.16000366210938,71.44694519042969,2282800.0
2022-10-24 00:00:00-04:00,82.31999969482422,82.62000274658203,80.77999877929688,81.29000091552734,70.69039154052734,2116000.0
2022-10-25 00:00:00-04:00,80.80000305175781,82.2300033569336,80.26000213623047,81.9000015258789,71.2208480834961,1971700.0
2022-10-26 00:00:00-04:00,82.62999725341797,83.04000091552734,81.37999725341797,82.22000122070312,71.4991226196289,2703800.0
2022-10-27 00:00:00-04:00,82.58999633789062,83.73999786376953,82.20999908447266,82.51000213623047,71.7513198852539,2135300.0
2022-10-28 00:00:00-04:00,76.33000183105469,79.69000244140625,75.69999694824219,77.98999786376953,67.82068634033203,5161900.0
2022-10-31 00:00:00-04:00,76.98999786376953,78.83000183105469,76.41000366210938,76.44999694824219,66.48149108886719,3154400.0
2022-11-01 00:00:00-04:00,77.63999938964844,79.02999877929688,76.95999908447266,78.47000122070312,68.23810577392578,3451000.0
2022-11-02 00:00:00-04:00,78.04000091552734,80.41999816894531,77.05000305175781,78.19999694824219,68.00330352783203,4025800.0
2022-11-03 00:00:00-04:00,76.91999816894531,78.70999908447266,76.63999938964844,77.80999755859375,67.6641616821289,3285100.0
2022-11-04 00:00:00-04:00,81.4800033569336,84.91000366210938,81.11000061035156,83.66000366210938,72.7513656616211,3504600.0
2022-11-07 00:00:00-05:00,83.2699966430664,84.0199966430664,81.68000030517578,83.62000274658203,72.71658325195312,1899500.0
2022-11-08 00:00:00-05:00,84.12999725341797,85.08999633789062,82.87999725341797,84.56999969482422,73.54270935058594,1544900.0
2022-11-09 00:00:00-05:00,83.58000183105469,83.6500015258789,80.0199966430664,80.0999984741211,69.65555572509766,1668100.0
2022-11-10 00:00:00-05:00,83.0,84.04000091552734,82.05000305175781,83.95999908447266,73.01223754882812,2737800.0
2022-11-11 00:00:00-05:00,84.91000366210938,89.5999984741211,84.91000366210938,89.05999755859375,77.44723510742188,2721600.0
2022-11-14 00:00:00-05:00,88.19000244140625,88.94999694824219,87.13999938964844,87.1500015258789,75.78629302978516,1806200.0
2022-11-15 00:00:00-05:00,86.61000061035156,87.33000183105469,84.69999694824219,85.27999877929688,74.16011810302734,1952800.0
2022-11-16 00:00:00-05:00,84.29000091552734,84.69000244140625,82.1500015258789,82.69000244140625,71.90785217285156,2786400.0
2022-11-17 00:00:00-05:00,81.04000091552734,81.86000061035156,79.9000015258789,81.79000091552734,71.12519836425781,2137900.0
2022-11-18 00:00:00-05:00,82.37999725341797,82.87999725341797,80.88999938964844,82.30000305175781,71.56869506835938,1677600.0
2022-11-21 00:00:00-05:00,80.72000122070312,83.58999633789062,80.16000366210938,83.26000213623047,72.40351867675781,1898600.0
2022-11-22 00:00:00-05:00,84.75,87.61000061035156,84.45999908447266,87.4800033569336,76.07327270507812,2823500.0
2022-11-23 00:00:00-05:00,87.06999969482422,88.43000030517578,86.62000274658203,88.08999633789062,76.60371398925781,2876300.0
2022-11-25 00:00:00-05:00,87.05999755859375,87.58999633789062,86.4800033569336,86.79000091552734,76.50676727294922,1465200.0
2022-11-28 00:00:00-05:00,85.38999938964844,85.55999755859375,83.51000213623047,83.75,73.82695007324219,1750600.0
2022-11-29 00:00:00-05:00,84.66999816894531,85.43000030517578,84.29000091552734,84.83999633789062,74.78780364990234,1936500.0
2022-11-30 00:00:00-05:00,84.76000213623047,85.30000305175781,83.4000015258789,85.01000213623047,74.93766021728516,4475900.0
2022-12-01 00:00:00-05:00,85.52999877929688,86.4000015258789,84.30000305175781,84.63999938964844,74.61149597167969,2320100.0
2022-12-02 00:00:00-05:00,84.31999969482422,85.12000274658203,84.31999969482422,84.9000015258789,74.8406982421875,2195700.0
2022-12-05 00:00:00-05:00,84.63999938964844,85.01000213623047,83.16999816894531,83.47000122070312,73.58011627197266,1471800.0
2022-12-06 00:00:00-05:00,83.47000122070312,84.37999725341797,81.37000274658203,82.30000305175781,72.54874420166016,1741700.0
2022-12-07 00:00:00-05:00,81.81999969482422,82.5,81.38999938964844,81.66999816894531,71.99339294433594,1556500.0
2022-12-08 00:00:00-05:00,82.48999786376953,83.16000366210938,81.05000305175781,81.58000183105469,71.9140625,1445700.0
2022-12-09 00:00:00-05:00,81.52999877929688,82.72000122070312,81.41999816894531,81.45999908447266,71.80828094482422,979500.0
2022-12-12 00:00:00-05:00,81.43000030517578,83.0199966430664,80.70999908447266,82.95999908447266,73.13054656982422,1182300.0
2022-12-13 00:00:00-05:00,85.5999984741211,86.0999984741211,83.56999969482422,84.12000274658203,74.15310668945312,1281900.0
2022-12-14 00:00:00-05:00,83.63999938964844,84.91999816894531,83.3499984741211,83.68000030517578,73.7652359008789,1442200.0
2022-12-15 00:00:00-05:00,82.29000091552734,82.94999694824219,80.41999816894531,80.68000030517578,71.12068939208984,2057900.0
2022-12-16 00:00:00-05:00,80.0199966430664,80.94000244140625,79.25,80.58000183105469,71.03254699707031,3601900.0
2022-12-19 00:00:00-05:00,81.11000061035156,81.81999969482422,79.19999694824219,80.30000305175781,70.78571319580078,1583900.0
2022-12-20 00:00:00-05:00,80.77999877929688,81.7300033569336,80.27999877929688,80.75,71.18240356445312,1163100.0
2022-12-21 00:00:00-05:00,81.58999633789062,82.68000030517578,81.37000274658203,82.30000305175781,72.54874420166016,1027100.0
2022-12-22 00:00:00-05:00,81.68000030517578,81.97000122070312,79.68000030517578,81.4800033569336,71.82591247558594,1024200.0
2022-12-23 00:00:00-05:00,81.6500015258789,83.1500015258789,81.30000305175781,83.12999725341797,73.28041076660156,863200.0
2022-12-27 00:00:00-05:00,83.29000091552734,83.93000030517578,83.06999969482422,83.75,73.82695007324219,886500.0
2022-12-28 00:00:00-05:00,83.58999633789062,83.83999633789062,81.81999969482422,82.0999984741211,72.37245178222656,934400.0
2022-12-29 00:00:00-05:00,82.51000213623047,83.58999633789062,82.1500015258789,82.9000015258789,73.0776596069336,839700.0
2022-12-30 00:00:00-05:00,82.37000274658203,83.29000091552734,82.19999694824219,83.02999877929688,73.19225311279297,966200.0
2023-01-03 00:00:00-05:00,83.2300033569336,84.19999694824219,82.81999969482422,83.98999786376953,74.03850555419922,1597500.0
2023-01-04 00:00:00-05:00,84.5199966430664,86.66999816894531,84.4800033569336,85.9000015258789,75.72221374511719,1975800.0
2023-01-05 00:00:00-05:00,84.86000061035156,86.98999786376953,84.44000244140625,86.93000030517578,76.63015747070312,1556200.0
2023-01-06 00:00:00-05:00,87.9800033569336,90.41000366210938,87.93000030517578,90.0999984741211,79.42457580566406,3945300.0
2023-01-09 00:00:00-05:00,90.6500015258789,92.56999969482422,89.97000122070312,91.33999633789062,80.51766204833984,2584300.0
2023-01-10 00:00:00-05:00,91.69999694824219,91.94000244140625,90.19000244140625,91.68000030517578,80.81737518310547,4294800.0
2023-01-11 00:00:00-05:00,93.0199966430664,93.69999694824219,91.22000122070312,92.77999877929688,81.78703308105469,1989900.0
2023-01-12 00:00:00-05:00,93.27999877929688,94.61000061035156,92.13999938964844,93.66999816894531,82.57157897949219,1389900.0
2023-01-13 00:00:00-05:00,92.5,93.93000030517578,92.44000244140625,93.7300033569336,82.62448120117188,1297600.0
2023-01-17 00:00:00-05:00,92.9000015258789,93.08999633789062,91.25,91.58999633789062,80.73802185058594,1953000.0
2023-01-18 00:00:00-05:00,92.66000366210938,93.37000274658203,90.72000122070312,90.81999969482422,80.05926513671875,1450200.0
2023-01-19 00:00:00-05:00,90.0,90.7300033569336,88.66999816894531,90.29000091552734,79.5920639038086,1460800.0
2023-01-20 00:00:00-05:00,90.18000030517578,92.70999908447266,90.05000305175781,92.30000305175781,81.36390686035156,2055100.0
2023-01-23 00:00:00-05:00,92.62999725341797,93.62999725341797,92.25,92.94000244140625,81.92807006835938,1504700.0
2023-01-24 00:00:00-05:00,91.9800033569336,92.98999786376953,91.44999694824219,92.73999786376953,81.75177764892578,1562000.0
2023-01-25 00:00:00-05:00,91.7300033569336,93.02999877929688,91.37000274658203,92.97000122070312,81.95453643798828,1375200.0
2023-01-26 00:00:00-05:00,91.73999786376953,94.94999694824219,91.05000305175781,94.86000061035156,83.6205825805664,1680600.0
2023-01-27 00:00:00-05:00,94.33999633789062,96.26000213623047,94.0199966430664,95.55000305175781,84.22882843017578,1653400.0
2023-01-30 00:00:00-05:00,94.62000274658203,95.83999633789062,94.19999694824219,94.45999908447266,83.26798248291016,1304900.0
2023-01-31 00:00:00-05:00,95.30999755859375,96.79000091552734,95.08999633789062,96.69000244140625,85.23375701904297,1854600.0
2023-02-01 00:00:00-05:00,96.33000183105469,97.9800033569336,95.29000091552734,97.16999816894531,85.65687561035156,1664300.0
2023-02-02 00:00:00-05:00,97.12000274658203,97.87999725341797,95.58999633789062,96.36000061035156,84.94287109375,2535700.0
2023-02-03 00:00:00-05:00,96.75,99.33999633789062,95.54000091552734,98.1500015258789,86.5207748413086,3690300.0
2023-02-06 00:00:00-05:00,98.2300033569336,99.02999877929688,96.54000091552734,98.79000091552734,87.08494567871094,2260500.0
2023-02-07 00:00:00-05:00,99.23999786376953,100.76000213623047,98.66000366210938,100.36000061035156,88.46893310546875,2158100.0
2023-02-08 00:00:00-05:00,99.5199966430664,100.55000305175781,98.72000122070312,98.91000366210938,87.19072723388672,2121000.0
2023-02-09 00:00:00-05:00,99.73999786376953,100.58000183105469,98.11000061035156,98.63999938964844,86.95272064208984,1889600.0
2023-02-10 00:00:00-05:00,98.3499984741211,99.56999969482422,98.05999755859375,99.47000122070312,87.68437957763672,1375700.0
2023-02-13 00:00:00-05:00,99.51000213623047,101.30000305175781,99.1500015258789,101.01000213623047,89.04191589355469,1828400.0
2023-02-14 00:00:00-05:00,100.48999786376953,100.95999908447266,99.23999786376953,100.12999725341797,88.26616668701172,1341500.0
2023-02-15 00:00:00-05:00,99.13999938964844,100.29000091552734,98.58000183105469,100.11000061035156,88.24855041503906,1235300.0
2023-02-16 00:00:00-05:00,99.04000091552734,99.87999725341797,98.08000183105469,98.75,87.04969024658203,1373900.0
2023-02-17 00:00:00-05:00,98.02999877929688,98.12999725341797,96.87999725341797,97.31999969482422,85.78912353515625,2204000.0
2023-02-21 00:00:00-05:00,97.1500015258789,97.16000366210938,94.37000274658203,94.94000244140625,83.69111633300781,1988400.0
2023-02-22 00:00:00-05:00,95.30999755859375,95.94999694824219,94.56999969482422,94.88999938964844,83.64702606201172,1275100.0
2023-02-23 00:00:00-05:00,95.5199966430664,95.83000183105469,93.45999908447266,94.6500015258789,83.43547058105469,1240100.0
2023-02-24 00:00:00-05:00,94.72000122070312,96.86000061035156,93.66000366210938,96.69000244140625,85.23375701904297,2026300.0
2023-02-27 00:00:00-05:00,97.44999694824219,97.88999938964844,95.58999633789062,95.80999755859375,84.4580307006836,1883000.0
2023-02-28 00:00:00-05:00,96.18000030517578,97.05000305175781,95.62000274658203,95.98999786376953,84.61669921875,2703100.0
2023-03-01 00:00:00-05:00,95.79000091552734,98.33000183105469,95.79000091552734,97.4800033569336,85.93016052246094,1737500.0
2023-03-02 00:00:00-05:00,96.93000030517578,98.30000305175781,96.16000366210938,97.69000244140625,86.11528015136719,1933000.0
2023-03-03 00:00:00-05:00,97.0999984741211,97.7300033569336,95.8499984741211,97.23999786376953,86.77564239501953,1513600.0
2023-03-06 00:00:00-05:00,96.62999725341797,96.79000091552734,94.87000274658203,95.45999908447266,85.18718719482422,1744800.0
2023-03-07 00:00:00-05:00,95.02999877929688,95.61000061035156,92.80000305175781,93.08000183105469,83.06331634521484,2387500.0
2023-03-08 00:00:00-05:00,93.37999725341797,94.45999908447266,92.97000122070312,93.81999969482422,83.72368621826172,2630400.0
2023-03-09 00:00:00-05:00,94.08999633789062,94.31999969482422,90.66999816894531,91.16000366210938,81.34994506835938,1708900.0
2023-03-10 00:00:00-05:00,91.02999877929688,91.2699966430664,88.1500015258789,88.93000030517578,79.35991668701172,1500100.0
2023-03-13 00:00:00-04:00,86.95999908447266,88.0199966430664,85.83999633789062,86.77999877929688,77.4412841796875,2241300.0
2023-03-14 00:00:00-04:00,89.33999633789062,90.0,86.45999908447266,87.38999938964844,77.98564147949219,2582200.0
2023-03-15 00:00:00-04:00,85.0999984741211,85.16999816894531,83.19999694824219,84.16000366210938,75.10324096679688,2946500.0
2023-03-16 00:00:00-04:00,82.6500015258789,85.37000274658203,81.23999786376953,85.04000091552734,75.88854217529297,3575200.0
2023-03-17 00:00:00-04:00,85.31999969482422,85.4800033569336,83.61000061035156,84.68000030517578,75.5672836303711,5374300.0
2023-03-20 00:00:00-04:00,86.54000091552734,87.58999633789062,86.19999694824219,87.13999938964844,77.7625503540039,2248000.0
2023-03-21 00:00:00-04:00,89.22000122070312,89.69999694824219,87.7699966430664,88.4800033569336,78.95834350585938,1527700.0
2023-03-22 00:00:00-04:00,88.2699966430664,88.94999694824219,86.56999969482422,86.7699966430664,77.43234252929688,1827100.0
2023-03-23 00:00:00-04:00,86.88999938964844,88.43000030517578,85.19000244140625,85.73999786376953,76.51319885253906,2006900.0
2023-03-24 00:00:00-04:00,84.6500015258789,86.8499984741211,84.13999938964844,86.56999969482422,77.25389099121094,2952500.0
2023-03-27 00:00:00-04:00,87.54000091552734,88.9000015258789,86.88999938964844,87.52999877929688,78.11058044433594,3228500.0
2023-03-28 00:00:00-04:00,87.9800033569336,90.0999984741211,87.8499984741211,90.05999755859375,80.36830139160156,2117000.0
2023-03-29 00:00:00-04:00,91.41999816894531,91.91000366210938,90.87999725341797,91.55999755859375,81.70687866210938,2225100.0
2023-03-30 00:00:00-04:00,92.61000061035156,93.0999984741211,91.87999725341797,92.9000015258789,82.9026870727539,3065800.0
2023-03-31 00:00:00-04:00,93.16000366210938,93.95999908447266,92.5199966430664,93.88999938964844,83.78614044189453,2010300.0
2023-04-03 00:00:00-04:00,94.6500015258789,96.52999877929688,94.54000091552734,95.19999694824219,84.95518493652344,2999700.0
2023-04-04 00:00:00-04:00,94.88999938964844,95.1500015258789,92.66000366210938,93.43000030517578,83.37564849853516,2405600.0
2023-04-05 00:00:00-04:00,92.44999694824219,94.37999725341797,91.91999816894531,94.2699966430664,84.12525939941406,2294500.0
2023-04-06 00:00:00-04:00,93.87999725341797,94.91000366210938,93.11000061035156,94.3499984741211,84.19664001464844,1800200.0
2023-04-10 00:00:00-04:00,94.73999786376953,95.77999877929688,94.26000213623047,94.97000122070312,84.74992370605469,2415100.0
2023-04-11 00:00:00-04:00,95.58000183105469,96.55999755859375,95.33000183105469,95.45999908447266,85.18718719482422,1748000.0
2023-04-12 00:00:00-04:00,97.79000091552734,98.19999694824219,96.88999938964844,97.20999908447266,86.74886322021484,2859800.0
2023-04-13 00:00:00-04:00,94.72000122070312,96.7699966430664,93.0,96.05999755859375,85.7226333618164,3262200.0
2023-04-14 00:00:00-04:00,96.55999755859375,97.08000183105469,95.75,96.8499984741211,86.42760467529297,1883200.0
2023-04-17 00:00:00-04:00,97.22000122070312,97.62999725341797,96.5999984741211,97.2699966430664,86.80241394042969,1694000.0
2023-04-18 00:00:00-04:00,97.63999938964844,97.83999633789062,96.31999969482422,97.1500015258789,86.69532775878906,1191900.0
2023-04-19 00:00:00-04:00,96.44000244140625,96.69999694824219,95.45999908447266,96.37999725341797,86.00819396972656,1034000.0
2023-04-20 00:00:00-04:00,95.20999908447266,95.81999969482422,94.37999725341797,95.04000091552734,84.8124008178711,1624600.0
2023-04-21 00:00:00-04:00,94.55000305175781,94.6500015258789,93.37000274658203,93.83000183105469,83.73261260986328,1599000.0
2023-04-24 00:00:00-04:00,94.12999725341797,95.20999908447266,93.7699966430664,95.13999938964844,84.9016342163086,2226800.0
2023-04-25 00:00:00-04:00,93.69000244140625,94.2300033569336,90.76000213623047,91.0,81.2071533203125,1760200.0
2023-04-26 00:00:00-04:00,90.31999969482422,91.36000061035156,89.86000061035156,90.5999984741211,80.85018157958984,1432200.0
2023-04-27 00:00:00-04:00,91.0,91.63999938964844,90.08000183105469,91.31999969482422,81.49271392822266,2145200.0
2023-04-28 00:00:00-04:00,93.12999725341797,95.80999755859375,93.12999725341797,94.61000061035156,84.42866516113281,3711000.0
2023-05-01 00:00:00-04:00,94.11000061035156,94.63999938964844,92.8499984741211,93.5199966430664,83.45597076416016,1889500.0
2023-05-02 00:00:00-04:00,92.4000015258789,92.68000030517578,90.02999877929688,91.94000244140625,82.0459976196289,1624100.0
2023-05-03 00:00:00-04:00,91.56999969482422,92.08000183105469,89.41000366210938,89.4800033569336,79.8507308959961,1833400.0
2023-05-04 00:00:00-04:00,89.25,90.58999633789062,88.4000015258789,90.2300033569336,80.52001190185547,1470400.0
2023-05-05 00:00:00-04:00,91.79000091552734,92.61000061035156,91.37000274658203,92.4000015258789,82.45649719238281,1383400.0
2023-05-08 00:00:00-04:00,93.4000015258789,93.4000015258789,91.5999984741211,91.75,81.87644958496094,955300.0
2023-05-09 00:00:00-04:00,91.02999877929688,91.87999725341797,90.36000061035156,91.2699966430664,81.44811248779297,1201900.0
2023-05-10 00:00:00-04:00,92.2300033569336,92.55000305175781,89.52999877929688,90.54000091552734,80.7966537475586,1278200.0
2023-05-11 00:00:00-04:00,89.16999816894531,89.76000213623047,88.26000213623047,88.7699966430664,79.2171401977539,1798500.0
2023-05-12 00:00:00-04:00,89.23999786376953,89.91999816894531,88.80000305175781,89.26000213623047,79.65440368652344,1121700.0
2023-05-15 00:00:00-04:00,89.91999816894531,90.63999938964844,88.91999816894531,90.0999984741211,80.40400695800781,1497300.0
2023-05-16 00:00:00-04:00,89.5199966430664,89.91999816894531,88.0,88.20999908447266,78.71739196777344,1101400.0
2023-05-17 00:00:00-04:00,89.01000213623047,89.6500015258789,88.04000091552734,89.16000366210938,79.56517028808594,1352600.0
2023-05-18 00:00:00-04:00,88.87999725341797,90.20999908447266,88.2300033569336,90.04000091552734,80.3504638671875,1143100.0
2023-05-19 00:00:00-04:00,90.94999694824219,91.5199966430664,90.26000213623047,90.88999938964844,81.1089859008789,1652500.0
2023-05-22 00:00:00-04:00,90.8499984741211,91.55999755859375,90.2300033569336,90.68000030517578,80.92160034179688,1228200.0
2023-05-23 00:00:00-04:00,90.5,91.62000274658203,90.25,90.7300033569336,80.96621704101562,1590800.0
2023-05-24 00:00:00-04:00,90.83999633789062,90.95999908447266,89.33000183105469,89.55000305175781,79.91320037841797,1324200.0
2023-05-25 00:00:00-04:00,89.12000274658203,89.80999755859375,87.23999786376953,88.7699966430664,79.2171401977539,2401200.0
2023-05-26 00:00:00-04:00,88.08999633789062,88.27999877929688,87.12999725341797,87.30999755859375,79.02704620361328,2117200.0
2023-05-30 00:00:00-04:00,87.2699966430664,87.36000061035156,85.94000244140625,86.72000122070312,78.49303436279297,1714900.0
2023-05-31 00:00:00-04:00,85.87000274658203,86.6500015258789,84.80000305175781,85.54000091552734,77.42497253417969,5506300.0
2023-06-01 00:00:00-04:00,86.16000366210938,87.0999984741211,85.29000091552734,86.66000366210938,78.43872833251953,1982200.0
2023-06-02 00:00:00-04:00,88.25,90.4000015258789,87.73999786376953,89.91999816894531,81.38944244384766,2858900.0
2023-06-05 00:00:00-04:00,90.31999969482422,91.16999816894531,89.58999633789062,89.72000122070312,81.20842742919922,1842200.0
2023-06-06 00:00:00-04:00,88.81999969482422,89.4800033569336,88.26000213623047,89.0,80.55673217773438,3125600.0
2023-06-07 00:00:00-04:00,89.29000091552734,92.4000015258789,89.18000030517578,92.23999786376953,83.4893569946289,2421600.0
2023-06-08 00:00:00-04:00,92.6500015258789,93.11000061035156,89.75,90.45999908447266,81.87823486328125,2092200.0
2023-06-09 00:00:00-04:00,90.02999877929688,90.0999984741211,88.2699966430664,89.0199966430664,80.57482147216797,1777100.0
2023-06-12 00:00:00-04:00,89.01000213623047,89.52999877929688,88.23999786376953,89.05000305175781,80.60198974609375,1523100.0
2023-06-13 00:00:00-04:00,90.08000183105469,91.98999786376953,89.94999694824219,90.73999786376953,82.13165283203125,1772900.0
2023-06-14 00:00:00-04:00,91.33999633789062,91.58999633789062,89.7300033569336,90.33000183105469,81.76055908203125,1187600.0
2023-06-15 00:00:00-04:00,90.12999725341797,92.16000366210938,89.75,91.7699966430664,83.06394958496094,1743700.0
2023-06-16 00:00:00-04:00,91.91000366210938,92.70999908447266,90.5,92.23999786376953,83.4893569946289,4145300.0
2023-06-20 00:00:00-04:00,90.5999984741211,91.38999938964844,88.12999725341797,89.44999694824219,80.96403503417969,2012000.0
2023-06-21 00:00:00-04:00,88.9800033569336,90.44999694824219,88.55000305175781,89.44000244140625,80.95498657226562,1642800.0
2023-06-22 00:00:00-04:00,87.80000305175781,88.70999908447266,86.6500015258789,88.2699966430664,79.8959732055664,1463500.0
2023-06-23 00:00:00-04:00,87.13999938964844,88.54000091552734,86.66000366210938,88.33000183105469,79.95027923583984,1713800.0
2023-06-26 00:00:00-04:00,88.5999984741211,89.41000366210938,88.01000213623047,89.20999908447266,80.7468032836914,1565500.0
2023-06-27 00:00:00-04:00,89.16000366210938,90.31999969482422,88.83000183105469,90.29000091552734,81.72434997558594,1610700.0
2023-06-28 00:00:00-04:00,90.18000030517578,90.91999816894531,88.91999816894531,90.83000183105469,82.21311950683594,1206500.0
2023-06-29 00:00:00-04:00,90.27999877929688,91.62000274658203,89.80999755859375,90.66000366210938,82.05924987792969,1467300.0
2023-06-30 00:00:00-04:00,91.4800033569336,91.98999786376953,90.5,91.83000183105469,83.11825561523438,1521900.0
2023-07-03 00:00:00-04:00,91.58000183105469,92.83000183105469,91.44999694824219,92.61000061035156,83.8242416381836,1138800.0
2023-07-05 00:00:00-04:00,91.47000122070312,91.52999877929688,90.05999755859375,90.08000183105469,81.53427124023438,1911700.0
2023-07-06 00:00:00-04:00,89.16999816894531,89.66000366210938,87.91000366210938,89.22000122070312,80.755859375,1391400.0
2023-07-07 00:00:00-04:00,88.4000015258789,91.47000122070312,88.22000122070312,90.5,81.91442108154297,1741800.0
2023-07-10 00:00:00-04:00,89.97000122070312,91.69999694824219,89.8499984741211,91.12999725341797,82.48465728759766,1365700.0
2023-07-11 00:00:00-04:00,91.12000274658203,92.0,90.72000122070312,91.80000305175781,83.09110260009766,1164700.0
2023-07-12 00:00:00-04:00,93.0199966430664,93.88999938964844,92.54000091552734,93.0999984741211,84.26776885986328,2165500.0
2023-07-13 00:00:00-04:00,93.22000122070312,93.54000091552734,92.13999938964844,92.70999908447266,83.91476440429688,1910500.0
2023-07-14 00:00:00-04:00,92.55999755859375,92.55999755859375,90.62999725341797,91.0,82.36699676513672,2002100.0
2023-07-17 00:00:00-04:00,90.30000305175781,91.16000366210938,90.12999725341797,90.88999938964844,82.2674331665039,1197500.0
2023-07-18 00:00:00-04:00,90.52999877929688,92.0,90.48999786376953,90.79000091552734,82.17692565917969,1592100.0
2023-07-19 00:00:00-04:00,90.66000366210938,91.48999786376953,90.43000030517578,91.25,82.59327697753906,2892600.0
2023-07-20 00:00:00-04:00,92.22000122070312,92.37999725341797,90.80000305175781,91.1500015258789,82.50276947021484,2499800.0
2023-07-21 00:00:00-04:00,91.12999725341797,91.86000061035156,90.0,91.7699966430664,83.06394958496094,3771900.0
2023-07-24 00:00:00-04:00,91.68000030517578,92.7699966430664,90.56999969482422,90.80999755859375,82.19500732421875,2296300.0
2023-07-25 00:00:00-04:00,91.58999633789062,94.5199966430664,91.37000274658203,93.73999786376953,84.84705352783203,2659400.0
2023-07-26 00:00:00-04:00,93.52999877929688,95.31999969482422,93.33000183105469,94.98999786376953,85.97846221923828,1824500.0
2023-07-27 00:00:00-04:00,95.37999725341797,97.76000213623047,95.25,96.91999816894531,87.72537231445312,2798500.0
2023-07-28 00:00:00-04:00,97.63999938964844,99.0999984741211,97.55000305175781,98.37000274658203,89.03782653808594,2060000.0
2023-07-31 00:00:00-04:00,98.69999694824219,99.12000274658203,98.08000183105469,98.86000061035156,89.48133087158203,3718600.0
2023-08-01 00:00:00-04:00,98.18000030517578,99.26000213623047,97.66999816894531,97.76000213623047,88.48568725585938,1898500.0
2023-08-02 00:00:00-04:00,96.55999755859375,97.36000061035156,96.0,96.31999969482422,87.18229675292969,1542800.0
2023-08-03 00:00:00-04:00,96.19000244140625,97.5,95.55000305175781,96.43000030517578,87.2818603515625,1767800.0
2023-08-04 00:00:00-04:00,95.16999816894531,97.16000366210938,94.55999755859375,95.70999908447266,86.63016510009766,2378100.0
2023-08-07 00:00:00-04:00,96.12999725341797,98.61000061035156,96.11000061035156,98.3499984741211,89.01971435546875,1764700.0
2023-08-08 00:00:00-04:00,96.75,98.7699966430664,96.25,98.41999816894531,89.08306121826172,1530900.0
2023-08-09 00:00:00-04:00,99.0,100.54000091552734,98.94999694824219,99.33999633789062,89.91578674316406,2658300.0
2023-08-10 00:00:00-04:00,99.88999938964844,100.87000274658203,99.77999877929688,100.69999694824219,91.14676666259766,2365100.0
2023-08-11 00:00:00-04:00,100.33000183105469,100.43000030517578,98.93000030517578,99.16000366210938,89.75287628173828,2262600.0
2023-08-14 00:00:00-04:00,98.77999877929688,99.61000061035156,98.37999725341797,99.2699966430664,89.85243225097656,1469700.0
2023-08-15 00:00:00-04:00,98.16000366210938,99.13999938964844,96.20999908447266,96.36000061035156,87.218505859375,1655800.0
2023-08-16 00:00:00-04:00,95.80000305175781,96.97000122070312,95.41000366210938,96.08999633789062,86.97411346435547,1255700.0
2023-08-17 00:00:00-04:00,96.83000183105469,98.37999725341797,96.41999816894531,96.94000244140625,87.74348449707031,1455500.0
2023-08-18 00:00:00-04:00,96.31999969482422,97.43000030517578,96.26000213623047,97.38999938964844,88.15078735351562,1731200.0
2023-08-21 00:00:00-04:00,97.68000030517578,98.31999969482422,97.29000091552734,97.91000366210938,88.62145233154297,1665500.0
2023-08-22 00:00:00-04:00,98.2300033569336,98.68000030517578,96.83999633789062,97.8499984741211,88.56714630126953,1940200.0
2023-08-23 00:00:00-04:00,97.83000183105469,97.83000183105469,95.58999633789062,96.76000213623047,87.58055114746094,1912900.0
2023-08-24 00:00:00-04:00,96.48999786376953,97.93000030517578,96.38999938964844,97.27999877929688,88.05121612548828,1793000.0
2023-08-25 00:00:00-04:00,96.75,97.05999755859375,95.54000091552734,96.51000213623047,88.49134063720703,2301300.0
2023-08-28 00:00:00-04:00,96.87999725341797,98.08999633789062,96.7699966430664,97.33999633789062,89.25237274169922,1795300.0
2023-08-29 00:00:00-04:00,97.4000015258789,98.87000274658203,97.0,98.79000091552734,90.5819091796875,1382800.0
2023-08-30 00:00:00-04:00,98.72000122070312,99.23999786376953,98.58000183105469,98.91999816894531,90.70110321044922,1287000.0
2023-08-31 00:00:00-04:00,99.1500015258789,99.55999755859375,98.55000305175781,98.7699966430664,90.56355285644531,3453500.0
2023-09-01 00:00:00-04:00,99.75,101.38999938964844,99.44000244140625,100.97000122070312,92.58076477050781,2276700.0
2023-09-05 00:00:00-04:00,100.5199966430664,100.87999725341797,98.61000061035156,98.72000122070312,90.5177230834961,2511500.0
2023-09-06 00:00:00-04:00,98.58000183105469,100.12999725341797,98.52999877929688,99.66999816894531,91.38877868652344,2022900.0
2023-09-07 00:00:00-04:00,99.19000244140625,99.55999755859375,97.12999725341797,98.83999633789062,90.62773895263672,3063700.0
2023-09-08 00:00:00-04:00,99.05999755859375,101.04000091552734,99.05999755859375,99.37999725341797,91.12287902832031,2173300.0
2023-09-11 00:00:00-04:00,100.80999755859375,102.05000305175781,100.12000274658203,100.31999969482422,91.98479461669922,2021300.0
2023-09-12 00:00:00-04:00,99.88999938964844,101.0199966430664,99.56999969482422,100.18000030517578,91.85641479492188,1287200.0
2023-09-13 00:00:00-04:00,100.27999877929688,100.72000122070312,98.13999938964844,98.83999633789062,90.62773895263672,2560800.0
2023-09-14 00:00:00-04:00,100.12999725341797,100.91999816894531,99.55000305175781,100.69000244140625,92.32404327392578,2176200.0
2023-09-15 00:00:00-04:00,100.79000091552734,100.93000030517578,99.58999633789062,100.04000091552734,91.72804260253906,3618000.0
2023-09-18 00:00:00-04:00,100.12999725341797,101.19999694824219,99.7300033569336,100.52999877929688,92.17733001708984,2214500.0
2023-09-19 00:00:00-04:00,101.05999755859375,101.19999694824219,96.80000305175781,97.91000366210938,89.77501678466797,2977400.0
2023-09-20 00:00:00-04:00,98.23999786376953,99.41999816894531,97.0,97.02999877929688,88.96814727783203,1470600.0
2023-09-21 00:00:00-04:00,96.72000122070312,97.05000305175781,95.29000091552734,95.48999786376953,87.55609130859375,2400100.0
2023-09-22 00:00:00-04:00,95.7699966430664,96.47000122070312,94.30000305175781,94.86000061035156,86.97843170166016,2242300.0
2023-09-25 00:00:00-04:00,95.08000183105469,95.66000366210938,94.44000244140625,95.2699966430664,87.35436248779297,1700200.0
2023-09-26 00:00:00-04:00,94.2699966430664,95.25,93.43000030517578,93.62999725341797,85.85062408447266,1909000.0
2023-09-27 00:00:00-04:00,94.3499984741211,95.19000244140625,93.63999938964844,94.97000122070312,87.07928466796875,1383800.0
2023-09-28 00:00:00-04:00,94.68000030517578,95.5,94.12000274658203,94.54000091552734,86.68502807617188,1991800.0
2023-09-29 00:00:00-04:00,95.30999755859375,95.55999755859375,94.13999938964844,94.69999694824219,86.83172607421875,1682800.0
2023-10-02 00:00:00-04:00,94.37000274658203,94.69000244140625,92.26000213623047,93.44999694824219,85.6855697631836,2100600.0
2023-10-03 00:00:00-04:00,93.01000213623047,94.95999908447266,93.01000213623047,93.79000091552734,85.9973373413086,1500100.0
2023-10-04 00:00:00-04:00,95.37999725341797,95.58999633789062,92.16999816894531,93.5,85.7314224243164,2017500.0
2023-10-05 00:00:00-04:00,92.94000244140625,93.55999755859375,90.4800033569336,90.69000244140625,83.1549072265625,2512400.0
2023-10-06 00:00:00-04:00,90.62999725341797,91.58999633789062,89.51000213623047,90.58999633789062,83.06320190429688,1953900.0
2023-10-09 00:00:00-04:00,90.7699966430664,93.0,90.7699966430664,92.94999694824219,85.22712707519531,1603000.0
2023-10-10 00:00:00-04:00,93.55000305175781,94.69999694824219,93.37000274658203,93.95999908447266,86.15320587158203,1534100.0
2023-10-11 00:00:00-04:00,93.7300033569336,94.37999725341797,92.47000122070312,93.54000091552734,85.76809692382812,1648500.0
2023-10-12 00:00:00-04:00,94.22000122070312,94.33000183105469,91.48999786376953,92.41000366210938,84.73200225830078,1178700.0
2023-10-13 00:00:00-04:00,93.02999877929688,94.04000091552734,92.30000305175781,92.68000030517578,84.97956085205078,1260700.0
2023-10-16 00:00:00-04:00,93.58999633789062,94.08000183105469,92.77999877929688,93.41000366210938,85.64891052246094,1044500.0
2023-10-17 00:00:00-04:00,92.58999633789062,95.02999877929688,92.58999633789062,94.75,86.87757873535156,1024300.0
2023-10-18 00:00:00-04:00,94.01000213623047,94.7699966430664,93.31999969482422,93.51000213623047,85.7406005859375,1352000.0
2023-10-19 00:00:00-04:00,93.0,93.9800033569336,92.44000244140625,92.75,85.04374694824219,1059900.0
2023-10-20 00:00:00-04:00,92.66999816894531,92.83999633789062,91.91000366210938,92.05000305175781,84.40190124511719,1339400.0
2023-10-23 00:00:00-04:00,91.54000091552734,92.12999725341797,90.12999725341797,90.16000366210938,82.66893005371094,1322300.0
2023-10-24 00:00:00-04:00,90.77999877929688,92.55999755859375,90.51000213623047,91.76000213623047,84.13600158691406,1919500.0
2023-10-25 00:00:00-04:00,91.19000244140625,91.55000305175781,89.12999725341797,89.23999786376953,81.82537841796875,1574700.0
2023-10-26 00:00:00-04:00,89.66999816894531,90.44999694824219,89.41000366210938,89.86000061035156,82.39386749267578,1969200.0
2023-10-27 00:00:00-04:00,90.5999984741211,91.33999633789062,88.45999908447266,90.44000244140625,82.9256820678711,2418400.0
2023-10-30 00:00:00-04:00,91.33000183105469,91.52999877929688,88.7300033569336,90.5999984741211,83.07237243652344,1840400.0
2023-10-31 00:00:00-04:00,90.38999938964844,90.75,89.62999725341797,90.23999786376953,82.7422866821289,2153900.0
2023-11-01 00:00:00-04:00,90.61000061035156,90.72000122070312,88.52999877929688,89.88999938964844,82.42137145996094,2317200.0
2023-11-02 00:00:00-04:00,90.51000213623047,91.95999908447266,90.26000213623047,91.95999908447266,84.31937408447266,1763700.0
2023-11-03 00:00:00-04:00,92.5999984741211,93.11000061035156,92.30999755859375,92.69999694824219,84.99789428710938,1533700.0
2023-11-06 00:00:00-05:00,92.86000061035156,92.86000061035156,91.5,92.20999908447266,84.5486068725586,1023400.0
2023-11-07 00:00:00-05:00,91.1500015258789,91.62999725341797,90.55000305175781,91.11000061035156,83.54000091552734,1502300.0
2023-11-08 00:00:00-05:00,91.18000030517578,91.58999633789062,90.61000061035156,91.25,83.66838073730469,1462400.0
2023-11-09 00:00:00-05:00,92.12000274658203,92.4800033569336,91.44999694824219,91.8499984741211,84.21852111816406,1383000.0
2023-11-10 00:00:00-05:00,92.33000183105469,93.94999694824219,92.25,93.81999969482422,86.02484893798828,1555700.0
2023-11-13 00:00:00-05:00,93.16999816894531,94.38999938964844,92.86000061035156,93.76000213623047,85.96983337402344,1405700.0
2023-11-14 00:00:00-05:00,95.0,96.87999725341797,94.86000061035156,96.37000274658203,88.36296844482422,2251800.0
2023-11-15 00:00:00-05:00,96.37000274658203,98.41000366210938,96.19000244140625,97.23999786376953,89.16068267822266,2399300.0
2023-11-16 00:00:00-05:00,96.93000030517578,97.56999969482422,95.23999786376953,96.2300033569336,88.23460388183594,2646400.0
2023-11-17 00:00:00-05:00,96.94000244140625,97.25,96.16999816894531,97.2300033569336,89.15152740478516,1619300.0
2023-11-20 00:00:00-05:00,97.3499984741211,97.3499984741211,96.31999969482422,96.3499984741211,88.3446273803711,1932700.0
2023-11-21 00:00:00-05:00,96.27999877929688,96.58999633789062,95.58000183105469,95.66999816894531,87.72113037109375,2026400.0
2023-11-22 00:00:00-05:00,94.86000061035156,95.29000091552734,93.62999725341797,94.95999908447266,87.07012176513672,2538400.0
2023-11-24 00:00:00-05:00,93.94999694824219,94.7699966430664,93.81999969482422,94.12999725341797,87.46036529541016,821600.0
2023-11-27 00:00:00-05:00,93.93000030517578,94.05999755859375,92.70999908447266,93.08000183105469,86.4847640991211,1865800.0
2023-11-28 00:00:00-05:00,93.2699966430664,94.25,91.54000091552734,93.91000366210938,87.2559585571289,2222500.0
2023-11-29 00:00:00-05:00,93.98999786376953,95.1500015258789,93.75,94.0,87.3395767211914,1708500.0
2023-11-30 00:00:00-05:00,94.1500015258789,95.41999816894531,93.87000274658203,95.0999984741211,88.36163330078125,3214400.0
2023-12-01 00:00:00-05:00,95.06999969482422,96.38999938964844,94.66999816894531,95.5,88.73329162597656,1654600.0
2023-12-04 00:00:00-05:00,95.20999908447266,95.94000244140625,93.80999755859375,94.08999633789062,87.4231948852539,2592500.0
2023-12-05 00:00:00-05:00,93.58000183105469,93.98999786376953,92.0,92.81999969482422,86.2431869506836,1768500.0
2023-12-06 00:00:00-05:00,93.06999969482422,93.95999908447266,92.1500015258789,92.43000030517578,85.88082122802734,1617900.0
2023-12-07 00:00:00-05:00,92.86000061035156,92.9800033569336,91.7699966430664,92.18000030517578,85.6485366821289,2425600.0
2023-12-08 00:00:00-05:00,92.45999908447266,94.16999816894531,92.31999969482422,92.58000183105469,86.02018737792969,1391600.0
2023-12-11 00:00:00-05:00,92.5,93.87999725341797,92.33999633789062,92.69999694824219,86.13168334960938,1840700.0
2023-12-12 00:00:00-05:00,92.5,92.58000183105469,91.30999755859375,91.62999725341797,85.13750457763672,1438300.0
2023-12-13 00:00:00-05:00,91.0,93.16000366210938,90.5999984741211,93.0999984741211,86.50334930419922,1725600.0
2023-12-14 00:00:00-05:00,93.62999725341797,95.51000213623047,93.58999633789062,94.5999984741211,87.8970718383789,2879400.0
2023-12-15 00:00:00-05:00,95.31999969482422,95.66000366210938,94.29000091552734,95.0199966430664,88.28730010986328,4263700.0
2023-12-18 00:00:00-05:00,95.7699966430664,96.44999694824219,95.04000091552734,95.5,88.73329162597656,1677800.0
2023-12-19 00:00:00-05:00,95.5999984741211,96.95999908447266,95.51000213623047,96.94000244140625,90.0712661743164,1431100.0
2023-12-20 00:00:00-05:00,96.69999694824219,97.22000122070312,95.80999755859375,95.8499984741211,89.05848693847656,1966800.0
2023-12-21 00:00:00-05:00,96.48999786376953,96.73999786376953,95.80000305175781,96.44000244140625,89.60669708251953,985500.0
2023-12-22 00:00:00-05:00,96.87000274658203,97.16999816894531,95.83000183105469,96.05999755859375,89.25360870361328,1243200.0
2023-12-26 00:00:00-05:00,96.11000061035156,97.05000305175781,96.11000061035156,96.68000030517578,89.82968139648438,1154500.0
2023-12-27 00:00:00-05:00,96.55000305175781,96.94999694824219,96.22000122070312,96.47000122070312,89.63455963134766,928400.0
2023-12-28 00:00:00-05:00,96.0999984741211,96.5999984741211,95.66000366210938,95.69000244140625,88.90982818603516,795600.0
2023-12-29 00:00:00-05:00,95.45999908447266,95.69999694824219,94.8499984741211,95.08000183105469,88.34305572509766,998500.0
2024-01-02 00:00:00-05:00,94.83000183105469,97.0199966430664,94.5999984741211,96.58000183105469,89.73677062988281,1959700.0
2024-01-03 00:00:00-05:00,96.94999694824219,97.75,95.25,96.55000305175781,89.70890045166016,2232700.0
2024-01-04 00:00:00-05:00,96.41000366210938,97.72000122070312,95.9800033569336,96.08999633789062,89.281494140625,1450300.0
2024-01-05 00:00:00-05:00,95.87999725341797,96.98999786376953,95.77999877929688,96.87000274658203,90.0062255859375,1482200.0
2024-01-08 00:00:00-05:00,97.1500015258789,97.16999816894531,96.04000091552734,96.66000366210938,89.81111145019531,1170900.0
2024-01-09 00:00:00-05:00,95.77999877929688,95.9000015258789,94.66999816894531,95.16999816894531,88.42666625976562,2016000.0
2024-01-10 00:00:00-05:00,94.0,94.95999908447266,93.62000274658203,94.33000183105469,87.64619445800781,1384900.0
2024-01-11 00:00:00-05:00,94.33999633789062,94.73999786376953,93.04000091552734,94.70999908447266,87.999267578125,1695600.0
2024-01-12 00:00:00-05:00,95.38999938964844,95.81999969482422,94.04000091552734,94.43000030517578,87.73910522460938,1160900.0
2024-01-16 00:00:00-05:00,94.0199966430664,94.48999786376953,93.0999984741211,93.97000122070312,87.31169891357422,1795600.0
2024-01-17 00:00:00-05:00,92.75,92.8499984741211,92.16000366210938,92.69999694824219,86.13168334960938,1730900.0
2024-01-18 00:00:00-05:00,92.88999938964844,93.4800033569336,91.87999725341797,93.30999755859375,86.6984634399414,1339000.0
2024-01-19 00:00:00-05:00,93.30000305175781,93.7699966430664,92.30999755859375,93.38999938964844,86.77279663085938,1131300.0
2024-01-22 00:00:00-05:00,93.12000274658203,94.16000366210938,92.70999908447266,93.76000213623047,87.11659240722656,1384300.0
2024-01-23 00:00:00-05:00,94.41000366210938,95.87999725341797,94.26000213623047,94.58000183105469,87.87847900390625,1288200.0
2024-01-24 00:00:00-05:00,94.04000091552734,94.87000274658203,93.4000015258789,93.41999816894531,86.80066680908203,1672000.0
2024-01-25 00:00:00-05:00,94.47000122070312,95.43000030517578,93.9000015258789,95.38999938964844,88.63108825683594,2081100.0
2024-01-26 00:00:00-05:00,96.25,96.36000061035156,94.86000061035156,95.43000030517578,88.66825103759766,1313200.0
2024-01-29 00:00:00-05:00,95.12999725341797,95.37000274658203,94.36000061035156,95.2699966430664,88.51958465576172,1016800.0
2024-01-30 00:00:00-05:00,94.62999725341797,95.9800033569336,94.62999725341797,95.6500015258789,88.87267303466797,1180800.0
2024-01-31 00:00:00-05:00,95.83000183105469,95.83000183105469,93.81999969482422,94.12000274658203,87.4510726928711,2451400.0
2024-02-01 00:00:00-05:00,94.3499984741211,94.79000091552734,93.41000366210938,94.61000061035156,87.90635681152344,2336500.0
2024-02-02 00:00:00-05:00,92.5999984741211,93.4800033569336,91.5,92.86000061035156,86.28035736083984,3034800.0
2024-02-05 00:00:00-05:00,91.80999755859375,93.8499984741211,91.5999984741211,93.1500015258789,86.5498046875,2507000.0
2024-02-06 00:00:00-05:00,93.29000091552734,95.01000213623047,93.0999984741211,94.47000122070312,87.77627563476562,2029900.0
2024-02-07 00:00:00-05:00,95.0,95.02999877929688,93.91999816894531,94.47000122070312,87.77627563476562,1911600.0
2024-02-08 00:00:00-05:00,94.5,95.1500015258789,94.08000183105469,94.9800033569336,88.25013732910156,1747800.0
2024-02-09 00:00:00-05:00,94.77999877929688,95.41999816894531,94.37000274658203,95.4000015258789,88.64037322998047,1677100.0
2024-02-12 00:00:00-05:00,95.58999633789062,97.63999938964844,95.4000015258789,96.5,89.66242980957031,2521500.0
2024-02-13 00:00:00-05:00,95.81999969482422,95.81999969482422,93.55000305175781,94.7300033569336,88.01785278320312,2276300.0
2024-02-14 00:00:00-05:00,94.80999755859375,95.5,94.27999877929688,94.63999938964844,87.9342269897461,1669300.0
2024-02-15 00:00:00-05:00,94.77999877929688,97.63999938964844,94.68000030517578,97.47000122070312,90.56371307373047,1533700.0
2024-02-16 00:00:00-05:00,97.8499984741211,98.58000183105469,97.16000366210938,97.69999694824219,90.77739715576172,1869600.0
2024-02-20 00:00:00-05:00,96.93000030517578,97.7300033569336,96.04000091552734,96.2699966430664,89.44873809814453,1790500.0
2024-02-21 00:00:00-05:00,96.8499984741211,97.69999694824219,96.29000091552734,97.37999725341797,90.48008728027344,1514300.0
2024-02-22 00:00:00-05:00,97.4000015258789,98.61000061035156,97.16000366210938,98.29000091552734,91.32561492919922,2323100.0
2024-02-23 00:00:00-05:00,98.44000244140625,99.58999633789062,98.25,99.2699966430664,92.23616790771484,1918600.0
2024-02-26 00:00:00-05:00,99.0199966430664,99.36000061035156,98.31999969482422,98.81999969482422,91.81805419921875,1474100.0
2024-02-27 00:00:00-05:00,99.0999984741211,99.26000213623047,98.0999984741211,99.0,91.98530578613281,1850400.0
2024-02-28 00:00:00-05:00,98.69000244140625,99.5999984741211,98.2300033569336,98.79000091552734,91.7901840209961,1894300.0
2024-02-29 00:00:00-05:00,99.0,100.58000183105469,98.58999633789062,100.27999877929688,93.17459869384766,3195200.0
2024-03-01 00:00:00-05:00,98.70999908447266,99.69000244140625,98.51000213623047,99.44999694824219,93.56977081298828,1898300.0
2024-03-04 00:00:00-05:00,100.0,102.93000030517578,99.62000274658203,101.66000366210938,95.64909362792969,3839900.0
2024-03-05 00:00:00-05:00,101.01000213623047,102.3499984741211,101.01000213623047,101.4800033569336,95.47974395751953,1834300.0
2024-03-06 00:00:00-05:00,101.44999694824219,102.83000183105469,99.7699966430664,99.91000366210938,94.00257873535156,3119700.0
2024-03-07 00:00:00-05:00,100.81999969482422,101.18000030517578,99.01000213623047,99.0199966430664,93.16519165039062,2121100.0
2024-03-08 00:00:00-05:00,99.1500015258789,99.69000244140625,98.80000305175781,98.94000244140625,93.08992767333984,1797500.0
2024-03-11 00:00:00-04:00,98.91000366210938,101.66000366210938,98.86000061035156,100.66000366210938,94.7082290649414,2709100.0
2024-03-12 00:00:00-04:00,100.76000213623047,101.27999877929688,100.5199966430664,100.52999877929688,94.5859146118164,2600500.0
2024-03-13 00:00:00-04:00,101.22000122070312,102.54000091552734,101.22000122070312,101.70999908447266,95.69613647460938,2721200.0
2024-03-14 00:00:00-04:00,100.72000122070312,101.3499984741211,99.30999755859375,100.0,94.0872573852539,2677500.0
2024-03-15 00:00:00-04:00,99.5,101.26000213623047,99.5,99.91000366210938,94.00257873535156,7150200.0
2024-03-18 00:00:00-04:00,100.37000274658203,101.13999938964844,99.79000091552734,99.8499984741211,93.94611358642578,1934100.0
2024-03-19 00:00:00-04:00,99.9800033569336,100.0,99.13999938964844,99.83000183105469,93.92729949951172,2395100.0
2024-03-20 00:00:00-04:00,99.19999694824219,102.48999786376953,99.0,102.29000091552734,96.24185180664062,2946600.0
2024-03-21 00:00:00-04:00,102.73999786376953,102.73999786376953,100.91999816894531,101.25,95.26334381103516,1462000.0
2024-03-22 00:00:00-04:00,101.37000274658203,101.8499984741211,100.62999725341797,100.9800033569336,95.00930786132812,1230600.0
2024-03-25 00:00:00-04:00,101.05000305175781,101.30999755859375,100.29000091552734,100.48999786376953,94.54827117919922,1400000.0
2024-03-26 00:00:00-04:00,101.94000244140625,101.95999908447266,100.70999908447266,101.13999938964844,95.15984344482422,2552400.0
2024-03-27 00:00:00-04:00,101.81999969482422,102.9800033569336,101.54000091552734,102.94999694824219,96.86282348632812,2273700.0
2024-03-28 00:00:00-04:00,103.04000091552734,103.30000305175781,102.12999725341797,102.27999877929688,96.23242950439453,1962100.0
2024-04-01 00:00:00-04:00,102.08000183105469,102.25,101.1500015258789,102.06999969482422,96.03485107421875,1319000.0
2024-04-02 00:00:00-04:00,103.75,104.3499984741211,102.88999938964844,104.18000030517578,98.02010345458984,2108500.0
2024-04-03 00:00:00-04:00,104.80000305175781,106.13999938964844,104.80000305175781,105.86000061035156,99.60076141357422,2178300.0
2024-04-04 00:00:00-04:00,106.54000091552734,106.69000244140625,104.0,104.4000015258789,98.22709655761719,1626800.0
2024-04-05 00:00:00-04:00,104.66000366210938,105.02999877929688,103.62999725341797,104.77999877929688,98.58462524414062,1081600.0
2024-04-08 00:00:00-04:00,104.93000030517578,105.2699966430664,103.66999816894531,103.83000183105469,97.6907958984375,1764300.0
2024-04-09 00:00:00-04:00,104.47000122070312,105.48999786376953,104.0999984741211,104.76000213623047,98.56580352783203,956400.0
2024-04-10 00:00:00-04:00,103.69999694824219,104.86000061035156,102.91000366210938,103.52999877929688,97.40853881835938,1425400.0
2024-04-11 00:00:00-04:00,103.5,103.79000091552734,102.62000274658203,102.91000366210938,96.82520294189453,1071100.0
2024-04-12 00:00:00-04:00,102.58999633789062,103.3499984741211,101.2300033569336,101.52999877929688,95.52678680419922,1427800.0
2024-04-15 00:00:00-04:00,102.16000366210938,102.62999725341797,99.62000274658203,100.45999908447266,94.52005004882812,1240400.0
2024-04-16 00:00:00-04:00,100.05999755859375,100.08999633789062,98.69999694824219,99.1500015258789,93.28751373291016,1371800.0
2024-04-17 00:00:00-04:00,99.81999969482422,100.27999877929688,99.13999938964844,99.69999694824219,93.80498504638672,1730000.0
2024-04-18 00:00:00-04:00,100.56999969482422,100.56999969482422,98.9000015258789,99.4000015258789,93.5227279663086,1954600.0
2024-04-19 00:00:00-04:00,99.69000244140625,100.81999969482422,99.16999816894531,100.73999786376953,94.78349304199219,2016400.0
2024-04-22 00:00:00-04:00,100.52999877929688,101.12999725341797,99.6500015258789,100.58999633789062,94.64236450195312,1513500.0
2024-04-23 00:00:00-04:00,99.7300033569336,100.95999908447266,99.62000274658203,100.55000305175781,94.60472869873047,1093900.0
2024-04-24 00:00:00-04:00,100.04000091552734,100.80999755859375,99.75,100.77999877929688,94.82112884521484,1127500.0
2024-04-25 00:00:00-04:00,100.69000244140625,101.0,99.19000244140625,99.68000030517578,93.78617095947266,1717900.0
2024-04-26 00:00:00-04:00,101.33000183105469,102.55000305175781,100.75,102.12999725341797,96.09130096435547,2651700.0
2024-04-29 00:00:00-04:00,102.55000305175781,102.81999969482422,100.94000244140625,101.69999694824219,95.68672943115234,1853100.0
2024-04-30 00:00:00-04:00,101.08000183105469,101.41999816894531,99.86000061035156,99.97000122070312,94.05902862548828,2443600.0
2024-05-01 00:00:00-04:00,100.30000305175781,100.7699966430664,99.01000213623047,99.5199966430664,93.63563537597656,1935700.0
2024-05-02 00:00:00-04:00,99.88999938964844,100.51000213623047,98.48999786376953,98.77999877929688,92.93938446044922,1597500.0
2024-05-03 00:00:00-04:00,99.08999633789062,99.7699966430664,98.9000015258789,99.12000274658203,93.25929260253906,1507000.0
2024-05-06 00:00:00-04:00,100.0,100.48999786376953,99.25,99.73999786376953,93.84262084960938,1621000.0
2024-05-07 00:00:00-04:00,100.11000061035156,102.61000061035156,99.56999969482422,101.44999694824219,95.45150756835938,2684600.0
2024-05-08 00:00:00-04:00,100.88999938964844,107.0199966430664,100.48999786376953,102.18000030517578,96.13835144042969,3123200.0
2024-05-09 00:00:00-04:00,102.22000122070312,103.0199966430664,101.4000015258789,101.62999725341797,95.62086486816406,1941400.0
2024-05-10 00:00:00-04:00,102.12999725341797,102.44000244140625,101.06999969482422,101.37000274658203,95.3762435913086,1447000.0
2024-05-13 00:00:00-04:00,101.58000183105469,102.08999633789062,101.12000274658203,101.31999969482422,95.3292007446289,975800.0
2024-05-14 00:00:00-04:00,101.43000030517578,101.94000244140625,101.20999908447266,101.5199966430664,95.51737213134766,1166300.0
2024-05-15 00:00:00-04:00,101.81999969482422,101.94000244140625,99.94000244140625,100.2699966430664,94.34127807617188,1174500.0
2024-05-16 00:00:00-04:00,100.0,100.5,99.69000244140625,99.94000244140625,94.03079986572266,1247900.0
2024-05-17 00:00:00-04:00,100.62000274658203,101.01000213623047,100.22000122070312,100.91000366210938,94.94345092773438,1280400.0
2024-05-20 00:00:00-04:00,100.91000366210938,100.9800033569336,99.91000366210938,100.0999984741211,94.18133544921875,1141100.0
2024-05-21 00:00:00-04:00,99.98999786376953,100.44000244140625,99.68000030517578,100.13999938964844,94.21897888183594,947500.0
2024-05-22 00:00:00-04:00,99.2300033569336,99.45999908447266,97.69999694824219,98.5199966430664,92.69476318359375,1720500.0
2024-05-23 00:00:00-04:00,98.48999786376953,98.48999786376953,97.31999969482422,97.41999816894531,91.65979766845703,1185100.0
2024-05-24 00:00:00-04:00,98.22000122070312,98.62999725341797,97.87999725341797,98.54000091552734,92.71357727050781,1370500.0
2024-05-28 00:00:00-04:00,98.63999938964844,99.95999908447266,98.37999725341797,98.70999908447266,92.87352752685547,1860700.0
2024-05-29 00:00:00-04:00,98.0199966430664,98.12000274658203,96.7699966430664,96.81999969482422,91.09527587890625,1166200.0
2024-05-30 00:00:00-04:00,96.91999816894531,97.61000061035156,96.69999694824219,97.30000305175781,91.5468978881836,951900.0
2024-05-31 00:00:00-04:00,97.30000305175781,99.55000305175781,97.18000030517578,99.41999816894531,93.54154205322266,2789500.0
2024-06-03 00:00:00-04:00,97.79000091552734,97.93000030517578,94.4800033569336,95.5,91.0809326171875,2770300.0
2024-06-04 00:00:00-04:00,94.75,95.29000091552734,94.36000061035156,94.43000030517578,90.0604476928711,1713800.0
2024-06-05 00:00:00-04:00,94.30000305175781,95.4000015258789,94.16000366210938,95.05999755859375,90.66128540039062,1725400.0
2024-06-06 00:00:00-04:00,94.86000061035156,95.7300033569336,94.80999755859375,95.23999786376953,90.83296203613281,1237200.0
2024-06-07 00:00:00-04:00,94.76000213623047,96.7699966430664,94.66999816894531,96.05999755859375,91.6150131225586,1652000.0
2024-06-10 00:00:00-04:00,95.16999816894531,96.0199966430664,93.98999786376953,95.55999755859375,91.13814544677734,1900000.0
2024-06-11 00:00:00-04:00,95.27999877929688,96.33000183105469,94.80999755859375,96.33000183105469,91.87252807617188,1439500.0
2024-06-12 00:00:00-04:00,97.68000030517578,98.25,95.68000030517578,95.91000366210938,91.47196960449219,1447600.0
2024-06-13 00:00:00-04:00,95.52999877929688,95.93000030517578,94.43000030517578,95.55999755859375,91.13814544677734,1430100.0
2024-06-14 00:00:00-04:00,94.91000366210938,95.54000091552734,93.30999755859375,93.54000091552734,89.21161651611328,1395300.0
2024-06-17 00:00:00-04:00,93.44999694824219,94.04000091552734,92.56999969482422,93.94999694824219,89.60264587402344,1336700.0
2024-06-18 00:00:00-04:00,94.5,95.6500015258789,94.01000213623047,95.37999725341797,90.96647644042969,1704600.0
2024-06-20 00:00:00-04:00,95.2300033569336,96.0199966430664,94.33000183105469,95.05000305175781,90.65174865722656,1951900.0
2024-06-21 00:00:00-04:00,94.79000091552734,95.3499984741211,94.02999877929688,95.20999908447266,90.8043441772461,4444400.0
2024-06-24 00:00:00-04:00,95.48999786376953,97.7300033569336,95.4800033569336,97.5199966430664,93.00746154785156,1911900.0
2024-06-25 00:00:00-04:00,97.16000366210938,97.6500015258789,95.19000244140625,95.4800033569336,91.06185913085938,1594700.0
2024-06-26 00:00:00-04:00,94.97000122070312,95.9800033569336,94.5,95.77999877929688,91.34796905517578,1379000.0
2024-06-27 00:00:00-04:00,95.72000122070312,96.44000244140625,95.33999633789062,95.83000183105469,91.39566040039062,2398800.0
2024-06-28 00:00:00-04:00,96.04000091552734,96.98999786376953,95.43000030517578,95.66000366210938,91.23353576660156,3049100.0
2024-07-01 00:00:00-04:00,95.9800033569336,96.75,94.26000213623047,94.63999938964844,90.2607192993164,1339900.0
2024-07-02 00:00:00-04:00,94.83000183105469,95.19999694824219,94.20999908447266,94.93000030517578,90.53730773925781,1281900.0
2024-07-03 00:00:00-04:00,94.86000061035156,95.70999908447266,94.80000305175781,95.16999816894531,90.76619720458984,595900.0
2024-07-05 00:00:00-04:00,94.51000213623047,94.91000366210938,93.0,93.58000183105469,89.24977111816406,1348000.0
2024-07-08 00:00:00-04:00,93.95999908447266,94.87000274658203,93.76000213623047,94.44999694824219,90.07951354980469,1271100.0
2024-07-09 00:00:00-04:00,93.9800033569336,94.44999694824219,92.95999908447266,93.19999694824219,88.8873519897461,1100600.0
2024-07-10 00:00:00-04:00,93.54000091552734,93.88999938964844,91.66000366210938,92.8499984741211,88.55355834960938,2211600.0
2024-07-11 00:00:00-04:00,93.30000305175781,94.58999633789062,92.95999908447266,94.16000366210938,89.80294036865234,1885400.0
2024-07-12 00:00:00-04:00,94.80999755859375,95.58999633789062,94.0999984741211,95.05999755859375,90.66128540039062,1152100.0
2024-07-15 00:00:00-04:00,95.13999938964844,96.16999816894531,94.72000122070312,95.6500015258789,91.22399139404297,1087500.0
2024-07-16 00:00:00-04:00,95.54000091552734,97.94000244140625,95.37000274658203,97.76000213623047,93.2363510131836,1102200.0
2024-07-17 00:00:00-04:00,98.05999755859375,99.33000183105469,97.8499984741211,98.73999786376953,94.17100524902344,1526900.0
2024-07-18 00:00:00-04:00,98.13999938964844,99.7699966430664,98.13999938964844,98.19000244140625,93.6464614868164,1009400.0
2024-07-19 00:00:00-04:00,98.20999908447266,98.48999786376953,96.37000274658203,97.0,92.51152038574219,1344400.0
2024-07-22 00:00:00-04:00,97.0,97.94000244140625,96.27999877929688,97.47000122070312,92.95977020263672,1124700.0
2024-07-23 00:00:00-04:00,97.0,97.23999786376953,95.61000061035156,96.08000183105469,91.63408660888672,1309700.0
2024-07-24 00:00:00-04:00,96.37999725341797,96.83999633789062,95.26000213623047,95.27999877929688,90.87110137939453,915800.0
2024-07-25 00:00:00-04:00,93.86000061035156,97.52999877929688,93.33000183105469,96.5999984741211,92.1300277709961,1325600.0
2024-07-26 00:00:00-04:00,96.66000366210938,97.55000305175781,96.3499984741211,97.26000213623047,92.75949096679688,1113500.0
2024-07-29 00:00:00-04:00,97.6500015258789,97.6500015258789,96.69999694824219,97.38999938964844,92.88346862792969,1099000.0
2024-07-30 00:00:00-04:00,97.37999725341797,98.75,97.19999694824219,98.26000213623047,93.71321105957031,1155800.0
2024-07-31 00:00:00-04:00,98.91000366210938,100.45999908447266,98.91000366210938,99.45999908447266,94.8576889038086,1629800.0
2024-08-01 00:00:00-04:00,99.62999725341797,100.26000213623047,97.20999908447266,98.13999938964844,93.59877014160156,1663500.0
2024-08-02 00:00:00-04:00,95.13999938964844,96.3499984741211,93.22000122070312,94.38999938964844,90.02229309082031,2611700.0
2024-08-05 00:00:00-04:00,92.43000030517578,93.13999938964844,91.41000366210938,92.55999755859375,88.2769775390625,2192100.0
2024-08-06 00:00:00-04:00,94.01000213623047,97.11000061035156,93.75,95.55999755859375,91.13814544677734,2528500.0
2024-08-07 00:00:00-04:00,96.63999938964844,98.08999633789062,94.80999755859375,94.83999633789062,90.45146179199219,1912500.0
2024-08-08 00:00:00-04:00,95.36000061035156,96.66000366210938,95.27999877929688,96.19999694824219,91.74854278564453,1226300.0
2024-08-09 00:00:00-04:00,96.0999984741211,97.31999969482422,95.4000015258789,96.86000061035156,92.37799835205078,1431900.0
2024-08-12 00:00:00-04:00,97.19999694824219,97.33000183105469,95.43000030517578,95.73999786376953,91.30982208251953,1022200.0
2024-08-13 00:00:00-04:00,95.66999816894531,96.73999786376953,95.44999694824219,96.62999725341797,92.15863800048828,905200.0
2024-08-14 00:00:00-04:00,96.76000213623047,97.5,95.87999725341797,96.19000244140625,91.73900604248047,903400.0
2024-08-15 00:00:00-04:00,97.5,98.47000122070312,97.16999816894531,97.44000244140625,92.93115997314453,1074200.0
2024-08-16 00:00:00-04:00,97.20999908447266,97.5999984741211,96.66999816894531,97.06999969482422,92.57827758789062,3472400.0
2024-08-19 00:00:00-04:00,97.3499984741211,97.69000244140625,96.72000122070312,96.95999908447266,92.4733657836914,1462800.0
2024-08-20 00:00:00-04:00,96.62000274658203,97.20999908447266,96.4800033569336,96.55999755859375,92.09188079833984,1707300.0
2024-08-21 00:00:00-04:00,97.25,97.51000213623047,96.66999816894531,96.91000366210938,92.42568969726562,1050800.0
2024-08-22 00:00:00-04:00,96.97000122070312,97.25,96.05999755859375,96.33999633789062,91.8820571899414,2182700.0
2024-08-23 00:00:00-04:00,96.93000030517578,98.52999877929688,96.86000061035156,98.29000091552734,93.74182891845703,2222900.0
2024-08-26 00:00:00-04:00,97.8499984741211,99.36000061035156,97.51000213623047,97.87000274658203,94.63138580322266,1330900.0
2024-08-27 00:00:00-04:00,97.80000305175781,97.94000244140625,97.12999725341797,97.70999908447266,94.47667694091797,1138700.0
2024-08-28 00:00:00-04:00,96.94000244140625,97.80999755859375,96.62999725341797,97.72000122070312,94.4863510131836,1267000.0
2024-08-29 00:00:00-04:00,98.4000015258789,99.0199966430664,97.12000274658203,98.16999816894531,94.92145538330078,1194900.0
2024-08-30 00:00:00-04:00,98.12000274658203,98.93000030517578,97.41999816894531,98.69999694824219,95.43391418457031,3213500.0
2024-09-03 00:00:00-04:00,97.38999938964844,97.83999633789062,95.23999786376953,95.72000122070312,92.55252838134766,1784400.0
2024-09-04 00:00:00-04:00,96.1500015258789,96.48999786376953,94.70999908447266,94.87000274658203,91.73065948486328,1714100.0
2024-09-05 00:00:00-04:00,95.12000274658203,95.13999938964844,93.69999694824219,94.2300033569336,91.1118392944336,1584300.0
2024-09-06 00:00:00-04:00,94.05000305175781,94.86000061035156,92.81999969482422,93.48999786376953,90.39632415771484,2257100.0
2024-09-09 00:00:00-04:00,93.58000183105469,95.36000061035156,93.58000183105469,94.77999877929688,91.64363098144531,2138800.0
2024-09-10 00:00:00-04:00,94.7699966430664,94.81999969482422,93.43000030517578,93.79000091552734,90.6864013671875,1789600.0
2024-09-11 00:00:00-04:00,93.95999908447266,94.22000122070312,92.1500015258789,93.95999908447266,90.85076904296875,1606800.0
2024-09-12 00:00:00-04:00,93.87000274658203,94.20999908447266,92.55000305175781,93.86000061035156,90.75408172607422,1315100.0
2024-09-13 00:00:00-04:00,94.44000244140625,94.80000305175781,93.04000091552734,93.18000030517578,90.0965805053711,2321700.0
2024-09-16 00:00:00-04:00,93.62999725341797,94.80000305175781,93.37000274658203,94.08000183105469,90.966796875,1412800.0
2024-09-17 00:00:00-04:00,94.33999633789062,95.66999816894531,94.26000213623047,94.98999786376953,91.84668731689453,1161800.0
2024-09-18 00:00:00-04:00,95.2699966430664,95.66999816894531,93.81999969482422,93.94000244140625,90.83142852783203,2483000.0
2024-09-19 00:00:00-04:00,95.5,96.72000122070312,94.5,96.08999633789062,92.9102783203125,2768000.0
2024-09-20 00:00:00-04:00,94.83000183105469,95.11000061035156,93.12000274658203,94.04000091552734,90.9281234741211,8485500.0
2024-09-23 00:00:00-04:00,94.30999755859375,95.30000305175781,93.37000274658203,93.5999984741211,90.50267791748047,3126300.0
2024-09-24 00:00:00-04:00,94.80000305175781,96.48999786376953,94.70999908447266,96.0999984741211,92.91995239257812,2283100.0
2024-09-25 00:00:00-04:00,96.2699966430664,96.38999938964844,94.5199966430664,94.86000061035156,91.72099304199219,2044500.0
2024-09-26 00:00:00-04:00,95.7300033569336,96.3499984741211,95.30000305175781,96.11000061035156,92.92962646484375,2364600.0
2024-09-27 00:00:00-04:00,97.01000213623047,97.5999984741211,96.23999786376953,96.43000030517578,93.2390365600586,2075000.0
2024-09-30 00:00:00-04:00,96.63999938964844,97.4000015258789,95.33000183105469,95.9000015258789,92.72657775878906,1708700.0
2024-10-01 00:00:00-04:00,95.75,96.5199966430664,95.48999786376953,95.80999755859375,92.6395492553711,2143300.0
2024-10-02 00:00:00-04:00,96.1500015258789,96.61000061035156,95.16999816894531,95.27999877929688,92.12708282470703,1769300.0
2024-10-03 00:00:00-04:00,95.08999633789062,95.33000183105469,94.18000030517578,94.87000274658203,91.73065948486328,1907800.0
2024-10-04 00:00:00-04:00,95.87999725341797,96.80999755859375,95.7300033569336,96.75,93.54844665527344,1729000.0
2024-10-07 00:00:00-04:00,96.3499984741211,96.5199966430664,95.1500015258789,95.38999938964844,92.23345184326172,1528400.0
2024-10-08 00:00:00-04:00,94.25,94.5999984741211,93.66999816894531,94.0999984741211,90.98613739013672,1913300.0
2024-10-09 00:00:00-04:00,94.0,94.81999969482422,93.94999694824219,94.2699966430664,91.15050506591797,1463200.0
2024-10-10 00:00:00-04:00,94.38999938964844,95.26000213623047,93.8499984741211,94.66000366210938,91.5276107788086,1636600.0
2024-10-11 00:00:00-04:00,94.5999984741211,95.2699966430664,93.7699966430664,93.79000091552734,90.6864013671875,1766600.0
2024-10-14 00:00:00-04:00,93.69000244140625,93.80000305175781,92.91999816894531,93.44000244140625,90.34797668457031,1797500.0
2024-10-15 00:00:00-04:00,92.58000183105469,93.0999984741211,91.7699966430664,92.06999969482422,89.02330780029297,2170400.0
2024-10-16 00:00:00-04:00,92.11000061035156,93.02999877929688,91.66999816894531,91.91999816894531,88.8782730102539,1798200.0
2024-10-17 00:00:00-04:00,92.3499984741211,92.62999725341797,91.11000061035156,91.58999633789062,88.55918884277344,1713700.0
2024-10-18 00:00:00-04:00,92.12999725341797,92.13999938964844,90.80999755859375,91.48999786376953,88.4625015258789,1669600.0
2024-10-21 00:00:00-04:00,91.58999633789062,91.63999938964844,89.5999984741211,89.73999786376953,86.77041625976562,1956700.0
2024-10-22 00:00:00-04:00,89.75,89.88999938964844,88.66000366210938,89.51000213623047,86.54802703857422,1530000.0
2024-10-23 00:00:00-04:00,88.7699966430664,89.1500015258789,88.19000244140625,88.87000274658203,85.92920684814453,1753700.0
2024-10-24 00:00:00-04:00,89.5,89.5,87.83999633789062,88.48999786376953,85.56177520751953,1663700.0
2024-10-25 00:00:00-04:00,88.2300033569336,88.55000305175781,87.41000366210938,87.5,84.60453033447266,2086400.0
2024-10-28 00:00:00-04:00,87.33999633789062,87.83999633789062,86.87000274658203,87.72000122070312,84.8172607421875,1645300.0
2024-10-29 00:00:00-04:00,87.4000015258789,87.58000183105469,86.94999694824219,87.18000030517578,84.29512786865234,1750100.0
2024-10-30 00:00:00-04:00,87.08000183105469,88.16000366210938,86.73999786376953,87.1500015258789,84.26612091064453,1793900.0
2024-10-31 00:00:00-04:00,87.16999816894531,87.70999908447266,86.83000183105469,86.8499984741211,83.97604370117188,3521100.0
2024-11-01 00:00:00-04:00,87.19999694824219,88.79000091552734,85.63999938964844,86.55999755859375,83.69564819335938,2468900.0
2024-11-04 00:00:00-05:00,85.80999755859375,86.37000274658203,84.04000091552734,84.19000244140625,81.40406799316406,3501200.0
2024-11-05 00:00:00-05:00,84.12999725341797,85.4000015258789,83.36000061035156,85.37000274658203,82.5450210571289,3562800.0
2024-11-06 00:00:00-05:00,87.58999633789062,88.19999694824219,85.47000122070312,86.43000030517578,83.56993865966797,3842600.0
2024-11-07 00:00:00-05:00,86.70999908447266,87.55999755859375,86.38999938964844,87.33000183105469,84.44017028808594,2417100.0
2024-11-08 00:00:00-05:00,86.0999984741211,86.44999694824219,84.48999786376953,85.30000305175781,82.47734069824219,3327900.0
2024-11-11 00:00:00-05:00,85.19000244140625,85.8499984741211,84.70999908447266,84.97000122070312,82.15825653076172,1958800.0
2024-11-12 00:00:00-05:00,84.77999877929688,85.11000061035156,83.4800033569336,83.5999984741211,80.8335952758789,1948500.0
2024-11-13 00:00:00-05:00,83.37000274658203,83.80000305175781,83.0199966430664,83.44000244140625,80.67889404296875,1388600.0
2024-11-14 00:00:00-05:00,83.62000274658203,83.7300033569336,82.19999694824219,82.55999755859375,79.8280029296875,1938900.0
2024-11-15 00:00:00-05:00,82.63999938964844,83.31999969482422,82.2699966430664,82.6500015258789,79.91503143310547,2236300.0
2024-11-18 00:00:00-05:00,83.18000030517578,83.47000122070312,82.76000213623047,83.19999694824219,80.44683074951172,1712300.0
2024-11-19 00:00:00-05:00,82.48999786376953,82.73999786376953,81.91000366210938,82.19999694824219,79.47991943359375,2364500.0
2024-11-20 00:00:00-05:00,82.19999694824219,82.58000183105469,81.44999694824219,82.4800033569336,79.75065612792969,2305900.0
2024-11-21 00:00:00-05:00,82.55000305175781,83.2300033569336,82.13999938964844,82.80000305175781,80.06007385253906,3462400.0
2024-11-22 00:00:00-05:00,82.5199966430664,84.25,82.41000366210938,83.87000274658203,81.09466552734375,3268400.0
2024-11-25 00:00:00-05:00,84.5,85.25,83.81999969482422,84.05999755859375,81.27836608886719,5618300.0
2024-11-26 00:00:00-05:00,83.9000015258789,83.93000030517578,81.61000061035156,82.13999938964844,79.42190551757812,3046700.0
2024-11-27 00:00:00-05:00,82.26000213623047,83.5,82.16999816894531,83.04000091552734,80.29212951660156,2625500.0
2024-11-29 00:00:00-05:00,83.05999755859375,83.45999908447266,82.7300033569336,83.33999633789062,80.58219909667969,1683300.0
2024-12-02 00:00:00-05:00,81.94000244140625,82.33000183105469,81.05999755859375,82.05000305175781,80.63133239746094,1844600.0
2024-12-03 00:00:00-05:00,82.23999786376953,82.26000213623047,80.62000274658203,80.77999877929688,79.38328552246094,2453800.0
2024-12-04 00:00:00-05:00,80.0,80.0,77.37999725341797,77.94999694824219,76.60221862792969,5921500.0
2024-12-05 00:00:00-05:00,77.75,78.0999984741211,76.22000122070312,77.41000366210938,76.07156372070312,4741400.0
2024-12-06 00:00:00-05:00,77.61000061035156,77.97000122070312,75.9800033569336,76.38999938964844,75.0691909790039,4269800.0
2024-12-09 00:00:00-05:00,77.44999694824219,78.87999725341797,76.80000305175781,77.30999755859375,75.97328186035156,3301200.0
2024-12-10 00:00:00-05:00,76.88999938964844,78.44000244140625,76.1500015258789,77.63999938964844,76.2975845336914,3802900.0
2024-12-11 00:00:00-05:00,77.33999633789062,77.62999725341797,76.31999969482422,76.44999694824219,75.1281509399414,2836000.0
2024-12-12 00:00:00-05:00,76.0,77.1500015258789,76.0,76.18000030517578,74.86282348632812,2418700.0
2024-12-13 00:00:00-05:00,76.19999694824219,76.20999908447266,74.91999816894531,75.66999816894531,74.36164093017578,2606100.0
2024-12-16 00:00:00-05:00,75.0,76.13999938964844,74.5999984741211,74.68000030517578,73.38876342773438,3125500.0
2024-12-17 00:00:00-05:00,75.0,76.3499984741211,75.0,75.44000244140625,74.1356201171875,2889400.0
2024-12-18 00:00:00-05:00,75.36000061035156,76.83000183105469,74.76000213623047,74.80000305175781,73.5066909790039,4329400.0
2024-12-19 00:00:00-05:00,74.76000213623047,75.47000122070312,72.95999908447266,72.97000122070312,71.70832824707031,4604200.0
2024-12-20 00:00:00-05:00,72.97000122070312,74.37000274658203,72.94000244140625,73.5,72.22916412353516,6761100.0
2024-12-23 00:00:00-05:00,73.68000030517578,74.22000122070312,73.12000274658203,74.01000213623047,72.7303466796875,2740500.0
2024-12-24 00:00:00-05:00,73.66999816894531,74.3499984741211,73.4000015258789,74.12000274658203,72.83844757080078,1016400.0
2024-12-26 00:00:00-05:00,73.87999725341797,74.83000183105469,73.81999969482422,74.3499984741211,73.06446838378906,1758700.0
2024-12-27 00:00:00-05:00,74.19999694824219,75.0199966430664,73.93000030517578,74.13999938964844,72.85809326171875,1654900.0
2024-12-30 00:00:00-05:00,73.91000366210938,74.02999877929688,72.93000030517578,73.18000030517578,71.9146957397461,2254200.0
2024-12-31 00:00:00-05:00,73.19999694824219,74.55999755859375,73.05999755859375,74.2699966430664,72.98584747314453,2268700.0
2025-01-02 00:00:00-05:00,74.44999694824219,75.16999816894531,72.6500015258789,72.77999877929688,71.52161407470703,2888300.0
2025-01-03 00:00:00-05:00,72.94999694824219,73.30000305175781,72.20999908447266,72.7699966430664,71.51177978515625,3663300.0
2025-01-06 00:00:00-05:00,73.25,74.12000274658203,73.1500015258789,73.86000061035156,72.58293914794922,3073900.0
2025-01-07 00:00:00-05:00,73.55000305175781,74.94000244140625,73.48999786376953,73.9000015258789,72.62224578857422,2819300.0
2025-01-08 00:00:00-05:00,73.26000213623047,73.5,72.20999908447266,73.02999877929688,71.76728820800781,1867000.0
2025-01-10 00:00:00-05:00,72.80000305175781,73.08999633789062,72.22000122070312,72.4800033569336,71.22679901123047,3955800.0
2025-01-13 00:00:00-05:00,72.69999694824219,75.19000244140625,72.58999633789062,75.1500015258789,73.85063934326172,3653200.0
2025-01-14 00:00:00-05:00,75.4000015258789,75.7699966430664,74.70999908447266,75.30999755859375,74.00786590576172,2353400.0
2025-01-15 00:00:00-05:00,76.05999755859375,76.44999694824219,75.70999908447266,76.08000183105469,74.76455688476562,1973200.0
2025-01-16 00:00:00-05:00,75.7300033569336,76.91000366210938,75.38999938964844,76.62999725341797,75.30503845214844,2775300.0
2025-01-17 00:00:00-05:00,77.13999938964844,77.69999694824219,76.9000015258789,77.30000305175781,75.96346282958984,1866500.0
2025-01-21 00:00:00-05:00,77.81999969482422,78.5,77.38999938964844,77.7300033569336,76.38603210449219,2361400.0
2025-01-22 00:00:00-05:00,77.47000122070312,78.02999877929688,77.05999755859375,77.08000183105469,75.74726867675781,1911900.0
2025-01-23 00:00:00-05:00,77.33000183105469,77.61000061035156,76.80000305175781,77.36000061035156,76.02242279052734,3684500.0
2025-01-24 00:00:00-05:00,77.54000091552734,77.9800033569336,76.87999725341797,77.36000061035156,76.02242279052734,1644500.0
2025-01-27 00:00:00-05:00,77.88999938964844,78.7300033569336,77.44999694824219,78.66999816894531,77.30976867675781,2372400.0
2025-01-28 00:00:00-05:00,78.8499984741211,79.38999938964844,78.04000091552734,78.30999755859375,76.95599365234375,1878100.0
2025-01-29 00:00:00-05:00,77.79000091552734,78.72000122070312,77.62000274658203,77.86000061035156,76.51377868652344,1726300.0
2025-01-30 00:00:00-05:00,77.37999725341797,77.7300033569336,74.3499984741211,76.12000274658203,74.80386352539062,3623700.0
2025-01-31 00:00:00-05:00,77.83999633789062,79.0999984741211,75.16000366210938,75.69999694824219,74.39112091064453,6488700.0
2025-02-03 00:00:00-05:00,74.77999877929688,76.4800033569336,73.2699966430664,76.30000305175781,74.98075103759766,3461600.0
2025-02-04 00:00:00-05:00,76.93000030517578,78.97000122070312,76.79000091552734,78.23999786376953,76.88720703125,3934500.0
2025-02-05 00:00:00-05:00,77.66999816894531,77.86000061035156,76.80000305175781,76.98999786376953,75.65882110595703,3073000.0
2025-02-06 00:00:00-05:00,77.3499984741211,77.94000244140625,77.13999938964844,77.75,76.40567779541016,2050700.0
2025-02-07 00:00:00-05:00,78.02999877929688,78.22000122070312,76.44000244140625,76.61000061035156,75.28539276123047,2164900.0
2025-02-10 00:00:00-05:00,77.31999969482422,77.41999816894531,75.5,75.83999633789062,74.52870178222656,2263100.0
2025-02-11 00:00:00-05:00,75.94999694824219,76.55000305175781,75.33000183105469,76.41999816894531,75.09867095947266,3302100.0
2025-02-12 00:00:00-05:00,75.80000305175781,76.1500015258789,75.51000213623047,75.88999938964844,74.57784271240234,2009100.0
2025-02-13 00:00:00-05:00,76.06999969482422,76.72000122070312,75.75,76.23999786376953,74.92178344726562,1891700.0
2025-02-14 00:00:00-05:00,77.05000305175781,78.2300033569336,76.66999816894531,76.69999694824219,75.37383270263672,1481300.0
2025-02-18 00:00:00-05:00,77.25,78.5199966430664,76.94000244140625,78.22000122070312,76.8675537109375,2343900.0
2025-02-19 00:00:00-05:00,76.79000091552734,78.05999755859375,76.55999755859375,77.5,76.16000366210938,1856700.0
2025-02-20 00:00:00-05:00,77.47000122070312,78.1500015258789,77.29000091552734,77.61000061035156,76.26810455322266,1725400.0
2025-02-21 00:00:00-05:00,77.68000030517578,78.06999969482422,76.62000274658203,76.95999908447266,75.62934112548828,2443700.0
2025-02-24 00:00:00-05:00,76.80000305175781,77.58000183105469,76.0,77.30999755859375,75.97328186035156,1897800.0
2025-02-25 00:00:00-05:00,77.68000030517578,78.33000183105469,77.20999908447266,77.62999725341797,76.28775024414062,2241000.0
2025-02-26 00:00:00-05:00,77.88999938964844,78.0,75.66000366210938,76.19999694824219,74.88247680664062,1581400.0
2025-02-27 00:00:00-05:00,75.72000122070312,76.73999786376953,74.66000366210938,75.98999786376953,74.67610931396484,1491600.0
2025-02-28 00:00:00-05:00,76.12000274658203,77.08000183105469,75.98999786376953,76.83000183105469,75.5015869140625,3770600.0
2025-03-03 00:00:00-05:00,77.87000274658203,77.87000274658203,73.36000061035156,73.41000366210938,72.1407241821289,3387300.0
2025-03-04 00:00:00-05:00,73.62000274658203,74.88999938964844,72.86000061035156,73.47000122070312,72.1996841430664,4321000.0
2025-03-05 00:00:00-05:00,74.41999816894531,76.62999725341797,74.37999725341797,76.20999908447266,74.89230346679688,3081300.0
2025-03-06 00:00:00-05:00,75.4000015258789,76.30999755859375,74.94000244140625,75.91000366210938,74.59749603271484,2104700.0
2025-03-07 00:00:00-05:00,75.44999694824219,77.72000122070312,75.18000030517578,77.5,76.16000366210938,3224000.0
2025-03-10 00:00:00-04:00,76.80999755859375,78.41000366210938,76.3499984741211,76.54000091552734,76.54000091552734,3319400.0
2025-03-11 00:00:00-04:00,76.95999908447266,77.0,73.13999938964844,73.95999908447266,73.95999908447266,3878000.0
2025-03-12 00:00:00-04:00,73.83999633789062,73.94000244140625,71.9800033569336,72.19000244140625,72.19000244140625,2844600.0
2025-03-13 00:00:00-04:00,72.0,73.9000015258789,71.80999755859375,72.61000061035156,72.61000061035156,2513200.0
2025-03-14 00:00:00-04:00,73.8499984741211,74.52999877929688,73.4800033569336,74.1500015258789,74.1500015258789,1941900.0
2025-03-17 00:00:00-04:00,74.01000213623047,75.55999755859375,74.01000213623047,75.1500015258789,75.1500015258789,2365200.0
2025-03-18 00:00:00-04:00,75.44000244140625,75.62000274658203,74.68000030517578,75.08999633789062,75.08999633789062,1929800.0
2025-03-19 00:00:00-04:00,75.0199966430664,75.3499984741211,73.3499984741211,73.66000366210938,73.66000366210938,2543100.0
2025-03-20 00:00:00-04:00,73.18000030517578,73.18000030517578,72.27999877929688,72.69000244140625,72.69000244140625,2642600.0
2025-03-21 00:00:00-04:00,72.06999969482422,72.19000244140625,70.75,71.55000305175781,71.55000305175781,12985500.0
2025-03-24 00:00:00-04:00,72.0,72.5,71.37999725341797,71.95999908447266,71.95999908447266,3432100.0
2025-03-25 00:00:00-04:00,71.9800033569336,72.12000274658203,69.79000091552734,69.8499984741211,69.8499984741211,3030700.0
2025-03-26 00:00:00-04:00,69.86000061035156,71.12000274658203,69.80999755859375,71.05999755859375,71.05999755859375,3025800.0
2025-03-27 00:00:00-04:00,70.3499984741211,71.37999725341797,70.0999984741211,70.94999694824219,70.94999694824219,3278000.0
2025-03-28 00:00:00-04:00,70.9000015258789,71.33000183105469,69.73999786376953,69.81999969482422,69.81999969482422,2586500.0
2025-03-31 00:00:00-04:00,69.37000274658203,71.0,69.1500015258789,70.4000015258789,70.4000015258789,3708300.0
2025-04-01 00:00:00-04:00,69.83999633789062,70.08000183105469,69.12000274658203,70.04000091552734,70.04000091552734,3634300.0
2025-04-02 00:00:00-04:00,69.31999969482422,70.83000183105469,69.30999755859375,70.6500015258789,70.6500015258789,2495900.0
2025-04-03 00:00:00-04:00,68.01000213623047,68.66999816894531,62.91999816894531,63.11000061035156,63.11000061035156,6910000.0
2025-04-04 00:00:00-04:00,60.619998931884766,60.70000076293945,57.56999969482422,57.97999954223633,57.97999954223633,7972500.0
2025-04-07 00:00:00-04:00,55.560001373291016,59.689998626708984,54.11000061035156,56.599998474121094,56.599998474121094,7519900.0
2025-04-08 00:00:00-04:00,59.11000061035156,59.58000183105469,52.5,53.22999954223633,53.22999954223633,7185400.0
2025-04-09 00:00:00-04:00,52.5,61.599998474121094,51.11000061035156,59.83000183105469,59.83000183105469,11315900.0
2025-04-10 00:00:00-04:00,57.959999084472656,58.029998779296875,53.29999923706055,54.34000015258789,54.34000015258789,7793200.0
2025-04-11 00:00:00-04:00,54.040000915527344,56.97999954223633,52.79999923706055,56.88999938964844,56.88999938964844,5784300.0
2025-04-14 00:00:00-04:00,58.29999923706055,58.59000015258789,55.95000076293945,57.45000076293945,57.45000076293945,4338600.0
2025-04-15 00:00:00-04:00,57.09000015258789,57.689998626708984,56.459999084472656,56.70000076293945,56.70000076293945,4167200.0
2025-04-16 00:00:00-04:00,56.709999084472656,57.564998626708984,56.15999984741211,56.41999816894531,56.41999816894531,639904.0
